0 0 0
1 0.4 0.133771
2 0.7 0.206474
3 0.85 0.232549
4 1 0.205196
5 1.1 0.203909
6 1.1 0.203909
7 1.15 0.220943
8 1.15 0.220943
9 1.15 0.220943
10 1.15 0.220943
11 1.1 0.228266
12 1.1 0.228266
13 1.1 0.228266
14 1.1 0.228266
15 1.1 0.228266
16 1.15 0.254176
17 1.15 0.254176
18 1.15 0.254176
19 1.15 0.254176
20 1.15 0.254176
21 1.2 0.28654
22 1.25 0.289055
23 1.3 0.281911
24 1.3 0.281911
25 1.3 0.281911
26 1.25 0.279803
27 1.25 0.279803
28 1.25 0.279803
29 1.15 0.254176
30 1.2 0.267542
31 1.25 0.260314
32 1.3 0.291096
33 1.3 0.3
34 1.3 0.317059
35 1.25 0.323427
36 1.25 0.323427
37 1.25 0.323427
38 1.25 0.323427
39 1.2 0.329274
40 1.3 0.333246
41 1.2 0.321182
42 1.2 0.321182
43 1.2 0.321182
44 1.2 0.321182
45 1.2 0.321182
46 1.2 0.321182
47 1.2 0.321182
48 1.25 0.315186
49 1.25 0.315186
50 1.25 0.315186
51 1.3 0.308647
52 1.3 0.308647
53 1.3 0.308647
54 1.25 0.315186
55 1.25 0.315186
56 1.3 0.325253
57 1.25 0.323427
58 1.25 0.323427
59 1.3 0.317059
60 1.3 0.317059
61 1.3 0.317059
62 1.3 0.317059
63 1.4 0.335606
64 1.4 0.335606
65 1.45 0.336194
66 1.4 0.327671
67 1.4 0.327671
68 1.4 0.327671
69 1.4 0.327671
70 1.4 0.327671
71 1.35 0.301531
72 1.35 0.301531
73 1.4 0.327671
74 1.45 0.320156
75 1.45 0.320156
76 1.4 0.319539
77 1.4 0.319539
78 1.45 0.320156
79 1.5 0.320362
80 1.45 0.311828
81 1.45 0.311828
82 1.45 0.311828
83 1.35 0.301531
84 1.2 0.277204
85 1.2 0.277204
86 1.2 0.277204
87 1.15 0.243602
88 1.15 0.243602
89 1.15 0.243602
90 1.15 0.243602
91 1.15 0.274101
92 1.15 0.274101
93 1.1 0.280038
94 1.1 0.280038
95 1.1 0.239517
96 1.2 0.312881
97 1.2 0.312881
98 1.25 0.315186
99 1.25 0.315186
100 1.3 0.317059
101 1.3 0.317059
102 1.3 0.317059
103 1.35 0.326666
104 1.35 0.326666
105 1.35 0.334625
106 1.35 0.334625
107 1.35 0.334625
108 1.35 0.334625
109 1.4 0.327671
110 1.3 0.325253
111 1.3 0.325253
112 1.3 0.325253
113 1.35 0.334625
114 1.4 0.343358
115 1.35 0.35
116 1.35 0.35
117 1.4 0.350939
118 1.4 0.350939
119 1.4 0.350939
120 1.45 0.343932
121 1.45 0.343932
122 1.45 0.343932
123 1.45 0.343932
124 1.5 0.344124
125 1.5 0.344124
126 1.45 0.351501
127 1.55 0.358909
128 1.65 0.342399
129 1.65 0.342399
130 1.6 0.311195
131 1.65 0.310136
132 1.65 0.310136
133 1.65 0.310136
134 1.7 0.308647
135 1.65 0.310136
136 1.65 0.310136
137 1.6 0.311195
138 1.6 0.311195
139 1.6 0.311195
140 1.5 0.29469
141 1.45 0.303272
142 1.55 0.28539
143 1.55 0.28539
144 1.5 0.266557
145 1.5 0.266557
146 1.45 0.276015
147 1.45 0.276015
148 1.4 0.265568
149 1.4 0.265568
150 1.4 0.265568
151 1.35 0.264326
152 1.35 0.264326
153 1.35 0.264326
154 1.35 0.264326
155 1.35 0.264326
156 1.35 0.264326
157 1.25 0.25
158 1.25 0.260314
159 1.25 0.260314
160 1.25 0.260314
161 1.3 0.262578
162 1.35 0.254176
163 1.35 0.28354
164 1.4 0.275299
165 1.4 0.275299
166 1.4 0.275299
167 1.4 0.275299
168 1.4 0.275299
169 1.4 0.275299
170 1.4 0.275299
171 1.35 0.28354
172 1.45 0.311828
173 1.45 0.311828
174 1.5 0.312039
175 1.6 0.365629
176 1.65 0.364728
177 1.6 0.335606
178 1.55 0.343932
179 1.6 0.350939
180 1.6 0.350939
181 1.55 0.358909
182 1.6 0.372756
183 1.6 0.335606
184 1.65 0.334625
185 1.6 0.335606
186 1.6 0.335606
187 1.55 0.328273
188 1.55 0.328273
189 1.55 0.328273
190 1.5 0.312039
191 1.5 0.303488
192 1.55 0.294467
193 1.55 0.26631
194 1.55 0.26631
195 1.65 0.264326
196 1.6 0.265568
197 1.6 0.265568
198 1.6 0.265568
199 1.6 0.265568
200 1.65 0.292674
201 1.6 0.293795
202 1.6 0.293795
203 1.6 0.293795
204 1.6 0.30262
205 1.55 0.276015
206 1.6 0.275299
207 1.55 0.276015
208 1.6 0.275299
209 1.6 0.275299
210 1.55 0.276015
211 1.55 0.276015
212 1.45 0.26631
213 1.5 0.266557
214 1.5 0.266557
215 1.5 0.266557
216 1.5 0.266557
217 1.5 0.266557
218 1.45 0.26631
219 1.45 0.26631
220 1.5 0.28562
221 1.6 0.275299
222 1.6 0.275299
223 1.6 0.275299
224 1.6 0.275299
225 1.6 0.275299
226 1.65 0.274101
227 1.65 0.274101
228 1.65 0.274101
229 1.65 0.274101
230 1.65 0.274101
231 1.65 0.274101
232 1.65 0.274101
233 1.7 0.291096
234 1.7 0.291096
235 1.65 0.28354
236 1.6 0.293795
237 1.65 0.28354
238 1.75 0.306723
239 1.8 0.321182
240 1.8 0.321182
241 1.8 0.321182
242 1.8 0.321182
243 1.8 0.321182
244 1.8 0.321182
245 1.8 0.321182
246 1.75 0.306723
247 1.7 0.272416
248 1.75 0.270234
249 1.75 0.25
250 1.9 0.289282
251 1.9 0.289282
252 1.9 0.289282
253 1.85 0.274101
254 1.8 0.267542
255 1.85 0.28354
256 1.85 0.28354
257 1.85 0.28354
258 1.85 0.28354
259 1.85 0.28354
260 1.85 0.28354
261 1.9 0.289282
262 1.95 0.294467
263 1.95 0.294467
264 1.95 0.294467
265 1.95 0.294467
266 2 0.299122
267 1.9 0.280038
268 1.95 0.26631
269 1.95 0.294467
270 1.95 0.294467
271 1.95 0.294467
272 2 0.307794
273 2.1 0.29824
274 2.1 0.29824
275 2.05 0.303272
276 2.1 0.29824
277 2.05 0.294467
278 2.05 0.294467
279 2.05 0.294467
280 2.05 0.294467
281 2.05 0.294467
282 2 0.299122
283 2 0.299122
284 1.95 0.311828
285 2 0.299122
286 2 0.299122
287 1.95 0.294467
288 2 0.299122
289 2 0.299122
290 2 0.299122
291 2 0.299122
292 2 0.299122
293 2.05 0.294467
294 2.05 0.294467
295 2.1 0.306937
296 2.1 0.306937
297 2.05 0.311828
298 2.1 0.29824
299 2.15 0.318508
300 2.15 0.318508
301 2.15 0.318508
302 2.15 0.318508
303 2.15 0.318508
304 2.15 0.318508
305 2.1 0.29824
306 2.15 0.292674
307 2.1 0.29824
308 2.1 0.29824
309 2.05 0.294467
310 2.2 0.295581
311 2.2 0.295581
312 2.15 0.292674
313 2.15 0.318508
314 2.25 0.323427
315 2.3 0.333246
316 2.4 0.319539
317 2.4 0.319539
318 2.4 0.319539
319 2.35 0.292674
320 2.35 0.292674
321 2.25 0.270234
322 2.3 0.281911
323 2.25 0.279803
324 2.2 0.28654
325 2.2 0.28654
326 2.2 0.28654
327 2.2 0.28654
328 2.2 0.28654
329 2.2 0.295581
330 2.25 0.306723
331 2.2 0.28654
332 2.3 0.3
333 2.3 0.3
334 2.25 0.279803
335 2.2 0.267542
336 2.2 0.267542
337 2.25 0.279803
338 2.25 0.270234
339 2.3 0.272416
340 2.25 0.279803
341 2.2 0.267542
342 2.25 0.289055
343 2.25 0.289055
344 2.25 0.289055
345 2.3 0.281911
346 2.3 0.281911
347 2.35 0.28354
348 2.35 0.28354
349 2.3 0.281911
350 2.25 0.270234
351 2.3 0.272416
352 2.3 0.272416
353 2.3 0.272416
354 2.35 0.254176
355 2.35 0.254176
356 2.35 0.254176
357 2.25 0.260314
358 2.25 0.260314
359 2.3 0.262578
360 2.4 0.255467
361 2.35 0.254176
362 2.35 0.254176
363 2.25 0.260314
364 2.25 0.260314
365 2.25 0.260314
366 2.25 0.306723
367 2.2 0.304354
368 2.2 0.304354
369 2.2 0.312881
370 2.15 0.301531
371 2.1 0.306937
372 2.15 0.301531
373 2.2 0.295581
374 2.3 0.317059
375 2.35 0.318508
376 2.45 0.320156
377 2.45 0.320156
378 2.45 0.320156
379 2.5 0.320362
380 2.5 0.28562
381 2.5 0.28562
382 2.55 0.311828
383 2.55 0.311828
384 2.5 0.312039
385 2.5 0.312039
386 2.5 0.29469
387 2.5 0.29469
388 2.5 0.320362
389 2.55 0.328273
390 2.55 0.328273
391 2.45 0.328273
392 2.45 0.311828
393 2.5 0.320362
394 2.5 0.320362
395 2.55 0.320156
396 2.6 0.327671
397 2.7 0.317059
398 2.7 0.317059
399 2.75 0.346979
400 2.8 0.344887
401 2.85 0.378883
402 2.85 0.378883
403 2.8 0.381134
404 2.75 0.396531
405 2.8 0.394702
406 2.8 0.394702
407 2.8 0.394702
408 2.8 0.394702
409 2.8 0.394702
410 2.85 0.385766
411 2.85 0.385766
412 2.85 0.385766
413 2.85 0.385766
414 2.85 0.385766
415 2.85 0.385766
416 2.8 0.387977
417 2.85 0.385766
418 2.85 0.385766
419 2.85 0.385766
420 2.9 0.3832
421 2.9 0.3832
422 2.95 0.366168
423 2.95 0.366168
424 2.95 0.366168
425 2.9 0.362012
426 2.9 0.362012
427 2.85 0.35744
428 2.85 0.35744
429 2.85 0.35744
430 2.9 0.36921
431 2.95 0.366168
432 2.95 0.366168
433 2.9 0.36921
434 2.85 0.371873
435 2.85 0.371873
436 2.85 0.371873
437 2.9 0.37627
438 2.9 0.37627
439 2.9 0.37627
440 2.85 0.385766
441 2.85 0.392529
442 2.9 0.390007
443 2.95 0.393867
444 3 0.383886
445 3 0.383886
446 3.1 0.37627
447 3.1 0.37627
448 3.05 0.373286
449 3.05 0.373286
450 3 0.376969
451 2.85 0.364728
452 2.85 0.364728
453 2.8 0.374166
454 2.8 0.374166
455 2.75 0.376095
456 2.75 0.376095
457 2.7 0.391354
458 2.65 0.392529
459 2.6 0.350939
460 2.55 0.343932
461 2.65 0.364728
462 2.65 0.35744
463 2.75 0.409589
464 2.75 0.409589
465 2.75 0.389838
466 2.75 0.389838
467 2.75 0.389838
468 2.75 0.389838
469 2.75 0.389838
470 2.8 0.407818
471 2.85 0.405716
472 2.85 0.43088
473 2.85 0.43088
474 2.9 0.428584
475 2.85 0.424729
476 2.9 0.422399
477 2.8 0.367065
478 2.95 0.393867
479 2.9 0.390007
480 2.85 0.385766
481 2.8 0.387977
482 2.85 0.378883
483 2.75 0.323427
484 2.7 0.3
485 2.65 0.292674
486 2.7 0.325253
487 2.75 0.331464
488 2.7 0.317059
489 2.7 0.317059
490 2.8 0.329274
491 2.8 0.329274
492 2.75 0.323427
493 2.6 0.327671
494 2.75 0.346979
495 2.75 0.346979
496 2.8 0.367065
497 2.75 0.369031
498 2.7 0.370632
499 2.7 0.341051
500 2.7 0.341051
501 2.8 0.367065
502 2.75 0.369031
503 2.75 0.369031
504 2.8 0.359825
505 2.8 0.359825
506 2.8 0.352435
507 2.85 0.334625
508 2.85 0.334625
509 2.8 0.329274
510 2.8 0.329274
511 2.8 0.304354
512 2.75 0.315186
513 2.65 0.318508
514 2.75 0.306723
515 2.7 0.3
516 2.75 0.306723
517 2.8 0.337171
518 2.85 0.342399
519 2.85 0.318508
520 2.85 0.318508
521 2.85 0.318508
522 2.85 0.310136
523 2.85 0.310136
524 2.85 0.310136
525 2.8 0.304354
526 2.85 0.310136
527 2.85 0.310136
528 2.85 0.334625
529 2.8 0.352435
530 2.75 0.331464
531 2.75 0.315186
532 2.8 0.321182
533 2.8 0.321182
534 2.8 0.321182
535 2.75 0.33931
536 2.75 0.33931
537 2.75 0.33931
538 2.8 0.352435
539 2.8 0.352435
540 2.7 0.341051
541 2.7 0.341051
542 2.65 0.334625
543 2.65 0.35
544 2.75 0.33931
545 2.75 0.33931
546 2.6 0.327671
547 2.8 0.329274
548 2.85 0.334625
549 2.8 0.337171
550 2.95 0.328273
551 3 0.307794
552 2.95 0.28539
553 2.9 0.280038
554 2.85 0.28354
555 2.9 0.315394
556 2.9 0.315394
557 2.9 0.315394
558 2.9 0.315394
559 2.85 0.326666
560 2.85 0.326666
561 2.95 0.336194
562 2.95 0.336194
563 3 0.340279
564 3 0.340279
565 3 0.340279
566 3 0.332455
567 3.1 0.323631
568 3.05 0.343932
569 3.1 0.354668
570 3.1 0.354668
571 3.05 0.358909
572 3 0.340279
573 2.95 0.336194
574 2.95 0.336194
575 2.95 0.336194
576 2.95 0.336194
577 2.85 0.326666
578 2.8 0.337171
579 2.85 0.326666
580 2.8 0.329274
581 2.8 0.329274
582 2.85 0.318508
583 2.8 0.295581
584 2.8 0.295581
585 2.75 0.29802
586 2.75 0.29802
587 2.8 0.295581
588 2.85 0.301531
589 2.85 0.292674
590 2.85 0.292674
591 2.85 0.28354
592 2.85 0.28354
593 2.85 0.28354
594 2.85 0.28354
595 2.85 0.28354
596 2.8 0.28654
597 2.8 0.28654
598 2.8 0.28654
599 2.8 0.28654
600 2.75 0.279803
601 2.8 0.277204
602 2.85 0.274101
603 2.75 0.289055
604 2.7 0.291096
605 2.7 0.291096
606 2.75 0.289055
607 2.7 0.291096
608 2.7 0.291096
609 2.7 0.291096
610 2.7 0.308647
611 2.7 0.308647
612 2.8 0.304354
613 2.8 0.304354
614 2.8 0.329274
615 2.75 0.323427
616 2.7 0.317059
617 2.7 0.317059
618 2.65 0.326666
619 2.6 0.327671
620 2.6 0.327671
621 2.6 0.327671
622 2.6 0.327671
623 2.6 0.327671
624 2.65 0.326666
625 2.65 0.326666
626 2.6 0.327671
627 2.65 0.326666
628 2.65 0.326666
629 2.65 0.334625
630 2.65 0.334625
631 2.7 0.333246
632 2.7 0.333246
633 2.7 0.333246
634 2.75 0.354483
635 2.8 0.359825
636 2.85 0.364728
637 2.9 0.37627
638 2.95 0.38027
639 2.85 0.378883
640 2.85 0.378883
641 2.85 0.378883
642 2.8 0.381134
643 2.8 0.374166
644 2.8 0.374166
645 2.85 0.399177
646 2.95 0.387128
647 3 0.390681
648 2.95 0.373286
649 2.9 0.36921
650 2.95 0.373286
651 2.95 0.373286
652 2.95 0.373286
653 2.8 0.352435
654 2.8 0.352435
655 2.85 0.334625
656 2.8 0.337171
657 2.8 0.337171
658 2.75 0.331464
659 2.7 0.317059
660 2.55 0.294467
661 2.6 0.30262
662 2.6 0.30262
663 2.6 0.293795
664 2.6 0.293795
665 2.65 0.310136
666 2.65 0.310136
667 2.65 0.310136
668 2.75 0.331464
669 2.8 0.321182
670 2.75 0.315186
671 2.7 0.317059
672 2.75 0.33931
673 2.8 0.344887
674 2.8 0.344887
675 2.8 0.344887
676 2.85 0.35
677 2.75 0.33931
678 2.8 0.329274
679 2.7 0.341051
680 2.7 0.341051
681 2.7 0.341051
682 2.7 0.341051
683 2.7 0.341051
684 2.7 0.341051
685 2.75 0.33931
686 2.75 0.331464
687 2.8 0.337171
688 2.85 0.35
689 2.85 0.35744
690 2.85 0.35
691 2.85 0.326666
692 2.8 0.329274
693 2.8 0.329274
694 2.85 0.334625
695 2.75 0.346979
696 2.75 0.36183
697 2.8 0.367065
698 2.8 0.367065
699 2.85 0.364728
700 2.85 0.364728
701 2.85 0.364728
702 2.85 0.364728
703 2.8 0.359825
704 2.8 0.329274
705 2.8 0.329274
706 2.8 0.329274
707 2.75 0.323427
708 2.75 0.323427
709 2.75 0.29802
710 2.8 0.312881
711 2.9 0.29824
712 2.95 0.303272
713 2.95 0.303272
714 3 0.290191
715 2.95 0.28539
716 2.95 0.28539
717 3 0.290191
718 2.95 0.276015
719 2.95 0.276015
720 2.95 0.276015
721 2.95 0.276015
722 2.95 0.276015
723 2.9 0.270477
724 2.95 0.28539
725 2.9 0.29824
726 2.9 0.29824
727 2.95 0.28539
728 2.9 0.280038
729 2.9 0.280038
730 2.95 0.28539
731 2.95 0.28539
732 2.9 0.280038
733 2.9 0.280038
734 2.9 0.280038
735 2.85 0.28354
736 2.85 0.301531
737 2.9 0.280038
738 2.9 0.280038
739 2.95 0.28539
740 2.9 0.29824
741 2.9 0.29824
742 3 0.316228
743 3 0.316228
744 2.95 0.320156
745 2.95 0.303272
746 2.9 0.29824
747 3 0.316228
748 3 0.324443
749 3.05 0.328273
750 3.05 0.328273
751 3.1 0.331662
752 3.1 0.331662
753 3 0.355409
754 3.05 0.343932
755 3.05 0.343932
756 3.05 0.343932
757 3.1 0.347169
758 3.1 0.347169
759 3.05 0.336194
760 3.05 0.336194
761 3.05 0.336194
762 3.05 0.320156
763 3.1 0.323631
764 3.05 0.336194
765 3.05 0.336194
766 3.05 0.336194
767 3 0.332455
768 2.95 0.320156
769 2.9 0.339504
770 2.95 0.351501
771 2.95 0.351501
772 2.95 0.351501
773 2.9 0.347169
774 2.85 0.334625
775 2.85 0.334625
776 2.85 0.334625
777 2.8 0.344887
778 2.8 0.344887
779 2.85 0.371873
780 2.85 0.371873
781 2.85 0.371873
782 2.85 0.371873
783 2.85 0.378883
784 2.85 0.378883
785 2.8 0.367065
786 2.8 0.367065
787 2.8 0.367065
788 2.8 0.359825
789 2.8 0.344887
790 2.85 0.35744
791 2.8 0.359825
792 2.75 0.346979
793 2.85 0.342399
794 2.9 0.339504
795 2.9 0.339504
796 2.85 0.342399
797 2.8 0.344887
798 2.9 0.354668
799 2.9 0.354668
800 2.9 0.354668
801 2.9 0.354668
802 2.85 0.35
803 2.85 0.35
804 2.85 0.385766
805 2.85 0.371873
806 2.85 0.371873
807 2.95 0.351501
808 2.95 0.320156
809 2.95 0.320156
810 2.9 0.323631
811 2.95 0.351501
812 2.9 0.36921
813 2.9 0.3832
814 2.9 0.3832
815 2.9 0.3832
816 2.9 0.3832
817 2.85 0.35744
818 2.9 0.362012
819 2.9 0.362012
820 2.85 0.35744
821 2.9 0.354668
822 2.85 0.35
823 2.85 0.35
824 2.85 0.35
825 2.85 0.35
826 2.9 0.354668
827 2.9 0.354668
828 2.9 0.354668
829 2.9 0.339504
830 2.9 0.339504
831 2.9 0.331662
832 2.95 0.351501
833 2.95 0.351501
834 2.9 0.347169
835 2.95 0.351501
836 2.95 0.351501
837 3.05 0.351501
838 3.1 0.354668
839 3.05 0.343932
840 3.05 0.343932
841 3.1 0.339504
842 3.1 0.339504
843 3.1 0.339504
844 3.1 0.339504
845 3.05 0.343932
846 3.05 0.343932
847 3.05 0.343932
848 3 0.340279
849 3 0.340279
850 3 0.340279
851 2.95 0.351501
852 2.95 0.351501
853 2.9 0.347169
854 2.9 0.315394
855 2.9 0.315394
856 3 0.347926
857 3.05 0.366168
858 3.05 0.366168
859 3.05 0.366168
860 2.95 0.351501
861 2.95 0.351501
862 2.9 0.36921
863 2.95 0.366168
864 2.9 0.347169
865 2.95 0.366168
866 2.95 0.366168
867 2.95 0.366168
868 2.85 0.342399
869 2.8 0.337171
870 2.8 0.337171
871 2.7 0.348682
872 2.7 0.333246
873 2.65 0.334625
874 2.7 0.333246
875 2.75 0.315186
876 2.7 0.317059
877 2.7 0.317059
878 2.75 0.323427
879 2.75 0.323427
880 2.7 0.341051
881 2.65 0.334625
882 2.65 0.334625
883 2.6 0.327671
884 2.5 0.29469
885 2.5 0.29469
886 2.5 0.29469
887 2.45 0.311828
888 2.35 0.310136
889 2.35 0.310136
890 2.35 0.310136
891 2.35 0.310136
892 2.35 0.310136
893 2.35 0.310136
894 2.35 0.310136
895 2.35 0.310136
896 2.35 0.310136
897 2.35 0.310136
898 2.35 0.301531
899 2.35 0.301531
900 2.3 0.3
901 2.3 0.3
902 2.3 0.317059
903 2.3 0.317059
904 2.3 0.317059
905 2.35 0.310136
906 2.35 0.310136
907 2.35 0.310136
908 2.3 0.308647
909 2.3 0.308647
910 2.35 0.310136
911 2.35 0.310136
912 2.35 0.310136
913 2.35 0.310136
914 2.35 0.292674
915 2.35 0.292674
916 2.3 0.291096
917 2.3 0.281911
918 2.3 0.291096
919 2.3 0.291096
920 2.3 0.291096
921 2.3 0.291096
922 2.25 0.279803
923 2.3 0.308647
924 2.3 0.308647
925 2.25 0.315186
926 2.15 0.301531
927 2.15 0.301531
928 2.05 0.303272
929 2.15 0.301531
930 2.25 0.29802
931 2.3 0.308647
932 2.3 0.308647
933 2.2 0.28654
934 2.2 0.28654
935 2.2 0.28654
936 2.2 0.28654
937 2.25 0.306723
938 2.2 0.28654
939 2.25 0.279803
940 2.2 0.28654
941 2.15 0.274101
942 2.15 0.274101
943 2.15 0.274101
944 2.25 0.306723
945 2.3 0.317059
946 2.3 0.317059
947 2.3 0.317059
948 2.3 0.317059
949 2.3 0.317059
950 2.25 0.315186
951 2.15 0.310136
952 2.15 0.310136
953 2.2 0.312881
954 2.2 0.312881
955 2.25 0.323427
956 2.3 0.317059
957 2.25 0.306723
958 2.2 0.312881
959 2.25 0.323427
960 2.2 0.312881
961 2.2 0.312881
962 2.15 0.326666
963 2.2 0.337171
964 2.15 0.326666
965 2.15 0.326666
966 2.15 0.326666
967 2.15 0.326666
968 2.15 0.310136
969 2.1 0.323631
970 2.1 0.323631
971 2.1 0.323631
972 2.05 0.320156
973 2.15 0.318508
974 2.2 0.329274
975 2.2 0.329274
976 2.2 0.329274
977 2.15 0.318508
978 2.1 0.323631
979 2.15 0.342399
980 2.2 0.329274
981 2.2 0.329274
982 2.2 0.329274
983 2.25 0.33931
984 2.2 0.329274
985 2.05 0.303272
986 2.1 0.315394
987 2.1 0.315394
988 2.1 0.315394
989 2.15 0.310136
990 2.15 0.310136
991 2.15 0.310136
992 2.15 0.310136
993 2.1 0.29824
994 2.15 0.310136
995 2.15 0.310136
996 2.2 0.321182
997 2.2 0.321182
998 2.15 0.334625
999 2.1 0.347169
1000 2.1 0.347169
1001 2.1 0.347169
1002 2.15 0.334625
1003 2.15 0.334625
1004 2.15 0.334625
1005 2.1 0.339504
1006 2.1 0.339504
1007 2.1 0.339504
1008 2.1 0.339504
1009 2.1 0.339504
1010 2.05 0.320156
1011 2.05 0.320156
1012 2.05 0.320156
1013 2.15 0.310136
1014 2.15 0.334625
1015 2.1 0.323631
1016 2.15 0.334625
1017 2.15 0.334625
1018 2.15 0.334625
1019 2.15 0.310136
1020 2.2 0.321182
1021 2.2 0.321182
1022 2.15 0.310136
1023 2.15 0.310136
1024 2.15 0.310136
1025 2.15 0.310136
1026 2.15 0.310136
1027 2.15 0.310136
1028 2.15 0.310136
1029 2.15 0.310136
1030 2.15 0.310136
1031 2.1 0.29824
1032 2.1 0.29824
1033 2.1 0.29824
1034 2.1 0.29824
1035 2.1 0.29824
1036 2.1 0.29824
1037 2.1 0.29824
1038 2.1 0.29824
1039 2.1 0.29824
1040 2.1 0.29824
1041 2.1 0.29824
1042 2.1 0.289282
1043 2.1 0.289282
1044 2.1 0.289282
1045 2.1 0.289282
1046 2.15 0.28354
1047 2.15 0.28354
1048 2.05 0.28539
1049 1.95 0.28539
1050 1.95 0.26631
1051 1.95 0.26631
1052 2.05 0.28539
1053 2.05 0.28539
1054 2.05 0.28539
1055 1.95 0.28539
1056 2.05 0.303272
1057 2.05 0.303272
1058 2.05 0.303272
1059 2.05 0.303272
1060 2.05 0.303272
1061 2.05 0.303272
1062 2.05 0.303272
1063 1.95 0.276015
1064 1.95 0.276015
1065 1.95 0.276015
1066 1.85 0.264326
1067 1.85 0.264326
1068 1.9 0.280038
1069 1.95 0.294467
1070 2.05 0.303272
1071 2.05 0.303272
1072 2.1 0.306937
1073 2.15 0.310136
1074 2.25 0.354483
1075 2.2 0.359825
1076 2.25 0.354483
1077 2.2 0.344887
1078 2.25 0.354483
1079 2.25 0.354483
1080 2.25 0.354483
1081 2.25 0.354483
1082 2.25 0.354483
1083 2.25 0.354483
1084 2.15 0.342399
1085 2.15 0.342399
1086 2.15 0.342399
1087 2.1 0.339504
1088 2.05 0.328273
1089 2.05 0.328273
1090 2.05 0.328273
1091 2 0.316228
1092 1.95 0.311828
1093 2 0.316228
1094 1.95 0.303272
1095 2 0.316228
1096 2 0.316228
1097 2.05 0.311828
1098 2.05 0.311828
1099 2.05 0.311828
1100 2.05 0.311828
1101 2.05 0.311828
1102 2.1 0.323631
1103 2.1 0.323631
1104 2.1 0.323631
1105 2.05 0.328273
1106 2.05 0.328273
1107 2.05 0.328273
1108 2.1 0.347169
1109 2.15 0.35
1110 2.1 0.347169
1111 2.1 0.347169
1112 2.1 0.347169
1113 2.1 0.347169
1114 2.1 0.347169
1115 2.1 0.347169
1116 2.05 0.343932
1117 2 0.340279
1118 2.05 0.343932
1119 2 0.347926
1120 2.05 0.336194
1121 2.05 0.336194
1122 2.05 0.336194
1123 2 0.340279
1124 2 0.340279
1125 2.1 0.323631
1126 2.15 0.334625
1127 2.15 0.334625
1128 2.1 0.331662
1129 2.1 0.331662
1130 2.1 0.331662
1131 2.1 0.331662
1132 2.1 0.331662
1133 2.2 0.352435
1134 2.2 0.352435
1135 2.2 0.352435
1136 2.2 0.352435
1137 2.15 0.342399
1138 2.15 0.342399
1139 2.15 0.318508
1140 2.1 0.306937
1141 2.15 0.301531
1142 2.15 0.318508
1143 2.15 0.318508
1144 2.2 0.329274
1145 2.25 0.323427
1146 2.2 0.312881
1147 2.25 0.323427
1148 2.3 0.325253
1149 2.35 0.326666
1150 2.3 0.317059
1151 2.35 0.326666
1152 2.4 0.335606
1153 2.4 0.335606
1154 2.45 0.320156
1155 2.4 0.319539
1156 2.3 0.308647
1157 2.4 0.319539
1158 2.45 0.336194
1159 2.4 0.343358
1160 2.35 0.326666
1161 2.3 0.317059
1162 2.35 0.326666
1163 2.35 0.326666
1164 2.35 0.326666
1165 2.3 0.333246
1166 2.35 0.326666
1167 2.35 0.326666
1168 2.4 0.327671
1169 2.4 0.327671
1170 2.4 0.327671
1171 2.4 0.327671
1172 2.4 0.327671
1173 2.45 0.320156
1174 2.45 0.320156
1175 2.45 0.320156
1176 2.45 0.320156
1177 2.45 0.320156
1178 2.35 0.334625
1179 2.35 0.326666
1180 2.35 0.326666
1181 2.35 0.326666
1182 2.35 0.326666
1183 2.35 0.326666
1184 2.4 0.327671
1185 2.35 0.318508
1186 2.35 0.318508
1187 2.4 0.327671
1188 2.45 0.311828
1189 2.45 0.303272
1190 2.45 0.303272
1191 2.4 0.293795
1192 2.4 0.293795
1193 2.35 0.274101
1194 2.35 0.274101
1195 2.3 0.252357
1196 2.25 0.270234
1197 2.35 0.274101
1198 2.4 0.265568
1199 2.4 0.265568
1200 2.5 0.256495
1201 2.5 0.256495
1202 2.5 0.28562
1203 2.55 0.28539
1204 2.55 0.28539
1205 2.55 0.28539
1206 2.55 0.28539
1207 2.55 0.28539
1208 2.6 0.293795
1209 2.6 0.293795
1210 2.5 0.28562
1211 2.45 0.276015
1212 2.45 0.276015
1213 2.45 0.276015
1214 2.45 0.276015
1215 2.45 0.276015
1216 2.4 0.265568
1217 2.35 0.264326
1218 2.35 0.264326
1219 2.4 0.275299
1220 2.4 0.284697
1221 2.45 0.276015
1222 2.4 0.284697
1223 2.4 0.284697
1224 2.35 0.28354
1225 2.4 0.275299
1226 2.35 0.254176
1227 2.35 0.254176
1228 2.35 0.254176
1229 2.35 0.243602
1230 2.35 0.243602
1231 2.4 0.255467
1232 2.35 0.264326
1233 2.4 0.265568
1234 2.4 0.265568
1235 2.4 0.265568
1236 2.4 0.265568
1237 2.35 0.254176
1238 2.35 0.254176
1239 2.25 0.260314
1240 2.25 0.260314
1241 2.25 0.25
1242 2.3 0.252357
1243 2.25 0.260314
1244 2.25 0.260314
1245 2.25 0.260314
1246 2.25 0.260314
1247 2.25 0.260314
1248 2.3 0.241704
1249 2.25 0.260314
1250 2.25 0.260314
1251 2.25 0.260314
1252 2.25 0.260314
1253 2.25 0.260314
1254 2.25 0.260314
1255 2.15 0.243602
1256 2.15 0.243602
1257 2.2 0.247088
1258 2.2 0.247088
1259 2.2 0.247088
1260 2.25 0.25
1261 2.3 0.252357
1262 2.3 0.252357
1263 2.3 0.252357
1264 2.3 0.252357
1265 2.25 0.260314
1266 2.2 0.257519
1267 2.2 0.257519
1268 2.2 0.257519
1269 2.2 0.257519
1270 2.2 0.257519
1271 2.25 0.260314
1272 2.25 0.260314
1273 2.15 0.243602
1274 2.2 0.257519
1275 2.15 0.264326
1276 2.2 0.257519
1277 2.2 0.257519
1278 2.15 0.28354
1279 2.15 0.28354
1280 2.3 0.291096
1281 2.3 0.291096
1282 2.25 0.29802
1283 2.25 0.29802
1284 2.25 0.29802
1285 2.25 0.29802
1286 2.25 0.29802
1287 2.25 0.29802
1288 2.25 0.29802
1289 2.25 0.29802
1290 2.3 0.291096
1291 2.35 0.292674
1292 2.4 0.284697
1293 2.35 0.301531
1294 2.3 0.308647
1295 2.3 0.308647
1296 2.3 0.308647
1297 2.3 0.308647
1298 2.35 0.301531
1299 2.35 0.301531
1300 2.35 0.292674
1301 2.35 0.292674
1302 2.35 0.292674
1303 2.35 0.292674
1304 2.35 0.292674
1305 2.3 0.291096
1306 2.3 0.3
1307 2.3 0.281911
1308 2.3 0.281911
1309 2.4 0.284697
1310 2.55 0.276015
1311 2.6 0.284697
1312 2.65 0.28354
1313 2.7 0.291096
1314 2.75 0.289055
1315 2.7 0.3
1316 2.7 0.308647
1317 2.75 0.29802
1318 2.8 0.304354
1319 2.85 0.318508
1320 2.85 0.310136
1321 2.85 0.310136
1322 2.8 0.295581
1323 2.7 0.281911
1324 2.75 0.260314
1325 2.8 0.267542
1326 2.8 0.267542
1327 2.75 0.260314
1328 2.85 0.274101
1329 3 0.271448
1330 3 0.261574
1331 2.9 0.250263
1332 2.9 0.250263
1333 2.9 0.250263
1334 2.85 0.254176
1335 2.95 0.26631
1336 3 0.271448
1337 2.95 0.276015
1338 2.95 0.276015
1339 2.85 0.292674
1340 2.85 0.292674
1341 2.85 0.292674
1342 2.85 0.292674
1343 2.85 0.292674
1344 2.85 0.292674
1345 2.85 0.292674
1346 2.9 0.306937
1347 2.9 0.306937
1348 2.9 0.306937
1349 2.95 0.294467
1350 2.95 0.28539
1351 2.9 0.289282
1352 2.9 0.289282
1353 2.9 0.323631
1354 2.9 0.323631
1355 2.8 0.337171
1356 2.8 0.337171
1357 2.8 0.337171
1358 2.75 0.33931
1359 2.75 0.33931
1360 2.7 0.325253
1361 2.7 0.325253
1362 2.7 0.325253
1363 2.75 0.315186
1364 2.75 0.315186
1365 2.75 0.315186
1366 2.7 0.308647
1367 2.6 0.275299
1368 2.65 0.292674
1369 2.65 0.292674
1370 2.65 0.318508
1371 2.6 0.311195
1372 2.6 0.311195
1373 2.65 0.318508
1374 2.65 0.326666
1375 2.55 0.303272
1376 2.65 0.310136
1377 2.7 0.333246
1378 2.7 0.333246
1379 2.65 0.326666
1380 2.65 0.326666
1381 2.6 0.319539
1382 2.7 0.3
1383 2.7 0.3
1384 2.65 0.292674
1385 2.65 0.292674
1386 2.65 0.292674
1387 2.65 0.292674
1388 2.65 0.292674
1389 2.6 0.30262
1390 2.6 0.327671
1391 2.65 0.310136
1392 2.6 0.30262
1393 2.55 0.294467
1394 2.55 0.294467
1395 2.6 0.293795
1396 2.6 0.293795
1397 2.65 0.301531
1398 2.7 0.308647
1399 2.7 0.308647
1400 2.6 0.311195
1401 2.7 0.308647
1402 2.6 0.293795
1403 2.55 0.311828
1404 2.5 0.312039
1405 2.55 0.311828
1406 2.55 0.328273
1407 2.55 0.328273
1408 2.55 0.328273
1409 2.55 0.336194
1410 2.6 0.350939
1411 2.5 0.344124
1412 2.55 0.343932
1413 2.5 0.336389
1414 2.55 0.343932
1415 2.5 0.351688
1416 2.5 0.351688
1417 2.45 0.351501
1418 2.45 0.351501
1419 2.45 0.351501
1420 2.5 0.351688
1421 2.45 0.366168
1422 2.45 0.366168
1423 2.45 0.366168
1424 2.45 0.366168
1425 2.45 0.366168
1426 2.4 0.343358
1427 2.4 0.343358
1428 2.3 0.325253
1429 2.3 0.325253
1430 2.35 0.334625
1431 2.35 0.334625
1432 2.4 0.327671
1433 2.4 0.327671
1434 2.4 0.327671
1435 2.4 0.327671
1436 2.5 0.328473
1437 2.55 0.336194
1438 2.6 0.350939
1439 2.6 0.350939
1440 2.6 0.365629
1441 2.6 0.358359
1442 2.6 0.358359
1443 2.6 0.358359
1444 2.6 0.358359
1445 2.6 0.358359
1446 2.65 0.35
1447 2.65 0.35
1448 2.6 0.358359
1449 2.6 0.358359
1450 2.6 0.358359
1451 2.55 0.336194
1452 2.4 0.327671
1453 2.45 0.303272
1454 2.45 0.303272
1455 2.55 0.303272
1456 2.55 0.303272
1457 2.5 0.29469
1458 2.5 0.29469
1459 2.5 0.29469
1460 2.5 0.29469
1461 2.5 0.29469
1462 2.55 0.303272
1463 2.55 0.303272
1464 2.5 0.28562
1465 2.5 0.28562
1466 2.5 0.28562
1467 2.55 0.294467
1468 2.55 0.28539
1469 2.55 0.28539
1470 2.55 0.28539
1471 2.5 0.276253
1472 2.5 0.276253
1473 2.5 0.276253
1474 2.45 0.294467
1475 2.4 0.284697
1476 2.45 0.303272
1477 2.45 0.303272
1478 2.45 0.320156
1479 2.5 0.303488
1480 2.45 0.294467
1481 2.45 0.294467
1482 2.55 0.276015
1483 2.55 0.276015
1484 2.55 0.276015
1485 2.5 0.276253
1486 2.5 0.28562
1487 2.45 0.276015
1488 2.4 0.265568
1489 2.45 0.276015
1490 2.55 0.28539
1491 2.6 0.284697
1492 2.6 0.284697
1493 2.6 0.284697
1494 2.55 0.276015
1495 2.55 0.276015
1496 2.6 0.30262
1497 2.55 0.303272
1498 2.5 0.29469
1499 2.5 0.29469
1500 2.45 0.276015
1501 2.4 0.265568
1502 2.35 0.274101
1503 2.45 0.26631
1504 2.45 0.276015
1505 2.45 0.276015
1506 2.5 0.28562
1507 2.5 0.28562
1508 2.5 0.28562
1509 2.45 0.276015
1510 2.45 0.294467
1511 2.45 0.294467
1512 2.5 0.28562
1513 2.5 0.28562
1514 2.5 0.28562
1515 2.5 0.28562
1516 2.55 0.294467
1517 2.55 0.294467
1518 2.5 0.29469
1519 2.55 0.294467
1520 2.5 0.29469
1521 2.5 0.29469
1522 2.5 0.29469
1523 2.5 0.29469
1524 2.55 0.294467
1525 2.5 0.303488
1526 2.5 0.29469
1527 2.4 0.284697
1528 2.45 0.276015
1529 2.55 0.28539
1530 2.6 0.275299
1531 2.6 0.275299
1532 2.6 0.275299
1533 2.6 0.275299
1534 2.65 0.274101
1535 2.55 0.26631
1536 2.55 0.26631
1537 2.5 0.256495
1538 2.55 0.256238
1539 2.5 0.256495
1540 2.55 0.245753
1541 2.55 0.245753
1542 2.6 0.244949
1543 2.5 0.235081
1544 2.45 0.234801
1545 2.4 0.222427
1546 2.4 0.222427
1547 2.45 0.223312
1548 2.4 0.222427
1549 2.4 0.222427
1550 2.45 0.234801
1551 2.5 0.246021
1552 2.5 0.246021
1553 2.55 0.223312
1554 2.6 0.222427
1555 2.6 0.210263
1556 2.65 0.195677
1557 2.6 0.210263
1558 2.6 0.210263
1559 2.6 0.210263
1560 2.5 0.211511
1561 2.5 0.211511
1562 2.55 0.223312
1563 2.55 0.223312
1564 2.55 0.223312
1565 2.6 0.210263
1566 2.6 0.210263
1567 2.6 0.210263
1568 2.6 0.210263
1569 2.6 0.210263
1570 2.6 0.210263
1571 2.65 0.220943
1572 2.65 0.220943
1573 2.55 0.223312
1574 2.5 0.223607
1575 2.5 0.223607
1576 2.55 0.223312
1577 2.6 0.244949
1578 2.55 0.245753
1579 2.55 0.245753
1580 2.5 0.223607
1581 2.55 0.223312
1582 2.55 0.223312
1583 2.55 0.223312
1584 2.55 0.223312
1585 2.6 0.210263
1586 2.65 0.232549
1587 2.65 0.232549
1588 2.6 0.233959
1589 2.6 0.233959
1590 2.6 0.233959
1591 2.55 0.245753
1592 2.65 0.254176
1593 2.7 0.252357
1594 2.7 0.252357
1595 2.7 0.252357
1596 2.7 0.252357
1597 2.7 0.252357
1598 2.75 0.239242
1599 2.65 0.232549
1600 2.55 0.234801
1601 2.6 0.233959
1602 2.6 0.233959
1603 2.65 0.254176
1604 2.65 0.264326
1605 2.65 0.264326
1606 2.6 0.265568
1607 2.6 0.265568
1608 2.6 0.265568
1609 2.55 0.276015
1610 2.55 0.256238
1611 2.55 0.256238
1612 2.6 0.244949
1613 2.6 0.244949
1614 2.7 0.23056
1615 2.75 0.239242
1616 2.75 0.239242
1617 2.75 0.239242
1618 2.8 0.247088
1619 2.85 0.254176
1620 2.85 0.254176
1621 2.9 0.250263
1622 2.9 0.250263
1623 2.9 0.250263
1624 2.9 0.250263
1625 2.9 0.250263
1626 2.85 0.264326
1627 2.85 0.264326
1628 2.85 0.264326
1629 2.9 0.239517
1630 2.85 0.232549
1631 2.85 0.232549
1632 2.9 0.239517
1633 2.9 0.239517
1634 2.9 0.239517
1635 2.95 0.245753
1636 2.95 0.245753
1637 2.95 0.245753
1638 2.85 0.232549
1639 2.8 0.236198
1640 2.8 0.236198
1641 2.8 0.236198
1642 2.8 0.236198
1643 2.75 0.25
1644 2.8 0.236198
1645 2.8 0.236198
1646 2.85 0.220943
1647 2.85 0.220943
1648 2.85 0.220943
1649 2.75 0.227977
1650 2.85 0.232549
1651 3 0.229416
1652 2.9 0.21643
1653 2.8 0.212751
1654 2.85 0.232549
1655 2.95 0.245753
1656 2.9 0.239517
1657 2.9 0.239517
1658 2.95 0.245753
1659 2.9 0.260566
1660 2.9 0.280038
1661 2.9 0.280038
1662 2.8 0.257519
1663 2.8 0.257519
1664 2.75 0.260314
1665 2.7 0.252357
1666 2.9 0.250263
1667 2.9 0.250263
1668 2.9 0.250263
1669 2.85 0.264326
1670 2.8 0.28654
1671 2.75 0.279803
1672 2.65 0.28354
1673 2.55 0.28539
1674 2.65 0.292674
1675 2.75 0.279803
1676 2.85 0.28354
1677 2.75 0.306723
1678 2.75 0.306723
1679 2.8 0.321182
1680 2.8 0.321182
1681 2.85 0.310136
1682 2.85 0.310136
1683 2.85 0.310136
1684 2.9 0.331662
1685 2.9 0.331662
1686 2.9 0.331662
1687 2.9 0.331662
1688 2.9 0.331662
1689 2.85 0.35
1690 2.8 0.352435
1691 2.8 0.352435
1692 2.75 0.36183
1693 2.7 0.356149
1694 2.7 0.356149
1695 2.7 0.356149
1696 2.75 0.346979
1697 2.8 0.344887
1698 2.85 0.371873
1699 2.85 0.371873
1700 2.85 0.371873
1701 2.9 0.36921
1702 2.85 0.35744
1703 2.95 0.358909
1704 2.95 0.358909
1705 3 0.362738
1706 3 0.362738
1707 3 0.362738
1708 2.9 0.362012
1709 2.9 0.362012
1710 2.85 0.378883
1711 2.8 0.352435
1712 2.85 0.342399
1713 2.9 0.331662
1714 2.9 0.331662
1715 2.9 0.331662
1716 2.95 0.351501
1717 2.95 0.351501
1718 2.9 0.347169
1719 2.9 0.347169
1720 2.9 0.347169
1721 2.9 0.347169
1722 2.9 0.347169
1723 2.9 0.347169
1724 2.95 0.343932
1725 2.95 0.343932
1726 2.9 0.331662
1727 2.9 0.331662
1728 3 0.362738
1729 3.05 0.373286
1730 3.1 0.36921
1731 3.1 0.36921
1732 3.15 0.371873
1733 3.15 0.371873
1734 3.1 0.362012
1735 3.1 0.362012
1736 3.1 0.362012
1737 3 0.332455
1738 3.05 0.351501
1739 3.1 0.354668
1740 3.05 0.366168
1741 3.1 0.36921
1742 3.1 0.36921
1743 3.05 0.358909
1744 3.05 0.358909
1745 3 0.369922
1746 3.1 0.3832
1747 3.15 0.392529
1748 3.15 0.392529
1749 3.15 0.392529
1750 3.2 0.387977
1751 3.2 0.387977
1752 3.2 0.387977
1753 3.2 0.387977
1754 3.15 0.392529
1755 3.15 0.418487
1756 3.2 0.407818
1757 3.2 0.407818
1758 3.15 0.405716
1759 3.1 0.396697
1760 3.1 0.396697
1761 3.05 0.407011
1762 3.1 0.416122
1763 3.05 0.419743
1764 3.05 0.419743
1765 3.05 0.419743
1766 3.05 0.419743
1767 3.05 0.419743
1768 3.05 0.419743
1769 3.1 0.428584
1770 3 0.435286
1771 3 0.423022
1772 3 0.410391
1773 2.95 0.407011
1774 2.95 0.407011
1775 2.95 0.407011
1776 3 0.403928
1777 3 0.383886
1778 2.95 0.38027
1779 2.95 0.38027
1780 2.9 0.362012
1781 2.95 0.38027
1782 2.95 0.393867
1783 2.95 0.393867
1784 3.05 0.400493
1785 3.1 0.390007
1786 3.15 0.385766
1787 3.05 0.373286
1788 3.05 0.373286
1789 3.05 0.373286
1790 3.1 0.37627
1791 3.05 0.366168
1792 3.1 0.37627
1793 3.15 0.371873
1794 3.05 0.358909
1795 3.05 0.358909
1796 3.1 0.390007
1797 3.1 0.37627
1798 3.1 0.37627
1799 3.05 0.366168
1800 3.05 0.366168
1801 3.1 0.347169
1802 3.15 0.342399
1803 3.2 0.337171
1804 3.25 0.354483
1805 3.2 0.359825
1806 3.3 0.370632
1807 3.25 0.369031
1808 3.3 0.370632
1809 3.25 0.369031
1810 3.15 0.371873
1811 3 0.376969
1812 3.05 0.38027
1813 3 0.369922
1814 2.95 0.336194
1815 3 0.347926
1816 2.95 0.343932
1817 2.85 0.342399
1818 2.85 0.342399
1819 2.85 0.342399
1820 2.85 0.35744
1821 2.85 0.35744
1822 2.85 0.35744
1823 2.75 0.354483
1824 2.7 0.370632
1825 2.7 0.370632
1826 2.65 0.371873
1827 2.6 0.365629
1828 2.55 0.336194
1829 2.55 0.328273
1830 2.65 0.318508
1831 2.65 0.318508
1832 2.85 0.326666
1833 2.85 0.318508
1834 2.7 0.3
1835 2.8 0.257519
1836 2.8 0.257519
1837 2.8 0.257519
1838 2.75 0.260314
1839 2.75 0.260314
1840 2.75 0.260314
1841 2.75 0.260314
1842 2.75 0.260314
1843 2.8 0.247088
1844 2.65 0.232549
1845 2.65 0.232549
1846 2.65 0.243602
1847 2.65 0.243602
1848 2.6 0.255467
1849 2.75 0.260314
1850 2.75 0.260314
1851 2.8 0.247088
1852 2.8 0.247088
1853 2.75 0.25
1854 2.7 0.241704
1855 2.7 0.241704
1856 2.8 0.247088
1857 2.8 0.257519
1858 2.85 0.274101
1859 2.85 0.292674
1860 2.95 0.26631
1861 2.95 0.26631
1862 2.85 0.28354
1863 2.9 0.280038
1864 2.9 0.306937
1865 2.9 0.306937
1866 2.85 0.28354
1867 2.85 0.28354
1868 2.75 0.279803
1869 2.8 0.295581
1870 2.85 0.301531
1871 2.9 0.315394
1872 2.85 0.326666
1873 2.9 0.315394
1874 2.9 0.315394
1875 2.85 0.326666
1876 2.85 0.326666
1877 2.8 0.321182
1878 2.8 0.321182
1879 2.8 0.321182
1880 2.8 0.321182
1881 2.85 0.292674
1882 2.75 0.306723
1883 2.75 0.306723
1884 2.8 0.295581
1885 2.75 0.306723
1886 2.75 0.306723
1887 2.75 0.306723
1888 2.75 0.306723
1889 2.85 0.318508
1890 2.9 0.315394
1891 2.85 0.310136
1892 2.9 0.315394
1893 2.75 0.315186
1894 2.8 0.321182
1895 2.75 0.323427
1896 2.85 0.334625
1897 2.9 0.339504
1898 2.9 0.339504
1899 2.9 0.339504
1900 2.9 0.339504
1901 3 0.362738
1902 2.9 0.3832
1903 2.95 0.366168
1904 2.95 0.366168
1905 2.95 0.366168
1906 3 0.376969
1907 2.95 0.393867
1908 2.95 0.393867
1909 2.9 0.3832
1910 2.9 0.3832
1911 2.95 0.387128
1912 2.95 0.387128
1913 2.95 0.387128
1914 2.85 0.399177
1915 2.8 0.387977
1916 2.8 0.387977
1917 2.85 0.399177
1918 2.8 0.381134
1919 2.8 0.381134
1920 2.85 0.392529
1921 2.85 0.392529
1922 2.95 0.373286
1923 2.85 0.385766
1924 2.85 0.385766
1925 2.85 0.385766
1926 2.8 0.381134
1927 2.8 0.359825
1928 2.8 0.359825
1929 2.8 0.359825
1930 2.8 0.359825
1931 2.85 0.35744
1932 2.85 0.35744
1933 2.85 0.364728
1934 2.85 0.364728
1935 2.85 0.364728
1936 2.7 0.370632
1937 2.75 0.369031
1938 2.75 0.369031
1939 2.85 0.399177
1940 2.8 0.387977
1941 2.8 0.387977
1942 2.8 0.387977
1943 2.75 0.389838
1944 2.75 0.389838
1945 2.7 0.398021
1946 2.7 0.398021
1947 2.65 0.399177
1948 2.65 0.399177
1949 2.55 0.366168
1950 2.6 0.365629
1951 2.6 0.365629
1952 2.65 0.371873
1953 2.65 0.371873
1954 2.7 0.384571
1955 2.7 0.384571
1956 2.7 0.384571
1957 2.7 0.384571
1958 2.7 0.384571
1959 2.65 0.378883
1960 2.65 0.378883
1961 2.7 0.391354
1962 2.75 0.409589
1963 2.8 0.414221
1964 2.8 0.414221
1965 2.75 0.396531
1966 2.75 0.42843
1967 2.75 0.42843
1968 2.75 0.409589
1969 2.8 0.420526
1970 2.75 0.422243
1971 2.75 0.422243
1972 2.75 0.422243
1973 2.8 0.420526
1974 2.8 0.420526
1975 2.85 0.412151
1976 2.85 0.412151
1977 2.8 0.401314
1978 2.8 0.401314
1979 2.8 0.401314
1980 2.9 0.416122
1981 2.95 0.419743
1982 3.05 0.419743
1983 3.1 0.403276
1984 3.1 0.403276
1985 3.1 0.403276
1986 3.1 0.403276
1987 3.05 0.393867
1988 3 0.403928
1989 3 0.403928
1990 3 0.403928
1991 3 0.403928
1992 3 0.403928
1993 3 0.403928
1994 3 0.410391
1995 2.95 0.413426
1996 2.95 0.413426
1997 2.95 0.413426
1998 2.95 0.400493
1999 3.05 0.413426
2000 3 0.39736
2001 2.95 0.387128
2002 2.95 0.387128
2003 2.95 0.387128
2004 2.95 0.387128
2005 2.95 0.407011
2006 2.95 0.407011
2007 2.95 0.407011
2008 2.95 0.407011
2009 2.9 0.403276
2010 2.9 0.403276
2011 2.85 0.399177
2012 2.75 0.376095
2013 2.75 0.376095
2014 2.75 0.376095
2015 2.7 0.391354
2016 2.75 0.396531
2017 2.7 0.398021
2018 2.8 0.394702
2019 2.85 0.405716
2020 2.9 0.416122
2021 2.85 0.43088
2022 2.85 0.43088
2023 2.85 0.43088
2024 2.85 0.43088
2025 2.8 0.420526
2026 2.75 0.409589
2027 2.7 0.391354
2028 2.7 0.391354
2029 2.7 0.391354
2030 2.6 0.372756
2031 2.6 0.372756
2032 2.6 0.372756
2033 2.6 0.372756
2034 2.6 0.372756
2035 2.6 0.343358
2036 2.55 0.336194
2037 2.5 0.336389
2038 2.5 0.336389
2039 2.55 0.351501
2040 2.6 0.350939
2041 2.55 0.336194
2042 2.45 0.358909
2043 2.5 0.359092
2044 2.5 0.359092
2045 2.5 0.359092
2046 2.65 0.334625
2047 2.65 0.334625
2048 2.55 0.328273
2049 2.45 0.303272
2050 2.45 0.28539
2051 2.4 0.284697
2052 2.4 0.284697
2053 2.45 0.276015
2054 2.4 0.284697
2055 2.45 0.28539
2056 2.45 0.28539
2057 2.25 0.260314
2058 2.15 0.243602
2059 2.25 0.25
2060 2.3 0.333246
2061 2.35 0.35
2062 2.35 0.334625
2063 2.35 0.334625
2064 2.4 0.343358
2065 2.4 0.343358
2066 2.3 0.356149
2067 2.3 0.356149
2068 2.3 0.356149
2069 2.3 0.356149
2070 2.3 0.356149
2071 2.25 0.346979
2072 2.25 0.346979
2073 2.25 0.33931
2074 2.25 0.33931
2075 2.25 0.33931
2076 2.2 0.329274
2077 2.25 0.315186
2078 2.25 0.315186
2079 2.2 0.312881
2080 2.2 0.312881
2081 2.2 0.312881
2082 2.2 0.312881
2083 2.15 0.292674
2084 2.2 0.304354
2085 2.25 0.306723
2086 2.2 0.312881
2087 2.25 0.331464
2088 2.25 0.331464
2089 2.25 0.33931
2090 2.25 0.33931
2091 2.25 0.33931
2092 2.2 0.329274
2093 2.2 0.329274
2094 2.25 0.323427
2095 2.2 0.337171
2096 2.2 0.352435
2097 2.15 0.35744
2098 2.1 0.362012
2099 2.1 0.354668
2100 2.1 0.354668
2101 2.1 0.354668
2102 2.05 0.343932
2103 2.1 0.339504
2104 2.15 0.334625
2105 2.15 0.334625
2106 2.1 0.331662
2107 2.1 0.331662
2108 2.1 0.331662
2109 2.1 0.331662
2110 2.1 0.331662
2111 2.1 0.331662
2112 2.1 0.339504
2113 2.15 0.326666
2114 2.2 0.329274
2115 2.2 0.329274
2116 2.25 0.315186
2117 2.25 0.315186
2118 2.2 0.295581
2119 2.15 0.301531
2120 2.15 0.301531
2121 2.15 0.301531
2122 2.15 0.301531
2123 2.05 0.311828
2124 2 0.316228
2125 1.95 0.311828
2126 1.95 0.303272
2127 1.95 0.303272
2128 1.95 0.303272
2129 1.95 0.303272
2130 1.9 0.315394
2131 2 0.307794
2132 1.9 0.289282
2133 1.95 0.28539
2134 2 0.280976
2135 2.05 0.276015
2136 2.05 0.276015
2137 2.05 0.276015
2138 2.2 0.277204
2139 2.2 0.277204
2140 2.2 0.28654
2141 2.2 0.28654
2142 2.2 0.28654
2143 2.2 0.28654
2144 2.15 0.254176
2145 2.25 0.25
2146 2.25 0.25
2147 2.25 0.25
2148 2.2 0.257519
2149 2.25 0.25
2150 2.25 0.25
2151 2.3 0.281911
2152 2.2 0.277204
2153 2.25 0.270234
2154 2.3 0.262578
2155 2.4 0.265568
2156 2.4 0.265568
2157 2.4 0.255467
2158 2.35 0.220943
2159 2.4 0.222427
2160 2.4 0.233959
2161 2.4 0.233959
2162 2.5 0.246021
2163 2.6 0.244949
2164 2.6 0.244949
2165 2.6 0.244949
2166 2.65 0.243602
2167 2.6 0.233959
2168 2.55 0.223312
2169 2.55 0.223312
2170 2.65 0.220943
2171 2.6 0.233959
2172 2.55 0.234801
2173 2.55 0.234801
2174 2.55 0.234801
2175 2.5 0.223607
2176 2.65 0.208693
2177 2.6 0.210263
2178 2.65 0.232549
2179 2.65 0.232549
2180 2.65 0.232549
2181 2.7 0.23056
2182 2.7 0.23056
2183 2.7 0.23056
2184 2.65 0.220943
2185 2.65 0.220943
2186 2.75 0.227977
2187 2.75 0.227977
2188 2.75 0.227977
2189 2.65 0.232549
2190 2.65 0.232549
2191 2.65 0.232549
2192 2.65 0.232549
2193 2.65 0.254176
2194 2.65 0.254176
2195 2.65 0.254176
2196 2.65 0.254176
2197 2.65 0.254176
2198 2.6 0.244949
2199 2.65 0.254176
2200 2.7 0.262578
2201 2.7 0.262578
2202 2.75 0.289055
2203 2.75 0.289055
2204 2.65 0.264326
2205 2.55 0.256238
2206 2.55 0.256238
2207 2.55 0.28539
2208 2.65 0.274101
2209 2.7 0.272416
2210 2.7 0.272416
2211 2.75 0.270234
2212 2.7 0.281911
2213 2.75 0.270234
2214 2.75 0.270234
2215 2.75 0.270234
2216 2.7 0.272416
2217 2.7 0.272416
2218 2.8 0.277204
2219 2.8 0.277204
2220 2.85 0.264326
2221 2.8 0.257519
2222 2.7 0.241704
2223 2.6 0.244949
2224 2.6 0.244949
2225 2.6 0.244949
2226 2.65 0.232549
2227 2.65 0.232549
2228 2.8 0.224781
2229 2.8 0.224781
2230 2.8 0.224781
2231 2.8 0.224781
2232 2.85 0.232549
2233 2.8 0.224781
2234 2.8 0.224781
2235 2.8 0.224781
2236 2.65 0.208693
2237 2.65 0.208693
2238 2.65 0.208693
2239 2.65 0.208693
2240 2.7 0.241704
2241 2.75 0.239242
2242 2.75 0.239242
2243 2.75 0.270234
2244 2.75 0.270234
2245 2.75 0.270234
2246 2.75 0.270234
2247 2.7 0.281911
2248 2.6 0.284697
2249 2.6 0.284697
2250 2.6 0.284697
2251 2.6 0.284697
2252 2.6 0.30262
2253 2.55 0.311828
2254 2.6 0.311195
2255 2.65 0.326666
2256 2.65 0.334625
2257 2.65 0.334625
2258 2.75 0.323427
2259 2.8 0.312881
2260 2.8 0.312881
2261 2.7 0.3
2262 2.7 0.3
2263 2.65 0.310136
2264 2.6 0.30262
2265 2.7 0.281911
2266 2.7 0.281911
2267 2.65 0.264326
2268 2.55 0.256238
2269 2.6 0.265568
2270 2.65 0.264326
2271 2.7 0.262578
2272 2.65 0.254176
2273 2.55 0.256238
2274 2.6 0.255467
2275 2.55 0.28539
2276 2.6 0.293795
2277 2.6 0.293795
2278 2.6 0.293795
2279 2.65 0.28354
2280 2.65 0.28354
2281 2.65 0.28354
2282 2.7 0.291096
2283 2.7 0.3
2284 2.75 0.29802
2285 2.75 0.29802
2286 2.7 0.308647
2287 2.65 0.318508
2288 2.7 0.325253
2289 2.8 0.321182
2290 2.8 0.321182
2291 2.75 0.331464
2292 2.8 0.337171
2293 2.8 0.337171
2294 2.8 0.337171
2295 2.8 0.321182
2296 2.8 0.321182
2297 2.85 0.326666
2298 2.85 0.334625
2299 2.85 0.334625
2300 2.85 0.334625
2301 2.8 0.337171
2302 2.8 0.337171
2303 2.85 0.310136
2304 2.75 0.323427
2305 2.75 0.346979
2306 2.65 0.318508
2307 2.6 0.311195
2308 2.6 0.335606
2309 2.7 0.333246
2310 2.65 0.342399
2311 2.65 0.342399
2312 2.6 0.327671
2313 2.6 0.30262
2314 2.6 0.30262
2315 2.6 0.311195
2316 2.6 0.311195
2317 2.65 0.318508
2318 2.7 0.308647
2319 2.7 0.308647
2320 2.7 0.308647
2321 2.65 0.301531
2322 2.6 0.293795
2323 2.65 0.301531
2324 2.65 0.301531
2325 2.65 0.301531
2326 2.6 0.293795
2327 2.6 0.293795
2328 2.65 0.292674
2329 2.65 0.292674
2330 2.7 0.281911
2331 2.65 0.264326
2332 2.7 0.281911
2333 2.75 0.29802
2334 2.8 0.304354
2335 2.8 0.312881
2336 2.8 0.312881
2337 2.8 0.312881
2338 2.8 0.312881
2339 2.7 0.291096
2340 2.75 0.315186
2341 2.7 0.291096
2342 2.65 0.310136
2343 2.65 0.310136
2344 2.65 0.310136
2345 2.6 0.30262
2346 2.65 0.292674
2347 2.65 0.292674
2348 2.75 0.29802
2349 2.75 0.29802
2350 2.8 0.295581
2351 2.8 0.295581
2352 2.8 0.295581
2353 2.85 0.28354
2354 2.9 0.289282
2355 2.9 0.289282
2356 2.9 0.289282
2357 2.9 0.289282
2358 2.9 0.289282
2359 2.9 0.306937
2360 2.9 0.306937
2361 2.95 0.311828
2362 2.9 0.315394
2363 2.85 0.326666
2364 2.75 0.306723
2365 2.8 0.304354
2366 2.85 0.326666
2367 2.85 0.326666
2368 2.8 0.337171
2369 2.8 0.337171
2370 2.75 0.33931
2371 2.75 0.33931
2372 2.7 0.333246
2373 2.75 0.36183
2374 2.8 0.352435
2375 2.8 0.352435
2376 2.75 0.36183
2377 2.8 0.367065
2378 2.85 0.371873
2379 2.9 0.354668
2380 2.95 0.366168
2381 2.95 0.366168
2382 2.95 0.366168
2383 2.95 0.366168
2384 2.9 0.339504
2385 2.9 0.339504
2386 2.95 0.351501
2387 2.9 0.36921
2388 2.9 0.36921
2389 2.85 0.364728
2390 2.85 0.364728
2391 2.95 0.38027
2392 2.9 0.36921
2393 2.85 0.35744
2394 2.85 0.35744
2395 2.85 0.35744
2396 2.75 0.369031
2397 2.75 0.369031
2398 2.65 0.334625
2399 2.65 0.334625
2400 2.65 0.364728
2401 2.7 0.370632
2402 2.7 0.377666
2403 2.7 0.370632
2404 2.7 0.370632
2405 2.7 0.370632
2406 2.65 0.392529
2407 2.65 0.392529
2408 2.65 0.392529
2409 2.65 0.392529
2410 2.7 0.417385
2411 2.75 0.409589
2412 2.75 0.409589
2413 2.75 0.409589
2414 2.75 0.409589
2415 2.75 0.409589
2416 2.75 0.409589
2417 2.7 0.404579
2418 2.7 0.404579
2419 2.7 0.404579
2420 2.7 0.404579
2421 2.75 0.389838
2422 2.75 0.389838
2423 2.75 0.389838
2424 2.75 0.389838
2425 2.7 0.384571
2426 2.7 0.384571
2427 2.7 0.363463
2428 2.7 0.363463
2429 2.65 0.35744
2430 2.55 0.336194
2431 2.55 0.336194
2432 2.55 0.336194
2433 2.5 0.380443
2434 2.5 0.380443
2435 2.6 0.379751
2436 2.6 0.379751
2437 2.55 0.38027
2438 2.55 0.38027
2439 2.5 0.373462
2440 2.5 0.373462
2441 2.45 0.387128
2442 2.5 0.387298
2443 2.5 0.387298
2444 2.5 0.387298
2445 2.5 0.387298
2446 2.45 0.400493
2447 2.45 0.400493
2448 2.4 0.406526
2449 2.3 0.377666
2450 2.3 0.398021
2451 2.3 0.398021
2452 2.25 0.383028
2453 2.2 0.381134
2454 2.25 0.409589
2455 2.25 0.409589
2456 2.25 0.409589
2457 2.3 0.423643
2458 2.3 0.423643
2459 2.3 0.423643
2460 2.3 0.42981
2461 2.3 0.42981
2462 2.25 0.440544
2463 2.3 0.42981
2464 2.3 0.42981
2465 2.3 0.42981
2466 2.3 0.42981
2467 2.3 0.42981
2468 2.3 0.42981
2469 2.3 0.42981
2470 2.35 0.436945
2471 2.35 0.436945
2472 2.4 0.431643
2473 2.4 0.431643
2474 2.45 0.419743
2475 2.35 0.43088
2476 2.35 0.43088
2477 2.35 0.43088
2478 2.35 0.43088
2479 2.4 0.46112
2480 2.4 0.46112
2481 2.5 0.483953
2482 2.5 0.483953
2483 2.55 0.51542
2484 2.6 0.509902
2485 2.45 0.438148
2486 2.5 0.426121
2487 2.5 0.426121
2488 2.45 0.413426
2489 2.5 0.426121
2490 2.5 0.426121
2491 2.5 0.426121
2492 2.5 0.426121
2493 2.5 0.426121
2494 2.5 0.426121
2495 2.5 0.426121
2496 2.55 0.444114
2497 2.5 0.4199
2498 2.55 0.444114
2499 2.5 0.450146
2500 2.45 0.461548
2501 2.4 0.437697
2502 2.4 0.437697
2503 2.45 0.4321
2504 2.55 0.467215
2505 2.55 0.467215
2506 2.55 0.467215
2507 2.55 0.467215
2508 2.55 0.467215
2509 2.6 0.46112
2510 2.6 0.46112
2511 2.6 0.46112
2512 2.55 0.45581
2513 2.5 0.450146
2514 2.5 0.450146
2515 2.55 0.461548
2516 2.55 0.461548
2517 2.55 0.461548
2518 2.5 0.46169
2519 2.5 0.46169
2520 2.6 0.46112
2521 2.6 0.46112
2522 2.55 0.467215
2523 2.55 0.467215
2524 2.6 0.455377
2525 2.6 0.455377
2526 2.65 0.448829
2527 2.55 0.425966
2528 2.5 0.432252
2529 2.5 0.432252
2530 2.45 0.438148
2531 2.45 0.438148
2532 2.4 0.425503
2533 2.4 0.443669
2534 2.4 0.443669
2535 2.45 0.467215
2536 2.45 0.467215
2537 2.45 0.467215
2538 2.5 0.478484
2539 2.45 0.467215
2540 2.45 0.467215
2541 2.5 0.478484
2542 2.45 0.472814
2543 2.45 0.472814
2544 2.45 0.472814
2545 2.5 0.46169
2546 2.45 0.45581
2547 2.45 0.45581
2548 2.45 0.45581
2549 2.4 0.437697
2550 2.4 0.437697
2551 2.45 0.444114
2552 2.45 0.444114
2553 2.5 0.450146
2554 2.45 0.45581
2555 2.45 0.45581
2556 2.45 0.45581
2557 2.45 0.45581
2558 2.45 0.45581
2559 2.4 0.443669
2560 2.4 0.431643
2561 2.4 0.431643
2562 2.45 0.4321
2563 2.45 0.4321
2564 2.45 0.4321
2565 2.4 0.431643
2566 2.4 0.431643
2567 2.4 0.431643
2568 2.35 0.442927
2569 2.35 0.442927
2570 2.45 0.438148
2571 2.4 0.412948
2572 2.35 0.412151
2573 2.3 0.411032
2574 2.3 0.411032
2575 2.35 0.412151
2576 2.4 0.4
2577 2.45 0.387128
2578 2.45 0.387128
2579 2.45 0.387128
2580 2.45 0.387128
2581 2.35 0.378883
2582 2.4 0.372756
2583 2.45 0.387128
2584 2.55 0.38027
2585 2.55 0.38027
2586 2.45 0.366168
2587 2.45 0.366168
2588 2.4 0.343358
2589 2.45 0.343932
2590 2.45 0.343932
2591 2.45 0.343932
2592 2.45 0.343932
2593 2.45 0.343932
2594 2.45 0.343932
2595 2.45 0.343932
2596 2.4 0.358359
2597 2.4 0.358359
2598 2.4 0.343358
2599 2.4 0.343358
2600 2.35 0.326666
2601 2.35 0.326666
2602 2.35 0.326666
2603 2.4 0.343358
2604 2.4 0.343358
2605 2.4 0.343358
2606 2.3 0.370632
2607 2.3 0.370632
2608 2.4 0.379751
2609 2.4 0.379751
2610 2.4 0.379751
2611 2.35 0.378883
2612 2.35 0.378883
2613 2.4 0.365629
2614 2.35 0.378883
2615 2.35 0.378883
2616 2.4 0.393366
2617 2.35 0.392529
2618 2.35 0.392529
2619 2.35 0.392529
2620 2.35 0.392529
2621 2.35 0.392529
2622 2.35 0.392529
2623 2.4 0.406526
2624 2.45 0.407011
2625 2.4 0.412948
2626 2.4 0.412948
2627 2.45 0.413426
2628 2.4 0.4
2629 2.4 0.4
2630 2.4 0.4
2631 2.4 0.4
2632 2.4 0.4
2633 2.4 0.4
2634 2.35 0.392529
2635 2.35 0.392529
2636 2.35 0.392529
2637 2.35 0.392529
2638 2.35 0.392529
2639 2.35 0.392529
2640 2.3 0.391354
2641 2.3 0.391354
2642 2.25 0.376095
2643 2.25 0.376095
2644 2.25 0.376095
2645 2.25 0.376095
2646 2.25 0.396531
2647 2.25 0.396531
2648 2.25 0.396531
2649 2.25 0.396531
2650 2.2 0.381134
2651 2.2 0.381134
2652 2.2 0.381134
2653 2.25 0.396531
2654 2.25 0.396531
2655 2.25 0.396531
2656 2.2 0.394702
2657 2.25 0.396531
2658 2.25 0.396531
2659 2.3 0.398021
2660 2.3 0.398021
2661 2.35 0.405716
2662 2.35 0.405716
2663 2.35 0.405716
2664 2.25 0.383028
2665 2.35 0.399177
2666 2.25 0.383028
2667 2.2 0.381134
