0 0 0
1 3.9 0.354668
2 2.1 0.270477
3 1.05 0.184605
4 0.7 0.179179
5 0.6 0.197351
6 0.45 0.135239
7 0.45 0.114133
8 0.6 0.183533
9 0.55 0.184605
10 0.4 0.183533
11 0.35 0.181731
12 0.15 0.109424
13 0.15 0.109424
14 0.15 0.109424
15 0.2 0.11698
16 0.25 0.12301
17 0.25 0.12301
18 0.35 0.166623
19 0.45 0.169752
20 0.25 0.12301
21 0.25 0.12301
22 0.25 0.12301
23 0.1 0.0688247
24 0.15 0.0819178
25 0.15 0.0819178
26 0.2 0.11698
27 0.2 0.0917663
28 0.2 0.0917663
29 0.2 0.0917663
30 0.3 0.146898
31 0.2 0.11698
32 0.2 0.0917663
33 0.1 0.0688247
34 0.1 0.0688247
35 0.1 0.0688247
36 0.1 0.0688247
37 0.15 0.0819178
38 0.15 0.0819178
39 0.1 0.0688247
40 0.1 0.0688247
41 0.1 0.0688247
42 0.1 0.0688247
43 0.05 0.05
44 0.05 0.05
45 0.05 0.05
46 0.1 0.0688247
47 0.25 0.0993399
48 0.15 0.0819178
49 0.15 0.0819178
50 0.35 0.15
51 0.2 0.11698
52 0.25 0.12301
53 0.25 0.12301
54 0.2 0.11698
55 0.1 0.0688247
56 0.2 0.0917663
57 0.2 0.0917663
58 0.25 0.0993399
59 0.25 0.0993399
60 0.25 0.0993399
61 0.25 0.0993399
62 0.25 0.0993399
63 0.3 0.105131
64 0.2 0.0917663
65 0.3 0.105131
66 0.25 0.0993399
67 0.1 0.0688247
68 0.1 0.0688247
69 0.1 0.0688247
70 0.15 0.0819178
71 0.15 0.0819178
72 0.15 0.0819178
73 0.1 0.0688247
74 0.25 0.0993399
75 0.25 0.0993399
76 0.25 0.0993399
77 0.25 0.0993399
78 0.25 0.0993399
79 0.15 0.0819178
80 0.15 0.0819178
81 0.15 0.0819178
82 0.15 0.0819178
83 0.15 0.0819178
84 0.15 0.0819178
85 0.15 0.0819178
86 0.1 0.0688247
87 0.25 0.12301
88 0.1 0.0688247
89 0.05 0.05
90 0.1 0.0688247
91 0.2 0.0917663
92 0.15 0.0819178
93 0.2 0.0917663
94 0.15 0.0819178
95 0.15 0.0819178
96 0.15 0.0819178
97 0.15 0.0819178
98 0.2 0.0917663
99 0.25 0.0993399
100 0.3 0.105131
101 0.4 0.133771
102 0.3 0.127733
103 0.3 0.127733
104 0.4 0.133771
105 0.35 0.131289
106 0.4 0.152177
107 0.35 0.131289
108 0.35 0.15
109 0.35 0.15
110 0.4 0.152177
111 0.35 0.15
112 0.4 0.152177
113 0.45 0.135239
114 0.35 0.131289
115 0.4 0.168585
116 0.4 0.168585
117 0.4 0.168585
118 0.4 0.168585
119 0.4 0.168585
120 0.35 0.131289
121 0.35 0.131289
122 0.35 0.131289
123 0.3 0.127733
124 0.3 0.127733
125 0.25 0.0993399
126 0.25 0.0993399
127 0.2 0.0917663
128 0.2 0.0917663
129 0.2 0.0917663
130 0.2 0.0917663
131 0.2 0.0917663
132 0.2 0.0917663
133 0.25 0.0993399
134 0.25 0.0993399
135 0.25 0.0993399
136 0.25 0.0993399
137 0.25 0.0993399
138 0.2 0.0917663
139 0.15 0.0819178
140 0.25 0.0993399
141 0.25 0.0993399
142 0.3 0.105131
143 0.25 0.0993399
144 0.35 0.131289
145 0.35 0.131289
146 0.3 0.127733
147 0.35 0.131289
148 0.35 0.131289
149 0.3 0.127733
150 0.3 0.127733
151 0.3 0.127733
152 0.25 0.12301
153 0.25 0.12301
154 0.15 0.0819178
155 0.25 0.0993399
156 0.3 0.105131
157 0.3 0.105131
158 0.25 0.0993399
159 0.25 0.0993399
160 0.2 0.0917663
161 0.2 0.0917663
162 0.15 0.0819178
163 0.15 0.0819178
164 0.15 0.0819178
165 0.2 0.0917663
166 0.25 0.12301
167 0.15 0.109424
168 0.15 0.109424
169 0.2 0.0917663
170 0.4 0.152177
171 0.35 0.15
172 0.35 0.131289
173 0.3 0.127733
174 0.35 0.15
175 0.4 0.152177
176 0.4 0.152177
177 0.4 0.133771
178 0.35 0.131289
179 0.45 0.153469
180 0.35 0.15
181 0.25 0.12301
182 0.2 0.11698
183 0.15 0.0819178
184 0.15 0.0819178
185 0.2 0.0917663
186 0.15 0.0819178
187 0.2 0.0917663
188 0.2 0.0917663
189 0.2 0.0917663
190 0.25 0.0993399
191 0.2 0.0917663
192 0.2 0.0917663
193 0.3 0.127733
194 0.15 0.0819178
195 0.15 0.0819178
196 0.25 0.12301
197 0.25 0.12301
198 0.25 0.12301
199 0.25 0.12301
200 0.25 0.12301
201 0.3 0.127733
202 0.15 0.0819178
203 0.15 0.0819178
204 0.15 0.0819178
205 0.15 0.0819178
206 0.15 0.0819178
207 0.2 0.11698
208 0.2 0.11698
209 0.15 0.109424
210 0.25 0.12301
211 0.25 0.12301
212 0.2 0.0917663
213 0.2 0.0917663
214 0.25 0.0993399
215 0.2 0.0917663
216 0.2 0.0917663
217 0.2 0.0917663
218 0.25 0.0993399
219 0.25 0.0993399
220 0.3 0.105131
221 0.2 0.0917663
222 0.2 0.0917663
223 0.2 0.0917663
224 0.2 0.0917663
225 0.25 0.0993399
226 0.2 0.0917663
227 0.2 0.0917663
228 0.25 0.0993399
229 0.2 0.0917663
230 0.2 0.0917663
231 0.25 0.0993399
232 0.35 0.109424
233 0.3 0.105131
234 0.3 0.105131
235 0.3 0.127733
236 0.3 0.127733
237 0.4 0.152177
238 0.4 0.152177
239 0.45 0.184605
240 0.4 0.168585
241 0.3 0.127733
242 0.3 0.127733
243 0.2 0.11698
244 0.3 0.127733
245 0.35 0.15
246 0.3 0.146898
247 0.35 0.15
248 0.4 0.197351
249 0.15 0.0819178
250 0.15 0.109424
251 0.1 0.0688247
252 0.1 0.0688247
253 0.1 0.0688247
254 0.1 0.0688247
255 0.05 0.05
256 0.1 0.0688247
257 0.1 0.0688247
258 0.15 0.0819178
259 0.15 0.109424
260 0.1 0.1
261 0.2 0.11698
262 0.3 0.127733
263 0.25 0.0993399
264 0.25 0.12301
265 0.2 0.11698
266 0.2 0.11698
267 0.25 0.12301
268 0.1 0.0688247
269 0.1 0.0688247
270 0.15 0.0819178
271 0.2 0.0917663
272 0.15 0.0819178
273 0.15 0.0819178
274 0.25 0.0993399
275 0.2 0.0917663
276 0.2 0.0917663
277 0.2 0.0917663
278 0.25 0.0993399
279 0.15 0.0819178
280 0.25 0.12301
281 0.2 0.0917663
282 0.15 0.0819178
283 0.3 0.105131
284 0.3 0.105131
285 0.3 0.105131
286 0.25 0.0993399
287 0.25 0.0993399
288 0.3 0.105131
289 0.25 0.0993399
290 0.3 0.127733
291 0.3 0.127733
292 0.2 0.0917663
293 0.2 0.0917663
294 0.2 0.11698
295 0.15 0.0819178
296 0.2 0.0917663
297 0.25 0.0993399
298 0.2 0.0917663
299 0.25 0.12301
300 0.2 0.0917663
301 0.3 0.105131
302 0.2 0.0917663
303 0.15 0.0819178
304 0.2 0.0917663
305 0.2 0.0917663
306 0.25 0.0993399
307 0.3 0.105131
308 0.3 0.105131
309 0.35 0.109424
310 0.35 0.109424
311 0.4 0.11239
312 0.35 0.109424
313 0.3 0.105131
314 0.3 0.105131
315 0.25 0.0993399
316 0.25 0.0993399
317 0.25 0.0993399
318 0.25 0.0993399
319 0.35 0.109424
320 0.3 0.127733
321 0.25 0.0993399
322 0.35 0.15
323 0.35 0.166623
324 0.3 0.163836
325 0.25 0.0993399
326 0.3 0.105131
327 0.1 0.0688247
328 0.15 0.0819178
329 0.1 0.0688247
330 0.15 0.0819178
331 0.2 0.0917663
332 0.2 0.0917663
333 0.25 0.0993399
334 0.3 0.105131
335 0.3 0.105131
336 0.25 0.0993399
337 0.25 0.0993399
338 0.25 0.0993399
339 0.3 0.127733
340 0.3 0.127733
341 0.3 0.127733
342 0.3 0.127733
343 0.35 0.131289
344 0.25 0.12301
345 0.2 0.11698
346 0.25 0.160181
347 0.25 0.160181
348 0.4 0.183533
349 0.45 0.169752
350 0.45 0.153469
351 0.5 0.153897
352 0.4 0.152177
353 0.45 0.135239
354 0.35 0.109424
355 0.3 0.105131
356 0.3 0.105131
357 0.25 0.0993399
358 0.25 0.0993399
359 0.25 0.0993399
360 0.25 0.0993399
361 0.25 0.0993399
362 0.3 0.105131
363 0.35 0.109424
364 0.3 0.105131
365 0.3 0.163836
366 0.3 0.163836
367 0.3 0.163836
368 0.3 0.163836
369 0.25 0.0993399
370 0.2 0.0917663
371 0.2 0.0917663
372 0.15 0.0819178
373 0.15 0.0819178
374 0.15 0.0819178
375 0.1 0.0688247
376 0.1 0.0688247
377 0.15 0.0819178
378 0.1 0.0688247
379 0.15 0.0819178
380 0.2 0.0917663
381 0.25 0.0993399
382 0.25 0.0993399
383 0.25 0.0993399
384 0.2 0.0917663
385 0.1 0.0688247
386 0.1 0.0688247
387 0.05 0.05
388 0.2 0.0917663
389 0.25 0.0993399
390 0.15 0.0819178
391 0.15 0.0819178
392 0.1 0.0688247
393 0.15 0.0819178
394 0.15 0.0819178
395 0.1 0.0688247
396 0.1 0.0688247
397 0.1 0.0688247
398 0.1 0.0688247
399 0.15 0.0819178
400 0.25 0.0993399
401 0.2 0.0917663
402 0.25 0.12301
403 0.15 0.0819178
404 0.15 0.0819178
405 0.1 0.0688247
406 0.15 0.0819178
407 0.2 0.0917663
408 0.2 0.0917663
409 0.2 0.0917663
410 0.2 0.0917663
411 0.15 0.0819178
412 0.2 0.0917663
413 0.2 0.0917663
414 0.2 0.0917663
415 0.2 0.0917663
416 0.2 0.0917663
417 0.2 0.0917663
418 0.2 0.0917663
419 0.1 0.0688247
420 0.1 0.0688247
421 0.05 0.05
422 0.05 0.05
423 0.05 0.05
424 0.05 0.05
425 0 0
426 0.05 0.05
427 0.05 0.05
428 0.1 0.0688247
429 0.1 0.0688247
430 0.1 0.0688247
431 0.1 0.0688247
432 0.1 0.0688247
433 0.1 0.0688247
434 0.1 0.0688247
435 0.2 0.0917663
436 0.15 0.109424
437 0.2 0.11698
438 0.2 0.11698
439 0.3 0.146898
440 0.2 0.11698
441 0.2 0.11698
442 0.25 0.12301
443 0.2 0.11698
444 0.25 0.12301
445 0.3 0.163836
446 0.25 0.160181
447 0.15 0.0819178
448 0.15 0.0819178
449 0.15 0.0819178
450 0.1 0.0688247
451 0.05 0.05
452 0.05 0.05
453 0.05 0.05
454 0.15 0.0819178
455 0.2 0.0917663
456 0.2 0.0917663
457 0.15 0.0819178
458 0.3 0.127733
459 0.4 0.168585
460 0.3 0.146898
461 0.25 0.12301
462 0.2 0.0917663
463 0.25 0.0993399
464 0.3 0.105131
465 0.3 0.105131
466 0.4 0.152177
467 0.35 0.15
468 0.35 0.15
469 0.35 0.15
470 0.35 0.15
471 0.25 0.12301
472 0.1 0.0688247
473 0.15 0.109424
474 0.15 0.109424
475 0.15 0.109424
476 0.1 0.1
477 0.15 0.109424
478 0.15 0.109424
479 0.1 0.1
480 0 0
481 0 0
482 0.1 0.0688247
483 0.1 0.0688247
484 0.2 0.0917663
485 0.25 0.0993399
486 0.2 0.0917663
487 0.15 0.0819178
488 0.15 0.0819178
489 0.1 0.0688247
490 0.2 0.0917663
491 0.2 0.0917663
492 0.2 0.0917663
493 0.1 0.0688247
494 0.15 0.0819178
495 0.2 0.0917663
496 0.2 0.0917663
497 0.15 0.0819178
498 0.15 0.0819178
499 0.15 0.0819178
500 0.15 0.0819178
501 0.1 0.0688247
502 0.25 0.160181
503 0.25 0.160181
504 0.15 0.0819178
505 0.15 0.0819178
506 0.05 0.05
507 0.05 0.05
508 0.05 0.05
509 0.05 0.05
510 0.05 0.05
511 0.15 0.109424
512 0.1 0.0688247
513 0.1 0.0688247
514 0.05 0.05
515 0.05 0.05
516 0.1 0.0688247
517 0.15 0.0819178
518 0.2 0.0917663
519 0.2 0.0917663
520 0.2 0.0917663
521 0.25 0.12301
522 0.2 0.11698
523 0.2 0.11698
524 0.2 0.11698
525 0.25 0.12301
526 0.25 0.12301
527 0.3 0.127733
528 0.25 0.12301
529 0.25 0.12301
530 0.25 0.12301
531 0.2 0.11698
532 0.2 0.11698
533 0.15 0.109424
534 0.2 0.11698
535 0.2 0.0917663
536 0.25 0.0993399
537 0.25 0.0993399
538 0.25 0.0993399
539 0.25 0.0993399
540 0.2 0.0917663
541 0.2 0.0917663
542 0.25 0.160181
543 0.15 0.0819178
544 0.15 0.0819178
545 0.1 0.0688247
546 0.1 0.0688247
547 0.15 0.0819178
548 0.15 0.0819178
549 0.15 0.0819178
550 0.2 0.0917663
551 0.3 0.105131
552 0.3 0.105131
553 0.3 0.105131
554 0.3 0.105131
555 0.3 0.105131
556 0.3 0.105131
557 0.35 0.109424
558 0.35 0.109424
559 0.25 0.0993399
560 0.25 0.0993399
561 0.25 0.0993399
562 0.2 0.0917663
563 0.1 0.0688247
564 0.1 0.0688247
565 0.25 0.12301
566 0.2 0.11698
567 0.15 0.109424
568 0.25 0.12301
569 0.25 0.12301
570 0.3 0.127733
571 0.3 0.127733
572 0.3 0.127733
573 0.3 0.127733
574 0.25 0.12301
575 0.25 0.12301
576 0.15 0.0819178
577 0.2 0.11698
578 0.2 0.11698
579 0.1 0.0688247
580 0.1 0.1
581 0.1 0.1
582 0.1 0.1
583 0.15 0.109424
584 0.1 0.0688247
585 0.2 0.0917663
586 0.2 0.0917663
587 0.1 0.0688247
588 0.05 0.05
589 0.05 0.05
590 0.1 0.0688247
591 0.05 0.05
592 0.05 0.05
593 0.1 0.0688247
594 0.15 0.0819178
595 0.15 0.0819178
596 0.15 0.0819178
597 0.15 0.0819178
598 0.1 0.0688247
599 0.1 0.0688247
600 0.05 0.05
601 0.05 0.05
602 0.05 0.05
603 0.05 0.05
604 0.05 0.05
605 0.05 0.05
606 0.05 0.05
607 0.1 0.0688247
608 0.15 0.0819178
609 0.15 0.0819178
610 0.15 0.0819178
611 0.15 0.0819178
612 0.1 0.0688247
613 0.1 0.0688247
614 0.05 0.05
615 0.05 0.05
616 0.05 0.05
617 0.1 0.0688247
618 0.1 0.0688247
619 0.1 0.0688247
620 0.15 0.0819178
621 0.05 0.05
622 0.05 0.05
623 0.05 0.05
624 0.1 0.1
625 0.1 0.1
626 0.1 0.1
627 0.1 0.1
628 0.15 0.0819178
629 0.2 0.11698
630 0.2 0.0917663
631 0.35 0.131289
632 0.3 0.127733
633 0.3 0.127733
634 0.2 0.0917663
635 0.25 0.12301
636 0.25 0.12301
637 0.25 0.12301
638 0.3 0.146898
639 0.3 0.146898
640 0.25 0.12301
641 0.25 0.12301
642 0.4 0.168585
643 0.45 0.169752
644 0.4 0.168585
645 0.45 0.184605
646 0.55 0.184605
647 0.55 0.184605
648 0.4 0.152177
649 0.4 0.152177
650 0.35 0.15
651 0.35 0.15
652 0.2 0.0917663
653 0.25 0.0993399
654 0.25 0.0993399
655 0.35 0.131289
656 0.4 0.152177
657 0.35 0.131289
658 0.4 0.133771
659 0.35 0.131289
660 0.35 0.131289
661 0.3 0.127733
662 0.25 0.12301
663 0.25 0.12301
664 0.3 0.127733
665 0.25 0.0993399
666 0.25 0.0993399
667 0.35 0.131289
668 0.4 0.133771
669 0.35 0.131289
670 0.35 0.131289
671 0.35 0.131289
672 0.35 0.131289
673 0.35 0.131289
674 0.25 0.12301
675 0.25 0.12301
676 0.25 0.12301
677 0.25 0.12301
678 0.2 0.11698
679 0.2 0.11698
680 0.15 0.0819178
681 0.2 0.0917663
682 0.2 0.11698
683 0.15 0.0819178
684 0.15 0.0819178
685 0.15 0.0819178
686 0.15 0.0819178
687 0.1 0.0688247
688 0.1 0.0688247
689 0.1 0.0688247
690 0.15 0.0819178
691 0.2 0.11698
692 0.2 0.11698
693 0.1 0.0688247
694 0.1 0.0688247
695 0.1 0.0688247
696 0.2 0.11698
697 0.15 0.109424
698 0.15 0.109424
699 0.15 0.109424
700 0.2 0.11698
701 0.2 0.11698
702 0.2 0.11698
703 0.2 0.11698
704 0.2 0.11698
705 0.2 0.11698
706 0.2 0.11698
707 0.2 0.11698
708 0.2 0.11698
709 0.2 0.11698
710 0.15 0.109424
711 0.15 0.109424
712 0.05 0.05
713 0.05 0.05
714 0.1 0.0688247
715 0.05 0.05
716 0.05 0.05
717 0.1 0.0688247
718 0.05 0.05
719 0.05 0.05
720 0.05 0.05
721 0.1 0.0688247
722 0.15 0.0819178
723 0.15 0.0819178
724 0.15 0.0819178
725 0.1 0.0688247
726 0.15 0.0819178
727 0.15 0.0819178
728 0.15 0.0819178
729 0.25 0.12301
730 0.25 0.12301
731 0.2 0.11698
732 0.15 0.0819178
733 0.1 0.0688247
734 0.1 0.0688247
735 0.1 0.0688247
736 0.1 0.0688247
737 0.1 0.0688247
738 0.05 0.05
739 0.05 0.05
740 0.05 0.05
741 0.15 0.109424
742 0.1 0.0688247
743 0.1 0.0688247
744 0.1 0.0688247
745 0.1 0.0688247
746 0.1 0.0688247
747 0.1 0.0688247
748 0.15 0.0819178
749 0.15 0.0819178
750 0.1 0.0688247
751 0.05 0.05
752 0.05 0.05
753 0.05 0.05
754 0.05 0.05
755 0.05 0.05
756 0.05 0.05
757 0.15 0.0819178
758 0.25 0.12301
759 0.25 0.12301
760 0.2 0.11698
761 0.25 0.12301
762 0.15 0.0819178
763 0.15 0.0819178
764 0.2 0.11698
765 0.2 0.11698
766 0.2 0.11698
767 0.2 0.11698
768 0.3 0.163836
769 0.3 0.163836
770 0.3 0.163836
771 0.35 0.166623
772 0.35 0.131289
773 0.35 0.131289
774 0.3 0.127733
775 0.4 0.133771
776 0.25 0.0993399
777 0.25 0.0993399
778 0.25 0.0993399
779 0.2 0.0917663
780 0.25 0.0993399
781 0.3 0.146898
782 0.2 0.11698
783 0.2 0.11698
784 0.15 0.0819178
785 0.25 0.0993399
786 0.25 0.0993399
787 0.3 0.127733
788 0.25 0.0993399
789 0.3 0.127733
790 0.35 0.15
791 0.2 0.0917663
792 0.2 0.0917663
793 0.25 0.0993399
794 0.2 0.0917663
795 0.2 0.0917663
796 0.15 0.0819178
797 0.15 0.0819178
798 0.15 0.0819178
799 0.15 0.0819178
800 0.15 0.0819178
801 0.15 0.109424
802 0.15 0.109424
803 0.2 0.155597
804 0.3 0.163836
805 0.25 0.160181
806 0.25 0.160181
807 0.2 0.11698
808 0.2 0.0917663
809 0.15 0.0819178
810 0.1 0.0688247
811 0.05 0.05
812 0 0
813 0.1 0.0688247
814 0.1 0.0688247
815 0.05 0.05
816 0.1 0.0688247
817 0.1 0.0688247
818 0.1 0.0688247
819 0.1 0.0688247
820 0.1 0.0688247
821 0.05 0.05
822 0.05 0.05
823 0.05 0.05
824 0.05 0.05
825 0.05 0.05
826 0.1 0.0688247
827 0.1 0.0688247
828 0.1 0.0688247
829 0.1 0.0688247
830 0.1 0.0688247
831 0.2 0.11698
832 0.2 0.11698
833 0.25 0.12301
834 0.25 0.12301
835 0.25 0.12301
836 0.25 0.12301
837 0.3 0.146898
838 0.3 0.146898
839 0.3 0.146898
840 0.35 0.15
841 0.2 0.11698
842 0.25 0.12301
843 0.2 0.155597
844 0.1 0.0688247
845 0.1 0.0688247
846 0.15 0.0819178
847 0.2 0.0917663
848 0.1 0.0688247
849 0.2 0.0917663
850 0.25 0.0993399
851 0.2 0.0917663
852 0.2 0.0917663
853 0.2 0.0917663
854 0.2 0.0917663
855 0.2 0.0917663
856 0.2 0.0917663
857 0.2 0.0917663
858 0.2 0.0917663
859 0.2 0.0917663
860 0.15 0.0819178
861 0.25 0.0993399
862 0.3 0.105131
863 0.3 0.105131
864 0.3 0.105131
865 0.4 0.11239
866 0.4 0.11239
867 0.4 0.11239
868 0.4 0.133771
869 0.4 0.133771
870 0.3 0.105131
871 0.35 0.109424
872 0.35 0.109424
873 0.4 0.11239
874 0.25 0.0993399
875 0.4 0.152177
876 0.25 0.12301
877 0.3 0.127733
878 0.3 0.127733
879 0.35 0.131289
880 0.3 0.127733
881 0.3 0.127733
882 0.3 0.127733
883 0.25 0.12301
884 0.2 0.11698
885 0.3 0.127733
886 0.35 0.15
887 0.4 0.152177
888 0.2 0.0917663
889 0.15 0.0819178
890 0.15 0.0819178
891 0.15 0.0819178
892 0.15 0.0819178
893 0.2 0.0917663
894 0.2 0.0917663
895 0.2 0.0917663
896 0.2 0.0917663
897 0.1 0.0688247
898 0.1 0.0688247
899 0.05 0.05
900 0.15 0.0819178
901 0.15 0.0819178
902 0.2 0.0917663
903 0.15 0.0819178
904 0.2 0.0917663
905 0.15 0.0819178
906 0.15 0.0819178
907 0.2 0.0917663
908 0.25 0.0993399
909 0.2 0.0917663
910 0.2 0.0917663
911 0.2 0.0917663
912 0.15 0.0819178
913 0.15 0.0819178
914 0.15 0.0819178
915 0.15 0.0819178
916 0.1 0.0688247
917 0.05 0.05
918 0.05 0.05
919 0.05 0.05
920 0.05 0.05
921 0.05 0.05
922 0.05 0.05
923 0.15 0.0819178
924 0.15 0.0819178
925 0.15 0.0819178
926 0.1 0.0688247
927 0.15 0.0819178
928 0.15 0.0819178
929 0.2 0.0917663
930 0.2 0.0917663
931 0.2 0.0917663
932 0.2 0.0917663
933 0.2 0.0917663
934 0.25 0.0993399
935 0.25 0.0993399
936 0.25 0.0993399
937 0.25 0.0993399
938 0.25 0.0993399
939 0.25 0.0993399
940 0.25 0.0993399
941 0.3 0.127733
942 0.35 0.181731
943 0.25 0.160181
944 0.15 0.0819178
945 0.15 0.0819178
946 0.15 0.0819178
947 0.15 0.0819178
948 0.15 0.0819178
949 0.15 0.0819178
950 0.2 0.0917663
951 0.15 0.0819178
952 0.15 0.0819178
953 0.2 0.0917663
954 0.2 0.0917663
955 0.2 0.0917663
956 0.2 0.0917663
957 0.15 0.0819178
958 0.15 0.0819178
959 0.15 0.0819178
960 0.15 0.0819178
961 0.2 0.0917663
962 0.25 0.0993399
963 0.2 0.0917663
964 0.2 0.0917663
965 0.15 0.0819178
966 0.15 0.0819178
967 0.05 0.05
968 0.1 0.0688247
969 0.15 0.0819178
970 0.15 0.0819178
971 0.15 0.0819178
972 0.15 0.0819178
973 0.15 0.0819178
974 0.15 0.0819178
975 0.15 0.0819178
976 0.2 0.11698
977 0.2 0.11698
978 0.25 0.14281
979 0.2 0.11698
980 0.2 0.11698
981 0.15 0.109424
982 0.2 0.11698
983 0.2 0.11698
984 0.2 0.11698
985 0.2 0.11698
986 0.2 0.11698
987 0.2 0.11698
988 0.15 0.109424
989 0.15 0.109424
990 0.15 0.109424
991 0.15 0.109424
992 0.15 0.109424
993 0.15 0.109424
994 0.1 0.0688247
995 0.1 0.0688247
996 0.1 0.0688247
997 0.1 0.0688247
998 0.1 0.0688247
999 0.05 0.05
1000 0.05 0.05
1001 0.05 0.05
1002 0.05 0.05
1003 0.1 0.0688247
1004 0.1 0.0688247
1005 0.2 0.0917663
1006 0.3 0.127733
1007 0.2 0.0917663
1008 0.15 0.0819178
1009 0.1 0.0688247
1010 0.1 0.0688247
1011 0.1 0.0688247
1012 0.1 0.0688247
1013 0.1 0.0688247
1014 0.05 0.05
1015 0.1 0.0688247
1016 0.1 0.0688247
1017 0.1 0.0688247
1018 0.05 0.05
1019 0.05 0.05
1020 0.05 0.05
1021 0.05 0.05
1022 0.05 0.05
1023 0.05 0.05
1024 0.1 0.0688247
1025 0.15 0.0819178
1026 0.15 0.0819178
1027 0.15 0.0819178
1028 0.2 0.0917663
1029 0.2 0.0917663
1030 0.2 0.0917663
1031 0.2 0.0917663
1032 0.2 0.0917663
1033 0.2 0.0917663
1034 0.2 0.0917663
1035 0.25 0.0993399
1036 0.3 0.105131
1037 0.35 0.109424
1038 0.3 0.105131
1039 0.3 0.105131
1040 0.35 0.131289
1041 0.35 0.131289
1042 0.35 0.131289
1043 0.35 0.131289
1044 0.35 0.109424
1045 0.3 0.105131
1046 0.3 0.105131
1047 0.3 0.105131
1048 0.2 0.0917663
1049 0.2 0.0917663
1050 0.2 0.0917663
1051 0.15 0.0819178
1052 0.2 0.11698
1053 0.1 0.0688247
1054 0.15 0.0819178
1055 0.15 0.0819178
1056 0.1 0.0688247
1057 0.1 0.0688247
1058 0.05 0.05
1059 0.1 0.0688247
1060 0.1 0.0688247
1061 0.25 0.12301
1062 0.3 0.127733
1063 0.3 0.127733
1064 0.2 0.11698
1065 0.2 0.11698
1066 0.2 0.11698
1067 0.1 0.0688247
1068 0.1 0.1
1069 0.1 0.1
1070 0.15 0.109424
1071 0.15 0.109424
1072 0.15 0.109424
1073 0.15 0.109424
1074 0.15 0.109424
1075 0.15 0.109424
1076 0.15 0.109424
1077 0.15 0.109424
1078 0.15 0.109424
1079 0.15 0.109424
1080 0.15 0.109424
1081 0.3 0.146898
1082 0.4 0.168585
1083 0.3 0.146898
1084 0.2 0.11698
1085 0.2 0.0917663
1086 0.15 0.0819178
1087 0.1 0.0688247
1088 0.1 0.0688247
1089 0.1 0.0688247
1090 0.2 0.0917663
1091 0.3 0.127733
1092 0.35 0.15
1093 0.2 0.11698
1094 0.25 0.160181
1095 0.2 0.11698
1096 0.2 0.11698
1097 0.15 0.0819178
1098 0.1 0.0688247
1099 0.1 0.0688247
1100 0.1 0.0688247
1101 0.2 0.11698
1102 0.15 0.0819178
1103 0.15 0.0819178
1104 0.15 0.0819178
1105 0.15 0.0819178
1106 0.3 0.146898
1107 0.3 0.146898
1108 0.2 0.11698
1109 0.1 0.0688247
1110 0.05 0.05
1111 0.05 0.05
1112 0.1 0.0688247
1113 0.1 0.0688247
1114 0.05 0.05
1115 0.1 0.0688247
1116 0.1 0.0688247
1117 0.1 0.0688247
1118 0.1 0.0688247
1119 0.1 0.0688247
1120 0.1 0.0688247
1121 0.1 0.0688247
1122 0.15 0.0819178
1123 0.1 0.0688247
1124 0.05 0.05
1125 0.1 0.1
1126 0.2 0.11698
1127 0.2 0.11698
1128 0.2 0.11698
1129 0.15 0.0819178
1130 0.2 0.0917663
1131 0.15 0.0819178
1132 0.15 0.0819178
1133 0.1 0.0688247
1134 0.15 0.0819178
1135 0.15 0.0819178
1136 0.15 0.0819178
1137 0.1 0.0688247
1138 0.1 0.0688247
1139 0.1 0.0688247
1140 0.1 0.0688247
1141 0.1 0.0688247
1142 0.15 0.109424
1143 0.15 0.109424
1144 0.15 0.109424
1145 0.1 0.0688247
1146 0.15 0.0819178
1147 0.15 0.0819178
1148 0.15 0.0819178
1149 0.1 0.0688247
1150 0.05 0.05
1151 0.1 0.0688247
1152 0.1 0.0688247
1153 0.1 0.0688247
1154 0.1 0.0688247
1155 0.15 0.0819178
1156 0.15 0.0819178
1157 0.15 0.0819178
1158 0.15 0.0819178
1159 0.15 0.0819178
1160 0.15 0.0819178
1161 0.15 0.0819178
1162 0.1 0.0688247
1163 0.1 0.0688247
1164 0.1 0.0688247
1165 0.1 0.0688247
1166 0.1 0.0688247
1167 0.1 0.0688247
1168 0.1 0.0688247
1169 0.1 0.0688247
1170 0.15 0.0819178
1171 0.15 0.0819178
1172 0.15 0.0819178
1173 0.15 0.0819178
1174 0.2 0.0917663
1175 0.25 0.0993399
1176 0.25 0.0993399
1177 0.2 0.0917663
1178 0.2 0.0917663
1179 0.2 0.0917663
1180 0.2 0.0917663
1181 0.2 0.0917663
1182 0.15 0.0819178
1183 0.15 0.0819178
1184 0.2 0.0917663
1185 0.2 0.0917663
1186 0.2 0.0917663
1187 0.2 0.0917663
1188 0.15 0.0819178
1189 0.15 0.0819178
1190 0.15 0.0819178
1191 0.15 0.0819178
1192 0.15 0.109424
1193 0.2 0.155597
1194 0.25 0.160181
1195 0.15 0.0819178
1196 0.15 0.0819178
1197 0.15 0.0819178
1198 0.2 0.11698
1199 0.2 0.11698
1200 0.2 0.0917663
1201 0.15 0.0819178
1202 0.15 0.0819178
1203 0.15 0.0819178
1204 0.15 0.0819178
1205 0.15 0.0819178
1206 0.15 0.0819178
1207 0.1 0.0688247
1208 0.15 0.0819178
1209 0.15 0.0819178
1210 0.15 0.0819178
1211 0.2 0.0917663
1212 0.2 0.0917663
1213 0.2 0.0917663
1214 0.2 0.0917663
1215 0.25 0.0993399
1216 0.3 0.127733
1217 0.25 0.0993399
1218 0.2 0.0917663
1219 0.15 0.0819178
1220 0.1 0.0688247
1221 0.05 0.05
1222 0.05 0.05
1223 0.05 0.05
1224 0.05 0.05
1225 0.05 0.05
1226 0.05 0.05
1227 0.05 0.05
1228 0.05 0.05
1229 0.1 0.0688247
1230 0.1 0.0688247
1231 0.1 0.0688247
1232 0.1 0.0688247
1233 0.15 0.0819178
1234 0.15 0.0819178
1235 0.15 0.0819178
1236 0.2 0.11698
1237 0.2 0.11698
1238 0.2 0.11698
1239 0.25 0.12301
1240 0.25 0.12301
1241 0.2 0.0917663
1242 0.15 0.0819178
1243 0.15 0.0819178
1244 0.2 0.0917663
1245 0.2 0.0917663
1246 0.2 0.0917663
1247 0.2 0.0917663
1248 0.2 0.0917663
1249 0.2 0.0917663
1250 0.15 0.0819178
1251 0.15 0.0819178
1252 0.15 0.0819178
1253 0.15 0.0819178
1254 0.2 0.0917663
1255 0.2 0.0917663
1256 0.3 0.105131
1257 0.2 0.0917663
1258 0.25 0.0993399
1259 0.15 0.0819178
1260 0.15 0.0819178
1261 0.2 0.0917663
1262 0.2 0.0917663
1263 0.35 0.131289
1264 0.3 0.105131
1265 0.25 0.0993399
1266 0.2 0.0917663
1267 0.2 0.0917663
1268 0.25 0.0993399
1269 0.25 0.0993399
1270 0.25 0.0993399
1271 0.2 0.0917663
1272 0.15 0.0819178
1273 0.1 0.0688247
1274 0.1 0.0688247
1275 0.05 0.05
1276 0.05 0.05
1277 0.05 0.05
1278 0.05 0.05
1279 0.1 0.0688247
1280 0.1 0.0688247
1281 0.1 0.0688247
1282 0.15 0.0819178
1283 0.1 0.0688247
1284 0.2 0.0917663
1285 0.1 0.0688247
1286 0.1 0.0688247
1287 0.15 0.109424
1288 0.15 0.109424
1289 0.05 0.05
1290 0.05 0.05
1291 0.1 0.0688247
1292 0.15 0.0819178
1293 0.1 0.0688247
1294 0.1 0.0688247
1295 0.1 0.0688247
1296 0.15 0.0819178
1297 0.15 0.0819178
1298 0.2 0.0917663
1299 0.2 0.0917663
1300 0.2 0.0917663
1301 0.15 0.0819178
1302 0.2 0.0917663
1303 0.15 0.0819178
1304 0.15 0.0819178
1305 0.2 0.0917663
1306 0.25 0.0993399
1307 0.3 0.105131
1308 0.3 0.105131
1309 0.3 0.105131
1310 0.25 0.0993399
1311 0.25 0.0993399
1312 0.25 0.0993399
1313 0.3 0.105131
1314 0.3 0.105131
1315 0.4 0.133771
1316 0.4 0.133771
1317 0.4 0.133771
1318 0.45 0.135239
1319 0.45 0.135239
1320 0.4 0.133771
1321 0.3 0.127733
1322 0.25 0.0993399
1323 0.25 0.0993399
1324 0.2 0.0917663
1325 0.25 0.12301
1326 0.25 0.12301
1327 0.25 0.12301
1328 0.25 0.12301
1329 0.2 0.11698
1330 0.15 0.0819178
1331 0.2 0.0917663
1332 0.2 0.0917663
1333 0.2 0.0917663
1334 0.2 0.0917663
1335 0.15 0.0819178
1336 0.15 0.0819178
1337 0.15 0.0819178
1338 0.2 0.0917663
1339 0.25 0.0993399
1340 0.25 0.0993399
1341 0.35 0.131289
1342 0.25 0.12301
1343 0.15 0.0819178
1344 0.2 0.0917663
1345 0.25 0.0993399
1346 0.2 0.0917663
1347 0.35 0.131289
1348 0.3 0.127733
1349 0.35 0.15
1350 0.25 0.12301
1351 0.25 0.0993399
1352 0.25 0.0993399
1353 0.25 0.0993399
1354 0.2 0.0917663
1355 0.2 0.0917663
1356 0.15 0.0819178
1357 0.1 0.0688247
1358 0.1 0.0688247
1359 0.2 0.11698
1360 0.3 0.127733
1361 0.35 0.15
1362 0.35 0.15
1363 0.35 0.15
1364 0.3 0.127733
1365 0.2 0.0917663
1366 0.15 0.109424
1367 0.15 0.0819178
1368 0.2 0.0917663
1369 0.2 0.0917663
1370 0.2 0.0917663
1371 0.2 0.0917663
1372 0.1 0.0688247
1373 0.05 0.05
1374 0.05 0.05
1375 0 0
1376 0 0
1377 0.1 0.0688247
1378 0.1 0.0688247
1379 0.1 0.0688247
1380 0.15 0.0819178
1381 0.1 0.0688247
1382 0.1 0.0688247
1383 0.1 0.0688247
1384 0.05 0.05
1385 0.05 0.05
1386 0.05 0.05
1387 0.05 0.05
1388 0.1 0.0688247
1389 0.2 0.11698
1390 0.1 0.0688247
1391 0.1 0.0688247
1392 0.05 0.05
1393 0.1 0.0688247
1394 0.15 0.0819178
1395 0.15 0.0819178
1396 0.2 0.11698
1397 0.15 0.0819178
1398 0.1 0.0688247
1399 0.1 0.0688247
1400 0.1 0.0688247
1401 0.15 0.0819178
1402 0.15 0.0819178
1403 0.15 0.0819178
1404 0.1 0.0688247
1405 0 0
1406 0.15 0.0819178
1407 0.1 0.0688247
1408 0.05 0.05
1409 0.1 0.0688247
1410 0.1 0.0688247
1411 0.05 0.05
1412 0.1 0.0688247
1413 0.1 0.0688247
1414 0.1 0.0688247
1415 0.1 0.0688247
1416 0.2 0.0917663
1417 0.3 0.127733
1418 0.25 0.0993399
1419 0.25 0.0993399
1420 0.3 0.105131
1421 0.3 0.105131
1422 0.35 0.131289
1423 0.35 0.131289
1424 0.35 0.131289
1425 0.3 0.127733
1426 0.25 0.12301
1427 0.25 0.12301
1428 0.25 0.12301
1429 0.25 0.0993399
1430 0.3 0.105131
1431 0.25 0.0993399
1432 0.3 0.105131
1433 0.25 0.0993399
1434 0.25 0.0993399
1435 0.35 0.131289
1436 0.3 0.127733
1437 0.2 0.11698
1438 0.2 0.11698
1439 0.25 0.12301
1440 0.3 0.127733
1441 0.4 0.168585
1442 0.35 0.166623
1443 0.35 0.166623
1444 0.3 0.127733
1445 0.3 0.127733
1446 0.3 0.105131
1447 0.3 0.105131
1448 0.35 0.109424
1449 0.4 0.133771
1450 0.4 0.133771
1451 0.35 0.131289
1452 0.25 0.0993399
1453 0.2 0.0917663
1454 0.2 0.0917663
1455 0.2 0.0917663
1456 0.2 0.0917663
1457 0.15 0.0819178
1458 0.25 0.0993399
1459 0.25 0.0993399
1460 0.25 0.0993399
1461 0.15 0.0819178
1462 0.15 0.0819178
1463 0.2 0.0917663
1464 0.2 0.0917663
1465 0.2 0.0917663
1466 0.15 0.0819178
1467 0.15 0.0819178
1468 0.15 0.0819178
1469 0.15 0.0819178
1470 0.3 0.127733
1471 0.15 0.0819178
1472 0.2 0.0917663
1473 0.2 0.0917663
1474 0.15 0.0819178
1475 0.15 0.0819178
1476 0.15 0.0819178
1477 0.1 0.1
1478 0.1 0.1
1479 0.15 0.109424
1480 0.2 0.11698
1481 0.1 0.1
1482 0.1 0.0688247
1483 0.1 0.0688247
1484 0.1 0.0688247
1485 0.05 0.05
1486 0.2 0.155597
1487 0.25 0.160181
1488 0.2 0.155597
1489 0.2 0.155597
1490 0.2 0.155597
1491 0.2 0.155597
1492 0.2 0.155597
1493 0.2 0.155597
1494 0.2 0.155597
1495 0.05 0.05
1496 0.05 0.05
1497 0.05 0.05
1498 0.1 0.0688247
1499 0.15 0.0819178
1500 0.25 0.12301
1501 0.4 0.152177
1502 0.35 0.131289
1503 0.3 0.127733
1504 0.2 0.11698
1505 0.2 0.11698
1506 0.15 0.109424
1507 0.2 0.11698
1508 0.2 0.11698
1509 0.15 0.0819178
1510 0.15 0.0819178
1511 0.2 0.11698
1512 0.25 0.12301
1513 0.25 0.0993399
1514 0.2 0.0917663
1515 0.2 0.0917663
1516 0.15 0.0819178
1517 0.15 0.0819178
1518 0.15 0.0819178
1519 0.15 0.0819178
1520 0.15 0.0819178
1521 0.15 0.0819178
1522 0.15 0.0819178
1523 0.15 0.0819178
1524 0.15 0.0819178
1525 0.15 0.0819178
1526 0.25 0.12301
1527 0.2 0.11698
1528 0.2 0.11698
1529 0.2 0.0917663
1530 0.2 0.0917663
1531 0.3 0.127733
1532 0.25 0.0993399
1533 0.2 0.0917663
1534 0.25 0.0993399
1535 0.25 0.0993399
1536 0.2 0.11698
1537 0.2 0.11698
1538 0.15 0.109424
1539 0.05 0.05
1540 0.1 0.0688247
1541 0.1 0.0688247
1542 0.1 0.0688247
1543 0.1 0.0688247
1544 0.15 0.0819178
1545 0.15 0.0819178
1546 0.1 0.0688247
1547 0.15 0.0819178
1548 0.2 0.0917663
1549 0.2 0.0917663
1550 0.2 0.0917663
1551 0.15 0.0819178
1552 0.15 0.0819178
1553 0.15 0.0819178
1554 0.2 0.0917663
1555 0.15 0.0819178
1556 0.15 0.0819178
1557 0.3 0.105131
1558 0.35 0.109424
1559 0.4 0.133771
1560 0.4 0.133771
1561 0.3 0.105131
1562 0.3 0.105131
1563 0.25 0.0993399
1564 0.3 0.105131
1565 0.3 0.105131
1566 0.3 0.105131
1567 0.3 0.105131
1568 0.35 0.109424
1569 0.35 0.131289
1570 0.35 0.131289
1571 0.4 0.133771
1572 0.4 0.133771
1573 0.35 0.131289
1574 0.3 0.127733
1575 0.3 0.127733
1576 0.35 0.109424
1577 0.45 0.135239
1578 0.5 0.153897
1579 0.55 0.169752
1580 0.55 0.153469
1581 0.4 0.133771
1582 0.45 0.153469
1583 0.4 0.152177
1584 0.45 0.153469
1585 0.4 0.152177
1586 0.4 0.152177
1587 0.4 0.152177
1588 0.4 0.152177
1589 0.4 0.133771
1590 0.25 0.0993399
1591 0.15 0.0819178
1592 0.15 0.0819178
1593 0.1 0.0688247
1594 0.05 0.05
1595 0.05 0.05
1596 0.1 0.0688247
1597 0.1 0.0688247
1598 0.1 0.0688247
1599 0.1 0.0688247
1600 0.1 0.0688247
1601 0.1 0.0688247
1602 0.15 0.0819178
1603 0.15 0.0819178
1604 0.1 0.0688247
1605 0.1 0.0688247
1606 0.1 0.0688247
1607 0.1 0.0688247
1608 0.15 0.0819178
1609 0.15 0.0819178
1610 0.1 0.0688247
1611 0.1 0.0688247
1612 0.05 0.05
1613 0.1 0.0688247
1614 0.1 0.0688247
1615 0.1 0.0688247
1616 0.1 0.0688247
1617 0.15 0.0819178
1618 0.15 0.0819178
1619 0.25 0.12301
1620 0.25 0.12301
1621 0.15 0.0819178
1622 0.15 0.0819178
1623 0.2 0.0917663
1624 0.15 0.0819178
1625 0.1 0.0688247
1626 0.15 0.0819178
1627 0.1 0.0688247
1628 0.2 0.11698
1629 0.25 0.12301
1630 0.3 0.127733
1631 0.3 0.127733
1632 0.25 0.12301
1633 0.3 0.146898
1634 0.3 0.146898
1635 0.3 0.127733
1636 0.25 0.12301
1637 0.25 0.12301
1638 0.2 0.11698
1639 0.2 0.11698
1640 0.2 0.11698
1641 0.15 0.109424
1642 0.15 0.0819178
1643 0.15 0.0819178
1644 0.15 0.0819178
1645 0.15 0.0819178
1646 0.2 0.0917663
1647 0.2 0.0917663
1648 0.15 0.0819178
1649 0.1 0.0688247
1650 0.05 0.05
1651 0.1 0.0688247
1652 0.1 0.0688247
1653 0.1 0.0688247
1654 0.15 0.0819178
1655 0.2 0.11698
1656 0.2 0.11698
1657 0.05 0.05
1658 0.15 0.0819178
1659 0.15 0.0819178
1660 0.2 0.0917663
1661 0.2 0.0917663
1662 0.25 0.0993399
1663 0.2 0.0917663
1664 0.25 0.0993399
1665 0.3 0.105131
1666 0.3 0.105131
1667 0.3 0.127733
1668 0.4 0.152177
1669 0.25 0.0993399
1670 0.35 0.131289
1671 0.35 0.131289
1672 0.25 0.0993399
1673 0.2 0.0917663
1674 0.2 0.0917663
1675 0.25 0.0993399
1676 0.25 0.0993399
1677 0.25 0.0993399
1678 0.25 0.0993399
1679 0.15 0.0819178
1680 0.15 0.0819178
1681 0.15 0.0819178
1682 0.15 0.0819178
1683 0.25 0.12301
1684 0.25 0.0993399
1685 0.2 0.0917663
1686 0.2 0.0917663
1687 0.25 0.12301
1688 0.25 0.12301
1689 0.25 0.12301
1690 0.25 0.12301
1691 0.15 0.0819178
1692 0.2 0.0917663
1693 0.15 0.0819178
1694 0.15 0.0819178
1695 0.2 0.0917663
1696 0.25 0.0993399
1697 0.25 0.0993399
1698 0.35 0.131289
1699 0.35 0.131289
1700 0.3 0.127733
1701 0.3 0.127733
1702 0.3 0.127733
1703 0.3 0.127733
1704 0.3 0.127733
1705 0.25 0.0993399
1706 0.35 0.131289
1707 0.4 0.133771
1708 0.3 0.127733
1709 0.3 0.127733
1710 0.35 0.131289
1711 0.35 0.131289
1712 0.4 0.133771
1713 0.35 0.131289
1714 0.25 0.0993399
1715 0.25 0.0993399
1716 0.25 0.0993399
1717 0.2 0.0917663
1718 0.25 0.0993399
1719 0.25 0.0993399
1720 0.25 0.0993399
1721 0.15 0.0819178
1722 0.15 0.0819178
1723 0.15 0.0819178
1724 0.15 0.0819178
1725 0.15 0.0819178
1726 0.2 0.0917663
1727 0.25 0.0993399
1728 0.25 0.0993399
1729 0.25 0.0993399
1730 0.2 0.0917663
1731 0.15 0.0819178
1732 0.2 0.11698
1733 0.2 0.11698
1734 0.2 0.11698
1735 0.3 0.206474
1736 0.25 0.12301
1737 0.35 0.131289
1738 0.35 0.131289
1739 0.4 0.133771
1740 0.3 0.127733
1741 0.3 0.127733
1742 0.25 0.12301
1743 0.25 0.12301
1744 0.15 0.0819178
1745 0.15 0.0819178
1746 0.15 0.0819178
1747 0.15 0.0819178
1748 0.15 0.0819178
1749 0.1 0.0688247
1750 0.1 0.0688247
1751 0.1 0.0688247
1752 0.15 0.109424
1753 0.15 0.109424
1754 0.15 0.0819178
1755 0.05 0.05
1756 0.05 0.05
1757 0.05 0.05
1758 0.1 0.0688247
1759 0.15 0.0819178
1760 0.15 0.0819178
1761 0.15 0.0819178
1762 0.15 0.0819178
1763 0.15 0.0819178
1764 0.05 0.05
1765 0.05 0.05
1766 0.1 0.0688247
1767 0.15 0.0819178
1768 0.1 0.0688247
1769 0.2 0.0917663
1770 0.15 0.0819178
1771 0.25 0.0993399
1772 0.2 0.0917663
1773 0.25 0.12301
1774 0.3 0.127733
1775 0.3 0.127733
1776 0.35 0.15
1777 0.2 0.11698
1778 0.2 0.11698
1779 0.25 0.12301
1780 0.25 0.0993399
1781 0.3 0.127733
1782 0.15 0.0819178
1783 0.15 0.0819178
1784 0.1 0.0688247
1785 0.05 0.05
1786 0.1 0.0688247
1787 0.1 0.0688247
1788 0.1 0.0688247
1789 0.1 0.0688247
1790 0.1 0.0688247
1791 0.15 0.0819178
1792 0.15 0.0819178
1793 0.15 0.0819178
1794 0.2 0.11698
1795 0.2 0.11698
1796 0.2 0.11698
1797 0.15 0.109424
1798 0.15 0.109424
1799 0.15 0.109424
1800 0.15 0.109424
1801 0.15 0.0819178
1802 0.25 0.12301
1803 0.25 0.12301
1804 0.25 0.12301
1805 0.1 0.0688247
1806 0.15 0.0819178
1807 0.3 0.163836
1808 0.25 0.160181
1809 0.1 0.0688247
1810 0.1 0.0688247
1811 0.15 0.0819178
1812 0.2 0.0917663
1813 0.2 0.0917663
1814 0.2 0.0917663
1815 0.25 0.12301
1816 0.3 0.127733
1817 0.2 0.0917663
1818 0.25 0.0993399
1819 0.25 0.0993399
1820 0.2 0.0917663
1821 0.25 0.0993399
1822 0.25 0.0993399
1823 0.3 0.105131
1824 0.3 0.105131
1825 0.3 0.105131
1826 0.3 0.105131
1827 0.3 0.105131
1828 0.35 0.109424
1829 0.35 0.15
1830 0.4 0.152177
1831 0.4 0.152177
1832 0.45 0.153469
1833 0.55 0.153469
1834 0.55 0.153469
1835 0.45 0.135239
1836 0.35 0.131289
1837 0.4 0.133771
1838 0.35 0.131289
1839 0.4 0.152177
1840 0.4 0.152177
1841 0.3 0.146898
1842 0.4 0.152177
1843 0.35 0.131289
1844 0.4 0.133771
1845 0.4 0.133771
1846 0.4 0.133771
1847 0.35 0.131289
1848 0.35 0.131289
1849 0.3 0.127733
1850 0.2 0.11698
1851 0.2 0.11698
1852 0.15 0.109424
1853 0.15 0.109424
1854 0.15 0.109424
1855 0.25 0.12301
1856 0.2 0.11698
1857 0.15 0.109424
1858 0.2 0.11698
1859 0.25 0.12301
1860 0.25 0.12301
1861 0.3 0.127733
1862 0.05 0.05
1863 0.2 0.11698
1864 0.25 0.12301
1865 0.25 0.12301
1866 0.25 0.12301
1867 0.3 0.127733
1868 0.3 0.127733
1869 0.3 0.127733
1870 0.25 0.12301
1871 0.25 0.12301
1872 0.35 0.131289
1873 0.35 0.131289
1874 0.3 0.127733
1875 0.25 0.0993399
1876 0.3 0.105131
1877 0.3 0.105131
1878 0.4 0.11239
1879 0.3 0.127733
1880 0.3 0.127733
1881 0.4 0.133771
1882 0.35 0.109424
1883 0.4 0.133771
1884 0.35 0.131289
1885 0.3 0.105131
1886 0.1 0.0688247
1887 0.15 0.0819178
1888 0.2 0.0917663
1889 0.15 0.0819178
1890 0.15 0.0819178
1891 0.1 0.0688247
1892 0.1 0.0688247
1893 0.1 0.0688247
1894 0.15 0.0819178
1895 0.15 0.0819178
1896 0.15 0.0819178
1897 0.25 0.0993399
1898 0.25 0.0993399
1899 0.15 0.0819178
1900 0.15 0.0819178
1901 0.15 0.0819178
1902 0.15 0.0819178
1903 0.2 0.11698
1904 0.25 0.12301
1905 0.25 0.12301
1906 0.25 0.12301
1907 0.2 0.11698
1908 0.2 0.11698
1909 0.25 0.12301
1910 0.2 0.11698
1911 0.2 0.11698
1912 0.15 0.109424
1913 0.2 0.11698
1914 0.2 0.11698
1915 0.15 0.109424
1916 0.15 0.109424
1917 0.15 0.109424
1918 0.15 0.109424
1919 0.15 0.109424
1920 0.1 0.0688247
1921 0.15 0.0819178
1922 0.1 0.0688247
1923 0.1 0.0688247
1924 0.1 0.0688247
1925 0.05 0.05
1926 0.05 0.05
1927 0 0
1928 0.1 0.0688247
1929 0.15 0.0819178
1930 0.2 0.11698
1931 0.35 0.131289
1932 0.35 0.131289
1933 0.35 0.166623
1934 0.25 0.160181
1935 0.15 0.109424
1936 0.05 0.05
1937 0.2 0.0917663
1938 0.2 0.0917663
1939 0.2 0.0917663
1940 0.2 0.0917663
1941 0.2 0.0917663
1942 0.15 0.0819178
1943 0.2 0.0917663
1944 0.25 0.0993399
1945 0.2 0.0917663
1946 0.2 0.0917663
1947 0.2 0.0917663
1948 0.3 0.127733
1949 0.3 0.105131
1950 0.4 0.152177
1951 0.2 0.0917663
1952 0.15 0.0819178
1953 0.15 0.0819178
1954 0.2 0.0917663
1955 0.2 0.0917663
1956 0.15 0.0819178
1957 0.25 0.0993399
1958 0.2 0.0917663
1959 0.2 0.0917663
1960 0.2 0.0917663
1961 0.2 0.0917663
1962 0.2 0.0917663
1963 0.1 0.0688247
1964 0.1 0.0688247
1965 0.1 0.0688247
1966 0.1 0.0688247
1967 0.2 0.11698
1968 0.2 0.11698
1969 0.25 0.12301
1970 0.25 0.14281
1971 0.25 0.14281
1972 0.25 0.14281
1973 0.25 0.14281
1974 0.15 0.109424
1975 0.15 0.109424
1976 0.2 0.0917663
1977 0.15 0.0819178
1978 0.15 0.0819178
1979 0.1 0.0688247
1980 0.1 0.0688247
1981 0.1 0.0688247
1982 0.1 0.0688247
1983 0.15 0.109424
1984 0.15 0.109424
1985 0.15 0.109424
1986 0.2 0.11698
1987 0.2 0.0917663
1988 0.25 0.160181
1989 0.15 0.0819178
1990 0.15 0.0819178
1991 0.25 0.0993399
1992 0.2 0.0917663
1993 0.2 0.0917663
1994 0.25 0.0993399
1995 0.3 0.105131
1996 0.35 0.131289
1997 0.4 0.152177
1998 0.4 0.152177
1999 0.45 0.153469
2000 0.5 0.153897
2001 0.4 0.152177
2002 0.35 0.131289
2003 0.35 0.131289
2004 0.45 0.184605
2005 0.45 0.184605
2006 0.35 0.131289
2007 0.35 0.131289
2008 0.35 0.131289
2009 0.35 0.131289
2010 0.35 0.109424
2011 0.25 0.0993399
2012 0.35 0.131289
2013 0.35 0.131289
2014 0.25 0.0993399
2015 0.3 0.105131
2016 0.3 0.127733
2017 0.3 0.127733
2018 0.15 0.0819178
2019 0.15 0.0819178
2020 0.25 0.0993399
2021 0.3 0.127733
2022 0.4 0.152177
2023 0.55 0.184605
2024 0.55 0.184605
2025 0.5 0.184961
2026 0.35 0.15
2027 0.3 0.146898
2028 0.3 0.146898
2029 0.3 0.146898
2030 0.25 0.14281
2031 0.25 0.14281
2032 0.15 0.109424
2033 0.15 0.109424
2034 0.15 0.109424
2035 0.15 0.109424
2036 0.2 0.11698
2037 0.2 0.11698
2038 0.1 0.0688247
2039 0.15 0.0819178
2040 0.1 0.0688247
2041 0.1 0.0688247
2042 0.1 0.0688247
2043 0.1 0.0688247
2044 0.1 0.0688247
2045 0.1 0.0688247
2046 0.1 0.0688247
2047 0.1 0.0688247
2048 0.15 0.0819178
2049 0.15 0.0819178
2050 0.1 0.0688247
2051 0.05 0.05
2052 0.1 0.0688247
2053 0.1 0.0688247
2054 0.1 0.0688247
2055 0.1 0.0688247
2056 0.15 0.0819178
2057 0.15 0.0819178
2058 0.2 0.11698
2059 0.2 0.11698
2060 0.35 0.15
2061 0.2 0.0917663
2062 0.25 0.12301
2063 0.25 0.12301
2064 0.25 0.12301
2065 0.25 0.12301
2066 0.3 0.127733
2067 0.3 0.127733
2068 0.35 0.131289
2069 0.35 0.131289
2070 0.3 0.127733
2071 0.3 0.127733
2072 0.3 0.127733
2073 0.3 0.127733
2074 0.2 0.11698
2075 0.25 0.12301
2076 0.25 0.12301
2077 0.25 0.12301
2078 0.25 0.12301
2079 0.25 0.12301
2080 0.1 0.0688247
2081 0.15 0.109424
2082 0.15 0.109424
2083 0.1 0.0688247
2084 0.1 0.0688247
2085 0.15 0.0819178
2086 0.15 0.0819178
2087 0.1 0.0688247
2088 0.05 0.05
2089 0.05 0.05
2090 0.1 0.0688247
2091 0.1 0.0688247
2092 0.15 0.0819178
2093 0.15 0.0819178
2094 0.2 0.0917663
2095 0.25 0.12301
2096 0.15 0.0819178
2097 0.1 0.0688247
2098 0.1 0.0688247
2099 0.1 0.0688247
2100 0.15 0.0819178
2101 0.2 0.0917663
2102 0.25 0.0993399
2103 0.35 0.131289
2104 0.4 0.133771
2105 0.4 0.133771
2106 0.4 0.133771
2107 0.45 0.135239
2108 0.4 0.133771
2109 0.45 0.135239
2110 0.4 0.133771
2111 0.15 0.0819178
2112 0.2 0.0917663
2113 0.1 0.0688247
2114 0.1 0.0688247
2115 0.25 0.0993399
2116 0.25 0.0993399
2117 0.2 0.0917663
2118 0.15 0.0819178
2119 0.2 0.11698
2120 0.3 0.105131
2121 0.3 0.105131
2122 0.35 0.109424
2123 0.4 0.11239
2124 0.35 0.109424
2125 0.3 0.105131
2126 0.35 0.109424
2127 0.25 0.0993399
2128 0.25 0.0993399
2129 0.25 0.0993399
2130 0.25 0.0993399
2131 0.25 0.0993399
2132 0.3 0.105131
2133 0.3 0.105131
2134 0.4 0.133771
2135 0.4 0.133771
2136 0.35 0.109424
2137 0.35 0.166623
2138 0.45 0.184605
2139 0.5 0.184961
2140 0.4 0.210263
2141 0.25 0.12301
2142 0.15 0.0819178
2143 0.2 0.0917663
2144 0.2 0.0917663
2145 0.2 0.0917663
2146 0.25 0.12301
2147 0.2 0.11698
2148 0.15 0.0819178
2149 0.15 0.0819178
2150 0.15 0.0819178
2151 0.15 0.0819178
2152 0.2 0.0917663
2153 0.2 0.0917663
2154 0.2 0.0917663
2155 0.2 0.0917663
2156 0.25 0.0993399
2157 0.35 0.131289
2158 0.25 0.0993399
2159 0.25 0.0993399
2160 0.25 0.0993399
2161 0.25 0.0993399
2162 0.4 0.133771
2163 0.35 0.109424
2164 0.3 0.105131
2165 0.45 0.114133
2166 0.4 0.11239
2167 0.35 0.109424
2168 0.3 0.105131
2169 0.25 0.0993399
2170 0.25 0.0993399
2171 0.3 0.127733
2172 0.25 0.0993399
2173 0.2 0.0917663
2174 0.25 0.0993399
2175 0.25 0.0993399
2176 0.25 0.0993399
2177 0.3 0.105131
2178 0.35 0.131289
2179 0.35 0.131289
2180 0.4 0.133771
2181 0.45 0.135239
2182 0.55 0.135239
2183 0.45 0.135239
2184 0.5 0.135724
2185 0.5 0.135724
2186 0.45 0.135239
2187 0.35 0.131289
2188 0.25 0.12301
2189 0.25 0.12301
2190 0.3 0.179179
2191 0.25 0.160181
2192 0.25 0.160181
2193 0.3 0.163836
2194 0.3 0.163836
2195 0.25 0.12301
2196 0.2 0.11698
2197 0.2 0.11698
2198 0.25 0.12301
2199 0.25 0.12301
2200 0.2 0.0917663
2201 0.2 0.0917663
2202 0.2 0.0917663
2203 0.35 0.131289
2204 0.3 0.127733
2205 0.3 0.127733
2206 0.3 0.127733
2207 0.25 0.12301
2208 0.15 0.0819178
2209 0.2 0.0917663
2210 0.2 0.0917663
2211 0.25 0.0993399
2212 0.25 0.0993399
2213 0.25 0.0993399
2214 0.25 0.0993399
2215 0.25 0.0993399
2216 0.25 0.0993399
2217 0.3 0.105131
2218 0.45 0.169752
2219 0.5 0.170139
2220 0.35 0.109424
2221 0.35 0.109424
2222 0.3 0.105131
2223 0.25 0.0993399
2224 0.15 0.0819178
2225 0.25 0.12301
2226 0.25 0.12301
2227 0.25 0.12301
2228 0.35 0.208693
2229 0.3 0.163836
2230 0.3 0.163836
2231 0.3 0.163836
2232 0.3 0.163836
2233 0.35 0.166623
2234 0.4 0.152177
2235 0.3 0.127733
2236 0.25 0.0993399
2237 0.3 0.105131
2238 0.25 0.0993399
2239 0.25 0.0993399
2240 0.2 0.0917663
2241 0.2 0.0917663
2242 0.25 0.0993399
2243 0.2 0.0917663
2244 0.25 0.12301
2245 0.2 0.11698
2246 0.2 0.11698
2247 0.2 0.11698
2248 0.1 0.0688247
2249 0.15 0.0819178
2250 0.15 0.0819178
2251 0.25 0.12301
2252 0.25 0.12301
2253 0.3 0.146898
2254 0.3 0.127733
2255 0.35 0.131289
2256 0.3 0.105131
2257 0.35 0.131289
2258 0.35 0.131289
2259 0.3 0.105131
2260 0.25 0.0993399
2261 0.25 0.0993399
2262 0.25 0.0993399
2263 0.25 0.0993399
2264 0.25 0.0993399
2265 0.25 0.0993399
2266 0.2 0.0917663
2267 0.15 0.0819178
2268 0.15 0.0819178
2269 0.3 0.127733
2270 0.2 0.0917663
2271 0.2 0.0917663
2272 0.25 0.0993399
2273 0.35 0.131289
2274 0.3 0.105131
2275 0.35 0.109424
2276 0.35 0.109424
2277 0.35 0.109424
2278 0.25 0.0993399
2279 0.25 0.0993399
2280 0.35 0.109424
2281 0.3 0.105131
2282 0.4 0.168585
2283 0.3 0.163836
2284 0.25 0.12301
2285 0.1 0.1
2286 0.1 0.1
2287 0.15 0.109424
2288 0.15 0.109424
2289 0.15 0.109424
2290 0.2 0.11698
2291 0.2 0.11698
2292 0.2 0.0917663
2293 0.2 0.0917663
2294 0.2 0.0917663
2295 0.15 0.0819178
2296 0.05 0.05
2297 0.05 0.05
2298 0.05 0.05
2299 0 0
2300 0.15 0.109424
2301 0.1 0.0688247
2302 0.1 0.0688247
2303 0.1 0.0688247
2304 0.2 0.0917663
2305 0.3 0.105131
2306 0.25 0.0993399
2307 0.3 0.127733
2308 0.25 0.12301
2309 0.2 0.11698
2310 0.15 0.0819178
2311 0.2 0.0917663
2312 0.2 0.0917663
2313 0.2 0.11698
2314 0.1 0.1
2315 0.2 0.137649
2316 0.3 0.146898
2317 0.3 0.146898
2318 0.25 0.12301
2319 0.35 0.131289
2320 0.25 0.0993399
2321 0.35 0.131289
2322 0.35 0.131289
2323 0.2 0.11698
2324 0.25 0.0993399
2325 0.25 0.0993399
2326 0.2 0.0917663
2327 0.2 0.0917663
2328 0.15 0.0819178
2329 0.2 0.0917663
2330 0.2 0.0917663
2331 0.25 0.0993399
2332 0.2 0.0917663
2333 0.2 0.0917663
2334 0.35 0.131289
2335 0.35 0.109424
2336 0.35 0.109424
2337 0.35 0.109424
2338 0.45 0.114133
2339 0.35 0.109424
2340 0.35 0.109424
2341 0.35 0.109424
2342 0.3 0.105131
2343 0.4 0.11239
2344 0.4 0.11239
2345 0.45 0.135239
2346 0.35 0.131289
2347 0.35 0.131289
2348 0.25 0.0993399
2349 0.25 0.0993399
2350 0.2 0.0917663
2351 0.2 0.0917663
2352 0.2 0.0917663
2353 0.2 0.0917663
2354 0.3 0.127733
2355 0.3 0.127733
2356 0.35 0.131289
2357 0.3 0.127733
2358 0.3 0.127733
2359 0.25 0.0993399
2360 0.2 0.0917663
2361 0.2 0.0917663
2362 0.25 0.0993399
2363 0.3 0.105131
2364 0.3 0.105131
2365 0.25 0.0993399
2366 0.35 0.131289
2367 0.35 0.131289
2368 0.35 0.131289
2369 0.35 0.131289
2370 0.35 0.131289
2371 0.4 0.133771
2372 0.45 0.135239
2373 0.45 0.153469
2374 0.35 0.15
2375 0.4 0.133771
2376 0.35 0.109424
2377 0.3 0.105131
2378 0.3 0.105131
2379 0.25 0.0993399
2380 0.25 0.0993399
2381 0.25 0.0993399
2382 0.3 0.105131
2383 0.3 0.105131
2384 0.25 0.0993399
2385 0.25 0.0993399
2386 0.25 0.0993399
2387 0.25 0.0993399
2388 0.25 0.0993399
2389 0.3 0.105131
2390 0.25 0.0993399
2391 0.25 0.0993399
2392 0.3 0.105131
2393 0.25 0.0993399
2394 0.25 0.0993399
2395 0.3 0.127733
2396 0.35 0.131289
2397 0.25 0.0993399
2398 0.2 0.0917663
2399 0.2 0.0917663
2400 0.15 0.0819178
2401 0.15 0.0819178
2402 0.15 0.0819178
2403 0.15 0.0819178
2404 0.15 0.0819178
2405 0.1 0.0688247
2406 0.15 0.0819178
2407 0.2 0.0917663
2408 0.25 0.0993399
2409 0.35 0.166623
2410 0.25 0.0993399
2411 0.25 0.0993399
2412 0.2 0.0917663
2413 0.2 0.0917663
2414 0.15 0.0819178
2415 0.15 0.0819178
2416 0.15 0.0819178
2417 0.1 0.0688247
2418 0.1 0.0688247
2419 0.1 0.0688247
2420 0.1 0.0688247
2421 0.1 0.0688247
2422 0.1 0.0688247
2423 0.15 0.0819178
2424 0.1 0.0688247
2425 0.1 0.0688247
2426 0.1 0.0688247
2427 0.05 0.05
2428 0.05 0.05
2429 0.15 0.0819178
2430 0.2 0.0917663
2431 0.3 0.105131
2432 0.25 0.0993399
2433 0.3 0.146898
2434 0.25 0.12301
2435 0.3 0.146898
2436 0.25 0.12301
2437 0.15 0.0819178
2438 0.25 0.12301
2439 0.2 0.11698
2440 0.1 0.0688247
2441 0.15 0.0819178
2442 0.1 0.0688247
2443 0.2 0.0917663
2444 0.1 0.0688247
2445 0.1 0.0688247
2446 0.05 0.05
2447 0.05 0.05
2448 0.1 0.0688247
2449 0.1 0.0688247
2450 0.1 0.0688247
2451 0.05 0.05
2452 0.05 0.05
2453 0.05 0.05
2454 0.25 0.0993399
2455 0.4 0.133771
2456 0.45 0.135239
2457 0.3 0.105131
2458 0.35 0.109424
2459 0.4 0.133771
2460 0.45 0.153469
2461 0.3 0.146898
2462 0.3 0.146898
2463 0.3 0.146898
2464 0.25 0.14281
2465 0.25 0.14281
2466 0.25 0.14281
2467 0.25 0.14281
2468 0.25 0.14281
2469 0.2 0.137649
2470 0.3 0.146898
2471 0.4 0.152177
2472 0.3 0.127733
2473 0.2 0.11698
2474 0.3 0.127733
2475 0.3 0.127733
2476 0.3 0.127733
2477 0.25 0.0993399
2478 0.25 0.0993399
2479 0.25 0.0993399
2480 0.25 0.0993399
2481 0.2 0.0917663
2482 0.15 0.0819178
2483 0.15 0.0819178
2484 0.15 0.0819178
2485 0.15 0.0819178
2486 0.15 0.0819178
2487 0.15 0.0819178
2488 0.15 0.0819178
2489 0.15 0.0819178
2490 0.15 0.0819178
2491 0.15 0.0819178
2492 0.1 0.0688247
2493 0.1 0.0688247
2494 0.1 0.0688247
2495 0.1 0.0688247
2496 0.1 0.0688247
2497 0.15 0.0819178
2498 0.15 0.0819178
2499 0.2 0.0917663
2500 0.15 0.0819178
2501 0.15 0.0819178
2502 0.15 0.0819178
2503 0.15 0.0819178
2504 0.15 0.0819178
2505 0.15 0.109424
2506 0.1 0.0688247
2507 0.1 0.0688247
2508 0.05 0.05
2509 0.05 0.05
2510 0.05 0.05
2511 0.05 0.05
2512 0.1 0.0688247
2513 0.2 0.0917663
2514 0.25 0.12301
2515 0.2 0.0917663
2516 0.25 0.0993399
2517 0.25 0.12301
2518 0.3 0.127733
2519 0.25 0.0993399
2520 0.3 0.105131
2521 0.3 0.105131
2522 0.25 0.0993399
2523 0.15 0.0819178
2524 0.2 0.0917663
2525 0.2 0.0917663
2526 0.1 0.0688247
2527 0.1 0.0688247
2528 0.15 0.0819178
2529 0.15 0.0819178
2530 0.2 0.0917663
2531 0.2 0.0917663
2532 0.25 0.0993399
2533 0.2 0.0917663
2534 0.25 0.0993399
2535 0.35 0.109424
2536 0.3 0.105131
2537 0.25 0.0993399
2538 0.3 0.127733
2539 0.35 0.131289
2540 0.35 0.131289
2541 0.35 0.131289
2542 0.25 0.12301
2543 0.2 0.0917663
2544 0.15 0.0819178
2545 0.2 0.11698
2546 0.3 0.127733
2547 0.25 0.0993399
2548 0.25 0.0993399
2549 0.25 0.0993399
2550 0.25 0.0993399
2551 0.25 0.0993399
2552 0.2 0.0917663
2553 0.25 0.0993399
2554 0.25 0.0993399
2555 0.25 0.0993399
2556 0.25 0.0993399
2557 0.2 0.0917663
2558 0.35 0.131289
2559 0.45 0.153469
2560 0.45 0.153469
2561 0.45 0.153469
2562 0.35 0.15
2563 0.35 0.15
2564 0.35 0.15
2565 0.25 0.12301
2566 0.3 0.127733
2567 0.3 0.127733
2568 0.35 0.15
2569 0.35 0.166623
2570 0.4 0.152177
2571 0.3 0.127733
2572 0.3 0.127733
2573 0.3 0.127733
2574 0.15 0.0819178
2575 0.15 0.0819178
2576 0.15 0.0819178
2577 0.1 0.0688247
2578 0.1 0.0688247
2579 0.05 0.05
2580 0.1 0.0688247
2581 0.15 0.0819178
2582 0.2 0.0917663
2583 0.25 0.0993399
2584 0.2 0.0917663
2585 0.2 0.0917663
2586 0.2 0.0917663
2587 0.2 0.0917663
2588 0.25 0.12301
2589 0.3 0.127733
2590 0.3 0.105131
2591 0.2 0.0917663
2592 0.2 0.0917663
2593 0.25 0.0993399
2594 0.25 0.0993399
2595 0.25 0.0993399
2596 0.2 0.0917663
2597 0.2 0.0917663
2598 0.15 0.0819178
2599 0.15 0.0819178
2600 0.15 0.0819178
2601 0.1 0.0688247
2602 0.05 0.05
2603 0.05 0.05
2604 0.05 0.05
2605 0.1 0.0688247
2606 0.15 0.0819178
2607 0.2 0.0917663
2608 0.2 0.0917663
2609 0.2 0.0917663
2610 0.1 0.0688247
2611 0.2 0.11698
2612 0.25 0.12301
2613 0.3 0.127733
2614 0.25 0.0993399
2615 0.25 0.0993399
2616 0.25 0.0993399
2617 0.25 0.0993399
2618 0.3 0.105131
2619 0.3 0.105131
2620 0.3 0.105131
2621 0.3 0.105131
2622 0.2 0.0917663
2623 0.25 0.0993399
2624 0.3 0.127733
2625 0.3 0.127733
2626 0.25 0.12301
2627 0.35 0.181731
2628 0.4 0.183533
2629 0.5 0.223607
2630 0.5 0.223607
2631 0.4 0.152177
2632 0.35 0.131289
2633 0.35 0.131289
2634 0.3 0.105131
2635 0.4 0.133771
2636 0.4 0.133771
2637 0.45 0.135239
2638 0.35 0.131289
2639 0.3 0.105131
2640 0.3 0.105131
2641 0.3 0.105131
2642 0.3 0.105131
2643 0.35 0.109424
2644 0.3 0.105131
2645 0.35 0.109424
2646 0.35 0.109424
2647 0.35 0.109424
2648 0.4 0.11239
2649 0.35 0.109424
2650 0.3 0.105131
2651 0.3 0.105131
2652 0.25 0.0993399
2653 0.25 0.0993399
2654 0.3 0.105131
2655 0.3 0.105131
2656 0.25 0.0993399
2657 0.25 0.0993399
2658 0.25 0.0993399
2659 0.2 0.0917663
2660 0.25 0.0993399
2661 0.2 0.0917663
2662 0.2 0.0917663
2663 0.2 0.0917663
2664 0.25 0.0993399
2665 0.25 0.0993399
2666 0.15 0.0819178
2667 0.25 0.12301
