0 0 0
1 0 0
2 0.1 0.1
3 0.2 0.11698
4 0.25 0.12301
5 0.25 0.0993399
6 0.25 0.0993399
7 0.35 0.131289
8 0.4 0.133771
9 0.35 0.131289
10 0.35 0.131289
11 0.35 0.131289
12 0.4 0.133771
13 0.5 0.153897
14 0.5 0.153897
15 0.5 0.153897
16 0.5 0.153897
17 0.5 0.153897
18 0.45 0.153469
19 0.45 0.184605
20 0.5 0.184961
21 0.45 0.169752
22 0.45 0.169752
23 0.45 0.169752
24 0.4 0.152177
25 0.45 0.153469
26 0.45 0.153469
27 0.4 0.152177
28 0.4 0.152177
29 0.4 0.152177
30 0.45 0.153469
31 0.45 0.153469
32 0.5 0.153897
33 0.45 0.135239
34 0.5 0.135724
35 0.4 0.11239
36 0.5 0.135724
37 0.6 0.133771
38 0.65 0.15
39 0.7 0.146898
40 0.65 0.131289
41 0.75 0.160181
42 0.75 0.160181
43 0.7 0.163836
44 0.65 0.166623
45 0.55 0.153469
46 0.65 0.181731
47 0.6 0.168585
48 0.65 0.195677
49 0.65 0.181731
50 0.6 0.183533
51 0.55 0.153469
52 0.6 0.152177
53 0.65 0.15
54 0.65 0.15
55 0.75 0.160181
56 0.65 0.15
57 0.75 0.175844
58 0.65 0.166623
59 0.65 0.166623
60 0.7 0.163836
61 0.75 0.160181
62 0.8 0.155597
63 0.8 0.171679
64 0.7 0.179179
65 0.65 0.181731
66 0.6 0.168585
67 0.7 0.163836
68 0.7 0.163836
69 0.7 0.163836
70 0.7 0.163836
71 0.6 0.152177
72 0.6 0.152177
73 0.6 0.183533
74 0.5 0.184961
75 0.45 0.184605
76 0.45 0.184605
77 0.45 0.184605
78 0.4 0.168585
79 0.45 0.184605
80 0.5 0.184961
81 0.55 0.184605
82 0.55 0.184605
83 0.45 0.153469
84 0.4 0.152177
85 0.4 0.152177
86 0.35 0.131289
87 0.35 0.131289
88 0.35 0.131289
89 0.4 0.133771
90 0.4 0.133771
91 0.45 0.135239
92 0.4 0.11239
93 0.45 0.114133
94 0.45 0.114133
95 0.5 0.114708
96 0.55 0.114133
97 0.55 0.114133
98 0.55 0.114133
99 0.5 0.114708
100 0.55 0.135239
101 0.7 0.127733
102 0.65 0.131289
103 0.55 0.135239
104 0.6 0.152177
105 0.6 0.152177
106 0.65 0.15
107 0.65 0.15
108 0.75 0.190221
109 0.8 0.186378
110 0.8 0.186378
111 0.8 0.171679
112 0.8 0.186378
113 0.7 0.179179
114 0.7 0.179179
115 0.8 0.171679
116 0.8 0.171679
117 0.7 0.179179
118 0.7 0.179179
119 0.6 0.152177
120 0.6 0.152177
121 0.6 0.152177
122 0.65 0.15
123 0.65 0.15
124 0.7 0.146898
125 0.75 0.175844
126 0.65 0.166623
127 0.55 0.169752
128 0.6 0.168585
129 0.6 0.168585
130 0.5 0.170139
131 0.5 0.170139
132 0.5 0.135724
133 0.45 0.135239
134 0.45 0.135239
135 0.45 0.135239
136 0.5 0.153897
137 0.45 0.153469
138 0.5 0.153897
139 0.55 0.153469
140 0.55 0.169752
141 0.45 0.153469
142 0.5 0.153897
143 0.5 0.153897
144 0.5 0.153897
145 0.5 0.153897
146 0.55 0.153469
147 0.5 0.153897
148 0.45 0.153469
149 0.45 0.153469
150 0.45 0.153469
151 0.45 0.153469
152 0.45 0.153469
153 0.45 0.153469
154 0.4 0.152177
155 0.4 0.152177
156 0.6 0.183533
157 0.65 0.195677
158 0.75 0.190221
159 0.65 0.181731
160 0.6 0.183533
161 0.55 0.184605
162 0.45 0.169752
163 0.5 0.170139
164 0.55 0.169752
165 0.5 0.170139
166 0.55 0.169752
167 0.55 0.184605
168 0.55 0.184605
169 0.55 0.184605
170 0.5 0.170139
171 0.5 0.170139
172 0.45 0.169752
173 0.45 0.135239
174 0.4 0.133771
175 0.4 0.133771
176 0.45 0.135239
177 0.45 0.135239
178 0.45 0.135239
179 0.45 0.135239
180 0.45 0.135239
181 0.45 0.135239
182 0.45 0.135239
183 0.45 0.135239
184 0.5 0.135724
185 0.5 0.135724
186 0.5 0.135724
187 0.6 0.152177
188 0.6 0.152177
189 0.45 0.135239
190 0.4 0.11239
191 0.4 0.11239
192 0.4 0.11239
193 0.4 0.11239
194 0.35 0.109424
195 0.3 0.105131
196 0.4 0.11239
197 0.35 0.109424
198 0.4 0.11239
199 0.4 0.11239
200 0.45 0.135239
201 0.45 0.135239
202 0.4 0.11239
203 0.35 0.109424
204 0.4 0.11239
205 0.35 0.109424
206 0.35 0.109424
207 0.4 0.11239
208 0.4 0.11239
209 0.45 0.114133
210 0.55 0.114133
211 0.5 0.114708
212 0.45 0.114133
213 0.35 0.109424
214 0.3 0.105131
215 0.25 0.0993399
216 0.25 0.0993399
217 0.25 0.0993399
218 0.35 0.131289
219 0.35 0.131289
220 0.4 0.133771
221 0.4 0.133771
222 0.4 0.133771
223 0.4 0.11239
224 0.45 0.135239
225 0.45 0.135239
226 0.4 0.133771
227 0.3 0.105131
228 0.3 0.105131
229 0.4 0.133771
230 0.45 0.153469
231 0.5 0.153897
232 0.4 0.152177
233 0.35 0.131289
234 0.35 0.131289
235 0.25 0.12301
236 0.3 0.127733
237 0.3 0.127733
238 0.35 0.131289
239 0.45 0.153469
240 0.45 0.153469
241 0.4 0.133771
242 0.4 0.133771
243 0.35 0.131289
244 0.3 0.105131
245 0.35 0.109424
246 0.35 0.109424
247 0.35 0.109424
248 0.25 0.0993399
249 0.25 0.0993399
250 0.45 0.153469
251 0.45 0.153469
252 0.5 0.170139
253 0.45 0.153469
254 0.55 0.169752
255 0.6 0.168585
256 0.6 0.168585
257 0.6 0.168585
258 0.65 0.181731
259 0.7 0.179179
260 0.6 0.152177
261 0.6 0.152177
262 0.5 0.135724
263 0.45 0.135239
264 0.4 0.133771
265 0.5 0.153897
266 0.35 0.131289
267 0.25 0.12301
268 0.25 0.12301
269 0.35 0.131289
270 0.35 0.131289
271 0.35 0.131289
272 0.35 0.131289
273 0.3 0.127733
274 0.25 0.0993399
275 0.3 0.105131
276 0.3 0.105131
277 0.25 0.0993399
278 0.25 0.0993399
279 0.25 0.0993399
280 0.25 0.0993399
281 0.25 0.0993399
282 0.3 0.105131
283 0.25 0.0993399
284 0.3 0.105131
285 0.3 0.105131
286 0.3 0.127733
287 0.35 0.131289
288 0.3 0.105131
289 0.3 0.105131
290 0.3 0.105131
291 0.3 0.105131
292 0.35 0.109424
293 0.4 0.11239
294 0.4 0.11239
295 0.45 0.135239
296 0.5 0.153897
297 0.5 0.153897
298 0.45 0.135239
299 0.4 0.11239
300 0.4 0.11239
301 0.45 0.114133
302 0.45 0.114133
303 0.45 0.114133
304 0.45 0.114133
305 0.45 0.114133
306 0.45 0.114133
307 0.45 0.114133
308 0.4 0.11239
309 0.4 0.11239
310 0.4 0.11239
311 0.35 0.109424
312 0.35 0.109424
313 0.35 0.109424
314 0.4 0.11239
315 0.4 0.11239
316 0.4 0.11239
317 0.45 0.114133
318 0.4 0.11239
319 0.45 0.114133
320 0.45 0.114133
321 0.45 0.114133
322 0.4 0.11239
323 0.4 0.11239
324 0.4 0.11239
325 0.4 0.11239
326 0.35 0.109424
327 0.35 0.109424
328 0.35 0.109424
329 0.4 0.11239
330 0.4 0.11239
331 0.45 0.135239
332 0.5 0.170139
333 0.45 0.169752
334 0.45 0.169752
335 0.5 0.170139
336 0.45 0.135239
337 0.4 0.11239
338 0.35 0.109424
339 0.4 0.11239
340 0.45 0.135239
341 0.45 0.135239
342 0.5 0.135724
343 0.45 0.135239
344 0.45 0.135239
345 0.4 0.133771
346 0.35 0.131289
347 0.35 0.131289
348 0.3 0.127733
349 0.25 0.12301
350 0.15 0.109424
351 0.15 0.109424
352 0.1 0.0688247
353 0.15 0.0819178
354 0.15 0.0819178
355 0.15 0.0819178
356 0.2 0.0917663
357 0.2 0.0917663
358 0.2 0.0917663
359 0.2 0.0917663
360 0.2 0.0917663
361 0.2 0.0917663
362 0.2 0.0917663
363 0.25 0.0993399
364 0.2 0.0917663
365 0.3 0.105131
366 0.25 0.0993399
367 0.3 0.105131
368 0.3 0.105131
369 0.3 0.105131
370 0.2 0.0917663
371 0.15 0.0819178
372 0.15 0.0819178
373 0.25 0.0993399
374 0.25 0.0993399
375 0.25 0.0993399
376 0.2 0.0917663
377 0.2 0.0917663
378 0.15 0.0819178
379 0.15 0.0819178
380 0.15 0.0819178
381 0.2 0.0917663
382 0.3 0.127733
383 0.3 0.127733
384 0.3 0.127733
385 0.3 0.127733
386 0.3 0.127733
387 0.3 0.127733
388 0.3 0.127733
389 0.3 0.127733
390 0.3 0.127733
391 0.3 0.127733
392 0.3 0.127733
393 0.25 0.0993399
394 0.15 0.0819178
395 0.2 0.0917663
396 0.2 0.0917663
397 0.2 0.0917663
398 0.2 0.0917663
399 0.15 0.0819178
400 0.15 0.0819178
401 0.1 0.0688247
402 0.1 0.0688247
403 0.2 0.0917663
404 0.15 0.0819178
405 0.15 0.0819178
406 0.15 0.0819178
407 0.15 0.0819178
408 0.15 0.0819178
409 0.2 0.0917663
410 0.2 0.0917663
411 0.2 0.0917663
412 0.2 0.0917663
413 0.25 0.0993399
414 0.3 0.127733
415 0.3 0.127733
416 0.3 0.127733
417 0.3 0.127733
418 0.25 0.0993399
419 0.25 0.0993399
420 0.25 0.0993399
421 0.25 0.0993399
422 0.2 0.0917663
423 0.2 0.11698
424 0.2 0.11698
425 0.2 0.11698
426 0.2 0.11698
427 0.2 0.11698
428 0.25 0.14281
429 0.25 0.14281
430 0.25 0.14281
431 0.25 0.14281
432 0.3 0.146898
433 0.35 0.181731
434 0.35 0.181731
435 0.35 0.181731
436 0.45 0.198348
437 0.35 0.166623
438 0.35 0.166623
439 0.35 0.166623
440 0.35 0.166623
441 0.35 0.166623
442 0.3 0.146898
443 0.3 0.146898
444 0.35 0.15
445 0.35 0.131289
446 0.4 0.133771
447 0.4 0.133771
448 0.4 0.133771
449 0.45 0.153469
450 0.45 0.153469
451 0.45 0.153469
452 0.5 0.153897
453 0.5 0.135724
454 0.5 0.135724
455 0.5 0.153897
456 0.45 0.153469
457 0.45 0.153469
458 0.4 0.152177
459 0.35 0.15
460 0.35 0.15
461 0.4 0.168585
462 0.4 0.168585
463 0.5 0.184961
464 0.5 0.184961
465 0.5 0.170139
466 0.45 0.169752
467 0.4 0.152177
468 0.35 0.131289
469 0.35 0.131289
470 0.35 0.131289
471 0.35 0.131289
472 0.35 0.131289
473 0.3 0.127733
474 0.4 0.133771
475 0.4 0.133771
476 0.4 0.133771
477 0.35 0.131289
478 0.4 0.133771
479 0.4 0.133771
480 0.5 0.153897
481 0.45 0.135239
482 0.4 0.133771
483 0.4 0.133771
484 0.5 0.153897
485 0.5 0.153897
486 0.5 0.153897
487 0.35 0.131289
488 0.35 0.131289
489 0.35 0.131289
490 0.35 0.131289
491 0.45 0.135239
492 0.25 0.12301
493 0.25 0.12301
494 0.2 0.0917663
495 0.2 0.0917663
496 0.2 0.0917663
497 0.15 0.0819178
498 0.15 0.0819178
499 0.15 0.0819178
500 0.25 0.12301
501 0.25 0.12301
502 0.25 0.12301
503 0.25 0.12301
504 0.25 0.12301
505 0.25 0.12301
506 0.25 0.12301
507 0.25 0.12301
508 0.25 0.12301
509 0.3 0.127733
510 0.35 0.131289
511 0.35 0.131289
512 0.35 0.131289
513 0.35 0.131289
514 0.35 0.131289
515 0.35 0.131289
516 0.4 0.152177
517 0.4 0.152177
518 0.35 0.15
519 0.35 0.15
520 0.35 0.15
521 0.4 0.152177
522 0.45 0.153469
523 0.5 0.153897
524 0.55 0.153469
525 0.5 0.153897
526 0.5 0.153897
527 0.45 0.153469
528 0.45 0.153469
529 0.45 0.153469
530 0.35 0.131289
531 0.35 0.131289
532 0.35 0.131289
533 0.3 0.105131
534 0.4 0.133771
535 0.35 0.131289
536 0.4 0.133771
537 0.4 0.133771
538 0.35 0.131289
539 0.35 0.131289
540 0.35 0.131289
541 0.35 0.131289
542 0.35 0.131289
543 0.4 0.133771
544 0.4 0.133771
545 0.4 0.133771
546 0.45 0.153469
547 0.4 0.152177
548 0.35 0.131289
549 0.3 0.127733
550 0.3 0.127733
551 0.35 0.15
552 0.35 0.15
553 0.3 0.127733
554 0.3 0.127733
555 0.3 0.127733
556 0.3 0.127733
557 0.25 0.0993399
558 0.25 0.0993399
559 0.25 0.0993399
560 0.25 0.0993399
561 0.25 0.0993399
562 0.25 0.0993399
563 0.25 0.0993399
564 0.3 0.105131
565 0.35 0.109424
566 0.3 0.105131
567 0.3 0.127733
568 0.3 0.127733
569 0.3 0.127733
570 0.35 0.131289
571 0.35 0.131289
572 0.35 0.131289
573 0.35 0.131289
574 0.35 0.131289
575 0.35 0.131289
576 0.4 0.133771
577 0.4 0.133771
578 0.4 0.133771
579 0.35 0.131289
580 0.35 0.131289
581 0.35 0.131289
582 0.45 0.135239
583 0.45 0.114133
584 0.45 0.114133
585 0.5 0.114708
586 0.45 0.114133
587 0.45 0.114133
588 0.4 0.11239
589 0.25 0.0993399
590 0.25 0.0993399
591 0.2 0.0917663
592 0.15 0.0819178
593 0.2 0.0917663
594 0.2 0.0917663
595 0.2 0.0917663
596 0.2 0.0917663
597 0.2 0.0917663
598 0.2 0.0917663
599 0.15 0.0819178
600 0.15 0.0819178
601 0.2 0.0917663
602 0.25 0.0993399
603 0.25 0.0993399
604 0.2 0.0917663
605 0.2 0.0917663
606 0.15 0.0819178
607 0.1 0.0688247
608 0.1 0.0688247
609 0.2 0.0917663
610 0.2 0.0917663
611 0.2 0.0917663
612 0.15 0.0819178
613 0.15 0.0819178
614 0.15 0.0819178
615 0.15 0.0819178
616 0.15 0.0819178
617 0.15 0.0819178
618 0.1 0.0688247
619 0.1 0.0688247
620 0.15 0.109424
621 0.25 0.12301
622 0.3 0.127733
623 0.3 0.127733
624 0.3 0.127733
625 0.35 0.131289
626 0.3 0.127733
627 0.3 0.127733
628 0.3 0.127733
629 0.3 0.127733
630 0.3 0.127733
631 0.3 0.127733
632 0.25 0.12301
633 0.25 0.12301
634 0.25 0.12301
635 0.3 0.127733
636 0.2 0.0917663
637 0.2 0.0917663
638 0.2 0.0917663
639 0.2 0.0917663
640 0.15 0.0819178
641 0.2 0.0917663
642 0.2 0.0917663
643 0.2 0.0917663
644 0.2 0.0917663
645 0.2 0.0917663
646 0.15 0.0819178
647 0.25 0.0993399
648 0.25 0.0993399
649 0.25 0.0993399
650 0.25 0.0993399
651 0.25 0.0993399
652 0.25 0.0993399
653 0.25 0.0993399
654 0.3 0.127733
655 0.3 0.127733
656 0.2 0.0917663
657 0.2 0.0917663
658 0.2 0.0917663
659 0.2 0.0917663
660 0.2 0.0917663
661 0.3 0.105131
662 0.4 0.133771
663 0.4 0.133771
664 0.35 0.109424
665 0.4 0.133771
666 0.4 0.133771
667 0.35 0.131289
668 0.35 0.131289
669 0.35 0.131289
670 0.4 0.133771
671 0.45 0.135239
672 0.4 0.133771
673 0.4 0.133771
674 0.3 0.105131
675 0.3 0.105131
676 0.25 0.0993399
677 0.25 0.0993399
678 0.25 0.0993399
679 0.25 0.0993399
680 0.25 0.0993399
681 0.25 0.0993399
682 0.2 0.0917663
683 0.2 0.0917663
684 0.25 0.12301
685 0.25 0.12301
686 0.3 0.127733
687 0.3 0.127733
688 0.3 0.127733
689 0.3 0.127733
690 0.25 0.12301
691 0.25 0.12301
692 0.25 0.12301
693 0.25 0.12301
694 0.25 0.12301
695 0.25 0.12301
696 0.15 0.0819178
697 0.15 0.0819178
698 0.25 0.12301
699 0.25 0.12301
700 0.25 0.12301
701 0.25 0.12301
702 0.25 0.12301
703 0.25 0.12301
704 0.25 0.12301
705 0.3 0.127733
706 0.3 0.127733
707 0.25 0.12301
708 0.25 0.12301
709 0.3 0.127733
710 0.3 0.127733
711 0.25 0.12301
712 0.25 0.12301
713 0.25 0.12301
714 0.3 0.127733
715 0.3 0.127733
716 0.3 0.127733
717 0.25 0.12301
718 0.2 0.11698
719 0.2 0.11698
720 0.2 0.11698
721 0.2 0.11698
722 0.2 0.11698
723 0.25 0.12301
724 0.3 0.127733
725 0.25 0.12301
726 0.3 0.127733
727 0.3 0.127733
728 0.3 0.127733
729 0.3 0.127733
730 0.3 0.146898
731 0.3 0.146898
732 0.3 0.146898
733 0.3 0.146898
734 0.25 0.14281
735 0.25 0.14281
736 0.25 0.14281
737 0.25 0.14281
738 0.2 0.11698
739 0.15 0.0819178
740 0.15 0.0819178
741 0.15 0.0819178
742 0.15 0.0819178
743 0.2 0.0917663
744 0.2 0.0917663
745 0.3 0.127733
746 0.3 0.127733
747 0.35 0.15
748 0.35 0.15
749 0.3 0.146898
750 0.3 0.146898
751 0.3 0.146898
752 0.3 0.146898
753 0.3 0.146898
754 0.3 0.146898
755 0.3 0.146898
756 0.3 0.146898
757 0.25 0.12301
758 0.25 0.12301
759 0.25 0.12301
760 0.25 0.12301
761 0.25 0.12301
762 0.2 0.11698
763 0.2 0.11698
764 0.15 0.109424
765 0.15 0.109424
766 0.15 0.109424
767 0.2 0.11698
768 0.2 0.11698
769 0.2 0.11698
770 0.2 0.11698
771 0.2 0.11698
772 0.2 0.11698
773 0.2 0.11698
774 0.3 0.127733
775 0.3 0.127733
776 0.3 0.127733
777 0.25 0.12301
778 0.25 0.12301
779 0.25 0.12301
780 0.25 0.12301
781 0.25 0.12301
782 0.3 0.127733
783 0.25 0.0993399
784 0.2 0.0917663
785 0.2 0.0917663
786 0.3 0.127733
787 0.3 0.127733
788 0.3 0.127733
789 0.3 0.127733
790 0.2 0.0917663
791 0.2 0.0917663
792 0.2 0.0917663
793 0.25 0.12301
794 0.25 0.12301
795 0.25 0.12301
796 0.3 0.127733
797 0.3 0.127733
798 0.25 0.12301
799 0.25 0.12301
800 0.25 0.12301
801 0.25 0.12301
802 0.25 0.12301
803 0.25 0.12301
804 0.25 0.12301
805 0.2 0.11698
806 0.35 0.131289
807 0.35 0.131289
808 0.4 0.133771
809 0.4 0.133771
810 0.45 0.135239
811 0.4 0.11239
812 0.4 0.11239
813 0.3 0.105131
814 0.25 0.0993399
815 0.3 0.127733
816 0.3 0.127733
817 0.3 0.127733
818 0.3 0.127733
819 0.35 0.131289
820 0.35 0.131289
821 0.35 0.131289
822 0.35 0.131289
823 0.3 0.127733
824 0.3 0.127733
825 0.35 0.131289
826 0.35 0.131289
827 0.35 0.131289
828 0.35 0.131289
829 0.35 0.131289
830 0.35 0.109424
831 0.3 0.105131
832 0.3 0.105131
833 0.35 0.109424
834 0.35 0.109424
835 0.35 0.109424
836 0.25 0.0993399
837 0.25 0.0993399
838 0.3 0.127733
839 0.3 0.127733
840 0.35 0.15
841 0.35 0.15
842 0.35 0.15
843 0.3 0.127733
844 0.25 0.12301
845 0.25 0.12301
846 0.25 0.12301
847 0.3 0.127733
848 0.35 0.131289
849 0.4 0.133771
850 0.35 0.131289
851 0.35 0.131289
852 0.35 0.131289
853 0.35 0.131289
854 0.35 0.131289
855 0.35 0.131289
856 0.35 0.131289
857 0.35 0.131289
858 0.3 0.127733
859 0.3 0.127733
860 0.35 0.131289
861 0.35 0.131289
862 0.35 0.131289
863 0.35 0.131289
864 0.35 0.131289
865 0.35 0.131289
866 0.35 0.15
867 0.35 0.15
868 0.4 0.152177
869 0.35 0.131289
870 0.35 0.131289
871 0.3 0.105131
872 0.3 0.105131
873 0.2 0.0917663
874 0.25 0.0993399
875 0.25 0.0993399
876 0.35 0.109424
877 0.35 0.109424
878 0.4 0.11239
879 0.35 0.109424
880 0.3 0.105131
881 0.3 0.105131
882 0.25 0.0993399
883 0.25 0.0993399
884 0.3 0.127733
885 0.3 0.127733
886 0.25 0.0993399
887 0.25 0.0993399
888 0.25 0.0993399
889 0.3 0.127733
890 0.3 0.127733
891 0.35 0.15
892 0.35 0.15
893 0.35 0.15
894 0.35 0.15
895 0.4 0.168585
896 0.4 0.168585
897 0.35 0.15
898 0.35 0.15
899 0.35 0.15
900 0.4 0.168585
901 0.4 0.168585
902 0.35 0.15
903 0.35 0.15
904 0.4 0.152177
905 0.5 0.153897
906 0.45 0.153469
907 0.45 0.153469
908 0.45 0.153469
909 0.45 0.153469
910 0.45 0.153469
911 0.45 0.153469
912 0.45 0.153469
913 0.45 0.153469
914 0.45 0.153469
915 0.5 0.153897
916 0.45 0.153469
917 0.35 0.131289
918 0.35 0.131289
919 0.35 0.131289
920 0.3 0.127733
921 0.35 0.131289
922 0.3 0.127733
923 0.3 0.127733
924 0.3 0.127733
925 0.3 0.127733
926 0.35 0.131289
927 0.3 0.127733
928 0.3 0.127733
929 0.25 0.0993399
930 0.35 0.109424
931 0.4 0.11239
932 0.4 0.11239
933 0.4 0.11239
934 0.4 0.11239
935 0.35 0.109424
936 0.25 0.0993399
937 0.25 0.0993399
938 0.25 0.0993399
939 0.3 0.105131
940 0.3 0.105131
941 0.35 0.131289
942 0.25 0.0993399
943 0.3 0.105131
944 0.3 0.105131
945 0.35 0.131289
946 0.4 0.133771
947 0.4 0.133771
948 0.4 0.133771
949 0.45 0.153469
950 0.5 0.153897
951 0.5 0.153897
952 0.5 0.153897
953 0.5 0.153897
954 0.45 0.135239
955 0.4 0.133771
956 0.45 0.153469
957 0.4 0.133771
958 0.35 0.131289
959 0.3 0.146898
960 0.3 0.146898
961 0.3 0.146898
962 0.3 0.146898
963 0.3 0.146898
964 0.3 0.146898
965 0.25 0.12301
966 0.3 0.127733
967 0.25 0.12301
968 0.25 0.12301
969 0.25 0.12301
970 0.3 0.146898
971 0.35 0.15
972 0.35 0.131289
973 0.35 0.131289
974 0.35 0.131289
975 0.3 0.127733
976 0.3 0.127733
977 0.25 0.12301
978 0.3 0.127733
979 0.3 0.127733
980 0.4 0.152177
981 0.35 0.15
982 0.3 0.146898
983 0.35 0.15
984 0.45 0.169752
985 0.45 0.169752
986 0.45 0.169752
987 0.5 0.170139
988 0.5 0.170139
989 0.4 0.152177
990 0.3 0.127733
991 0.25 0.0993399
992 0.3 0.105131
993 0.3 0.105131
994 0.25 0.0993399
995 0.15 0.0819178
996 0.1 0.0688247
997 0.15 0.109424
998 0.2 0.11698
999 0.2 0.11698
1000 0.2 0.11698
1001 0.15 0.109424
1002 0.25 0.160181
1003 0.2 0.155597
1004 0.2 0.155597
1005 0.15 0.109424
1006 0.25 0.160181
1007 0.25 0.160181
1008 0.3 0.163836
1009 0.3 0.163836
1010 0.3 0.163836
1011 0.35 0.166623
1012 0.35 0.166623
1013 0.35 0.166623
1014 0.35 0.166623
1015 0.45 0.169752
1016 0.45 0.135239
1017 0.45 0.135239
1018 0.35 0.131289
1019 0.3 0.105131
1020 0.35 0.109424
1021 0.35 0.109424
1022 0.3 0.105131
1023 0.35 0.131289
1024 0.3 0.127733
1025 0.3 0.127733
1026 0.35 0.166623
1027 0.35 0.166623
1028 0.45 0.184605
1029 0.45 0.184605
1030 0.4 0.152177
1031 0.45 0.169752
1032 0.5 0.184961
1033 0.5 0.184961
1034 0.45 0.169752
1035 0.4 0.168585
1036 0.4 0.168585
1037 0.45 0.169752
1038 0.3 0.127733
1039 0.25 0.12301
1040 0.2 0.0917663
1041 0.25 0.12301
1042 0.25 0.12301
1043 0.2 0.0917663
1044 0.25 0.0993399
1045 0.25 0.0993399
1046 0.25 0.0993399
1047 0.2 0.0917663
1048 0.2 0.0917663
1049 0.2 0.0917663
1050 0.25 0.0993399
1051 0.3 0.105131
1052 0.3 0.105131
1053 0.4 0.11239
1054 0.35 0.109424
1055 0.3 0.105131
1056 0.25 0.0993399
1057 0.3 0.105131
1058 0.3 0.105131
1059 0.35 0.109424
1060 0.35 0.109424
1061 0.35 0.109424
1062 0.4 0.133771
1063 0.4 0.133771
1064 0.4 0.133771
1065 0.4 0.133771
1066 0.3 0.127733
1067 0.25 0.12301
1068 0.2 0.0917663
1069 0.2 0.0917663
1070 0.2 0.0917663
1071 0.2 0.0917663
1072 0.2 0.0917663
1073 0.2 0.0917663
1074 0.25 0.0993399
1075 0.4 0.11239
1076 0.4 0.11239
1077 0.4 0.133771
1078 0.4 0.133771
1079 0.35 0.131289
1080 0.35 0.131289
1081 0.35 0.131289
1082 0.4 0.133771
1083 0.45 0.135239
1084 0.45 0.135239
1085 0.45 0.135239
1086 0.4 0.133771
1087 0.4 0.133771
1088 0.35 0.131289
1089 0.3 0.105131
1090 0.45 0.135239
1091 0.5 0.153897
1092 0.4 0.133771
1093 0.45 0.135239
1094 0.4 0.133771
1095 0.35 0.131289
1096 0.35 0.131289
1097 0.3 0.127733
1098 0.3 0.105131
1099 0.25 0.0993399
1100 0.25 0.0993399
1101 0.25 0.0993399
1102 0.25 0.0993399
1103 0.25 0.0993399
1104 0.25 0.0993399
1105 0.2 0.0917663
1106 0.2 0.0917663
1107 0.15 0.0819178
1108 0.2 0.0917663
1109 0.2 0.0917663
1110 0.2 0.0917663
1111 0.25 0.0993399
1112 0.25 0.0993399
1113 0.3 0.105131
1114 0.3 0.105131
1115 0.3 0.105131
1116 0.25 0.0993399
1117 0.25 0.0993399
1118 0.25 0.0993399
1119 0.25 0.0993399
1120 0.25 0.0993399
1121 0.2 0.0917663
1122 0.15 0.0819178
1123 0.15 0.0819178
1124 0.15 0.0819178
1125 0.15 0.0819178
1126 0.15 0.0819178
1127 0.2 0.0917663
1128 0.2 0.0917663
1129 0.25 0.0993399
1130 0.2 0.0917663
1131 0.25 0.0993399
1132 0.3 0.105131
1133 0.35 0.109424
1134 0.35 0.109424
1135 0.35 0.109424
1136 0.3 0.105131
1137 0.3 0.105131
1138 0.3 0.105131
1139 0.3 0.105131
1140 0.35 0.131289
1141 0.35 0.131289
1142 0.4 0.133771
1143 0.4 0.133771
1144 0.4 0.133771
1145 0.4 0.11239
1146 0.4 0.11239
1147 0.35 0.109424
1148 0.35 0.109424
1149 0.35 0.109424
1150 0.35 0.109424
1151 0.4 0.11239
1152 0.35 0.109424
1153 0.35 0.109424
1154 0.35 0.109424
1155 0.4 0.11239
1156 0.4 0.11239
1157 0.4 0.11239
1158 0.4 0.11239
1159 0.4 0.11239
1160 0.4 0.11239
1161 0.4 0.11239
1162 0.4 0.11239
1163 0.4 0.11239
1164 0.45 0.114133
1165 0.4 0.11239
1166 0.4 0.11239
1167 0.35 0.109424
1168 0.35 0.109424
1169 0.35 0.109424
1170 0.3 0.105131
1171 0.3 0.105131
1172 0.3 0.105131
1173 0.3 0.105131
1174 0.3 0.105131
1175 0.4 0.11239
1176 0.35 0.109424
1177 0.4 0.11239
1178 0.35 0.109424
1179 0.4 0.11239
1180 0.35 0.109424
1181 0.35 0.109424
1182 0.45 0.135239
1183 0.5 0.135724
1184 0.5 0.135724
1185 0.45 0.135239
1186 0.45 0.135239
1187 0.45 0.135239
1188 0.45 0.135239
1189 0.5 0.153897
1190 0.45 0.153469
1191 0.5 0.153897
1192 0.5 0.153897
1193 0.5 0.153897
1194 0.4 0.133771
1195 0.4 0.133771
1196 0.3 0.127733
1197 0.25 0.12301
1198 0.25 0.12301
1199 0.25 0.12301
1200 0.3 0.127733
1201 0.3 0.127733
1202 0.3 0.127733
1203 0.3 0.127733
1204 0.35 0.131289
1205 0.3 0.127733
1206 0.35 0.131289
1207 0.35 0.131289
1208 0.35 0.131289
1209 0.35 0.131289
1210 0.3 0.105131
1211 0.3 0.105131
1212 0.35 0.109424
1213 0.4 0.11239
1214 0.35 0.109424
1215 0.35 0.109424
1216 0.4 0.133771
1217 0.5 0.153897
1218 0.6 0.152177
1219 0.65 0.166623
1220 0.65 0.166623
1221 0.65 0.166623
1222 0.6 0.152177
1223 0.55 0.153469
1224 0.55 0.184605
1225 0.55 0.184605
1226 0.55 0.184605
1227 0.55 0.184605
1228 0.5 0.184961
1229 0.5 0.184961
1230 0.5 0.184961
1231 0.4 0.183533
1232 0.4 0.183533
1233 0.45 0.184605
1234 0.4 0.168585
1235 0.4 0.168585
1236 0.35 0.166623
1237 0.3 0.163836
1238 0.3 0.163836
1239 0.35 0.166623
1240 0.25 0.12301
1241 0.25 0.12301
1242 0.25 0.12301
1243 0.25 0.12301
1244 0.35 0.131289
1245 0.35 0.131289
1246 0.25 0.0993399
1247 0.2 0.0917663
1248 0.25 0.0993399
1249 0.25 0.0993399
1250 0.25 0.0993399
1251 0.25 0.0993399
1252 0.2 0.0917663
1253 0.2 0.0917663
1254 0.35 0.131289
1255 0.35 0.131289
1256 0.25 0.0993399
1257 0.25 0.0993399
1258 0.25 0.0993399
1259 0.25 0.12301
1260 0.35 0.131289
1261 0.4 0.133771
1262 0.4 0.133771
1263 0.45 0.135239
1264 0.4 0.133771
1265 0.4 0.133771
1266 0.4 0.133771
1267 0.35 0.109424
1268 0.35 0.109424
1269 0.35 0.109424
1270 0.4 0.11239
1271 0.45 0.135239
1272 0.45 0.114133
1273 0.45 0.114133
1274 0.45 0.114133
1275 0.4 0.11239
1276 0.3 0.105131
1277 0.3 0.105131
1278 0.25 0.0993399
1279 0.2 0.0917663
1280 0.25 0.0993399
1281 0.35 0.109424
1282 0.35 0.109424
1283 0.4 0.11239
1284 0.45 0.114133
1285 0.45 0.114133
1286 0.3 0.105131
1287 0.3 0.105131
1288 0.3 0.105131
1289 0.3 0.105131
1290 0.35 0.109424
1291 0.35 0.109424
1292 0.35 0.109424
1293 0.4 0.11239
1294 0.4 0.11239
1295 0.45 0.114133
1296 0.4 0.11239
1297 0.4 0.11239
1298 0.4 0.11239
1299 0.4 0.11239
1300 0.4 0.11239
1301 0.4 0.11239
1302 0.45 0.114133
1303 0.4 0.11239
1304 0.4 0.11239
1305 0.4 0.11239
1306 0.4 0.11239
1307 0.4 0.11239
1308 0.35 0.109424
1309 0.3 0.105131
1310 0.25 0.0993399
1311 0.25 0.0993399
1312 0.25 0.0993399
1313 0.25 0.0993399
1314 0.25 0.0993399
1315 0.25 0.0993399
1316 0.25 0.0993399
1317 0.25 0.0993399
1318 0.25 0.0993399
1319 0.25 0.0993399
1320 0.25 0.0993399
1321 0.25 0.0993399
1322 0.3 0.105131
1323 0.2 0.0917663
1324 0.25 0.0993399
1325 0.25 0.0993399
1326 0.25 0.0993399
1327 0.25 0.0993399
1328 0.3 0.105131
1329 0.3 0.105131
1330 0.3 0.105131
1331 0.35 0.109424
1332 0.3 0.105131
1333 0.35 0.109424
1334 0.35 0.131289
1335 0.35 0.131289
1336 0.35 0.131289
1337 0.35 0.131289
1338 0.25 0.12301
1339 0.25 0.12301
1340 0.35 0.131289
1341 0.35 0.131289
1342 0.3 0.127733
1343 0.3 0.127733
1344 0.35 0.131289
1345 0.3 0.127733
1346 0.25 0.12301
1347 0.25 0.12301
1348 0.25 0.12301
1349 0.25 0.12301
1350 0.35 0.131289
1351 0.4 0.152177
1352 0.4 0.152177
1353 0.4 0.152177
1354 0.45 0.184605
1355 0.45 0.184605
1356 0.4 0.168585
1357 0.4 0.168585
1358 0.4 0.168585
1359 0.35 0.166623
1360 0.35 0.166623
1361 0.3 0.127733
1362 0.3 0.127733
1363 0.35 0.15
1364 0.4 0.152177
1365 0.4 0.152177
1366 0.5 0.184961
1367 0.45 0.153469
1368 0.5 0.184961
1369 0.45 0.153469
1370 0.45 0.153469
1371 0.45 0.153469
1372 0.45 0.153469
1373 0.4 0.133771
1374 0.4 0.133771
1375 0.45 0.135239
1376 0.45 0.135239
1377 0.5 0.153897
1378 0.5 0.153897
1379 0.45 0.135239
1380 0.45 0.135239
1381 0.45 0.135239
1382 0.4 0.133771
1383 0.4 0.133771
1384 0.4 0.133771
1385 0.45 0.135239
1386 0.45 0.153469
1387 0.4 0.133771
1388 0.45 0.135239
1389 0.55 0.135239
1390 0.5 0.135724
1391 0.45 0.135239
1392 0.45 0.135239
1393 0.35 0.131289
1394 0.5 0.135724
1395 0.45 0.135239
1396 0.5 0.153897
1397 0.45 0.153469
1398 0.45 0.153469
1399 0.4 0.152177
1400 0.3 0.127733
1401 0.3 0.127733
1402 0.3 0.127733
1403 0.3 0.127733
1404 0.4 0.152177
1405 0.4 0.152177
1406 0.35 0.131289
1407 0.35 0.131289
1408 0.35 0.131289
1409 0.35 0.131289
1410 0.4 0.133771
1411 0.4 0.133771
1412 0.4 0.133771
1413 0.4 0.133771
1414 0.4 0.133771
1415 0.3 0.105131
1416 0.35 0.109424
1417 0.35 0.109424
1418 0.35 0.109424
1419 0.35 0.109424
1420 0.4 0.133771
1421 0.35 0.131289
1422 0.45 0.169752
1423 0.45 0.169752
1424 0.45 0.169752
1425 0.4 0.168585
1426 0.4 0.168585
1427 0.4 0.168585
1428 0.45 0.184605
1429 0.4 0.168585
1430 0.4 0.168585
1431 0.4 0.168585
1432 0.4 0.152177
1433 0.45 0.169752
1434 0.4 0.152177
1435 0.35 0.15
1436 0.35 0.15
1437 0.45 0.153469
1438 0.4 0.133771
1439 0.45 0.153469
1440 0.5 0.153897
1441 0.5 0.153897
1442 0.5 0.153897
1443 0.5 0.153897
1444 0.5 0.153897
1445 0.5 0.153897
1446 0.5 0.153897
1447 0.4 0.133771
1448 0.4 0.133771
1449 0.45 0.153469
1450 0.5 0.170139
1451 0.5 0.170139
1452 0.5 0.170139
1453 0.45 0.153469
1454 0.55 0.153469
1455 0.55 0.153469
1456 0.55 0.153469
1457 0.55 0.153469
1458 0.55 0.153469
1459 0.55 0.169752
1460 0.5 0.153897
1461 0.55 0.153469
1462 0.55 0.153469
1463 0.55 0.153469
1464 0.55 0.153469
1465 0.5 0.153897
1466 0.5 0.135724
1467 0.55 0.153469
1468 0.5 0.153897
1469 0.45 0.153469
1470 0.45 0.153469
1471 0.5 0.170139
1472 0.45 0.153469
1473 0.45 0.153469
1474 0.45 0.153469
1475 0.45 0.153469
1476 0.4 0.152177
1477 0.35 0.131289
1478 0.45 0.153469
1479 0.45 0.153469
1480 0.4 0.133771
1481 0.35 0.131289
1482 0.35 0.131289
1483 0.3 0.127733
1484 0.3 0.127733
1485 0.35 0.131289
1486 0.4 0.133771
1487 0.45 0.153469
1488 0.45 0.153469
1489 0.45 0.153469
1490 0.45 0.153469
1491 0.4 0.133771
1492 0.4 0.133771
1493 0.45 0.153469
1494 0.5 0.153897
1495 0.45 0.135239
1496 0.4 0.11239
1497 0.4 0.11239
1498 0.3 0.105131
1499 0.3 0.105131
1500 0.3 0.105131
1501 0.35 0.131289
1502 0.35 0.131289
1503 0.35 0.131289
1504 0.35 0.131289
1505 0.35 0.131289
1506 0.4 0.133771
1507 0.4 0.133771
1508 0.4 0.133771
1509 0.4 0.133771
1510 0.45 0.135239
1511 0.45 0.135239
1512 0.45 0.135239
1513 0.45 0.135239
1514 0.45 0.135239
1515 0.5 0.153897
1516 0.5 0.153897
1517 0.55 0.169752
1518 0.5 0.153897
1519 0.5 0.135724
1520 0.35 0.131289
1521 0.35 0.131289
1522 0.35 0.131289
1523 0.4 0.133771
1524 0.4 0.133771
1525 0.4 0.133771
1526 0.4 0.133771
1527 0.35 0.109424
1528 0.3 0.105131
1529 0.3 0.105131
1530 0.3 0.105131
1531 0.3 0.105131
1532 0.25 0.0993399
1533 0.25 0.12301
1534 0.3 0.146898
1535 0.25 0.12301
1536 0.3 0.127733
1537 0.3 0.127733
1538 0.25 0.0993399
1539 0.2 0.0917663
1540 0.25 0.12301
1541 0.25 0.0993399
1542 0.35 0.109424
1543 0.4 0.11239
1544 0.35 0.109424
1545 0.35 0.109424
1546 0.3 0.105131
1547 0.3 0.105131
1548 0.25 0.0993399
1549 0.3 0.105131
1550 0.3 0.105131
1551 0.25 0.0993399
1552 0.15 0.0819178
1553 0.15 0.0819178
1554 0.15 0.0819178
1555 0.2 0.0917663
1556 0.2 0.0917663
1557 0.2 0.0917663
1558 0.2 0.0917663
1559 0.2 0.0917663
1560 0.3 0.105131
1561 0.3 0.105131
1562 0.3 0.105131
1563 0.3 0.105131
1564 0.3 0.105131
1565 0.25 0.0993399
1566 0.3 0.105131
1567 0.3 0.105131
1568 0.35 0.109424
1569 0.35 0.109424
1570 0.35 0.109424
1571 0.3 0.105131
1572 0.3 0.105131
1573 0.3 0.105131
1574 0.3 0.105131
1575 0.3 0.105131
1576 0.25 0.0993399
1577 0.25 0.0993399
1578 0.2 0.0917663
1579 0.2 0.0917663
1580 0.25 0.0993399
1581 0.25 0.0993399
1582 0.25 0.0993399
1583 0.25 0.0993399
1584 0.3 0.127733
1585 0.25 0.12301
1586 0.3 0.127733
1587 0.3 0.127733
1588 0.3 0.127733
1589 0.3 0.127733
1590 0.3 0.127733
1591 0.35 0.131289
1592 0.35 0.131289
1593 0.4 0.133771
1594 0.3 0.127733
1595 0.3 0.127733
1596 0.3 0.127733
1597 0.3 0.127733
1598 0.3 0.127733
1599 0.35 0.131289
1600 0.25 0.12301
1601 0.25 0.12301
1602 0.25 0.12301
1603 0.3 0.127733
1604 0.3 0.105131
1605 0.35 0.131289
1606 0.3 0.127733
1607 0.35 0.131289
1608 0.25 0.0993399
1609 0.25 0.0993399
1610 0.3 0.105131
1611 0.25 0.0993399
1612 0.35 0.131289
1613 0.4 0.133771
1614 0.4 0.133771
1615 0.35 0.131289
1616 0.3 0.127733
1617 0.35 0.15
1618 0.4 0.168585
1619 0.4 0.168585
1620 0.4 0.168585
1621 0.45 0.169752
1622 0.4 0.152177
1623 0.4 0.152177
1624 0.35 0.15
1625 0.4 0.152177
1626 0.4 0.152177
1627 0.4 0.152177
1628 0.4 0.152177
1629 0.4 0.152177
1630 0.35 0.131289
1631 0.35 0.131289
1632 0.35 0.131289
1633 0.35 0.131289
1634 0.3 0.105131
1635 0.3 0.105131
1636 0.3 0.105131
1637 0.2 0.0917663
1638 0.2 0.0917663
1639 0.2 0.0917663
1640 0.2 0.0917663
1641 0.25 0.0993399
1642 0.25 0.0993399
1643 0.2 0.0917663
1644 0.25 0.0993399
1645 0.25 0.0993399
1646 0.25 0.0993399
1647 0.2 0.0917663
1648 0.15 0.0819178
1649 0.15 0.0819178
1650 0.15 0.0819178
1651 0.25 0.0993399
1652 0.2 0.0917663
1653 0.2 0.0917663
1654 0.15 0.0819178
1655 0.15 0.0819178
1656 0.15 0.0819178
1657 0.2 0.0917663
1658 0.2 0.0917663
1659 0.25 0.0993399
1660 0.25 0.0993399
1661 0.25 0.0993399
1662 0.25 0.0993399
1663 0.2 0.0917663
1664 0.2 0.0917663
1665 0.2 0.0917663
1666 0.3 0.105131
1667 0.35 0.131289
1668 0.2 0.0917663
1669 0.25 0.0993399
1670 0.25 0.0993399
1671 0.25 0.0993399
1672 0.3 0.127733
1673 0.35 0.15
1674 0.35 0.15
1675 0.4 0.152177
1676 0.4 0.152177
1677 0.4 0.152177
1678 0.4 0.152177
1679 0.35 0.15
1680 0.3 0.127733
1681 0.25 0.0993399
1682 0.25 0.0993399
1683 0.2 0.0917663
1684 0.2 0.0917663
1685 0.2 0.0917663
1686 0.2 0.0917663
1687 0.2 0.0917663
1688 0.2 0.0917663
1689 0.2 0.0917663
1690 0.15 0.0819178
1691 0.2 0.0917663
1692 0.2 0.0917663
1693 0.25 0.0993399
1694 0.2 0.0917663
1695 0.2 0.0917663
1696 0.25 0.12301
1697 0.25 0.12301
1698 0.25 0.12301
1699 0.2 0.0917663
1700 0.3 0.127733
1701 0.3 0.127733
1702 0.35 0.131289
1703 0.4 0.133771
1704 0.35 0.109424
1705 0.3 0.105131
1706 0.3 0.105131
1707 0.3 0.105131
1708 0.35 0.109424
1709 0.3 0.105131
1710 0.3 0.105131
1711 0.3 0.105131
1712 0.3 0.105131
1713 0.25 0.0993399
1714 0.3 0.105131
1715 0.25 0.0993399
1716 0.35 0.109424
1717 0.35 0.109424
1718 0.35 0.109424
1719 0.35 0.131289
1720 0.35 0.131289
1721 0.35 0.131289
1722 0.35 0.131289
1723 0.35 0.131289
1724 0.35 0.131289
1725 0.4 0.133771
1726 0.35 0.131289
1727 0.35 0.131289
1728 0.35 0.131289
1729 0.4 0.133771
1730 0.4 0.133771
1731 0.4 0.133771
1732 0.4 0.133771
1733 0.4 0.133771
1734 0.3 0.105131
1735 0.35 0.131289
1736 0.3 0.127733
1737 0.3 0.127733
1738 0.3 0.105131
1739 0.3 0.105131
1740 0.2 0.0917663
1741 0.25 0.0993399
1742 0.25 0.0993399
1743 0.25 0.0993399
1744 0.3 0.105131
1745 0.25 0.0993399
1746 0.25 0.0993399
1747 0.25 0.0993399
1748 0.3 0.105131
1749 0.3 0.105131
1750 0.35 0.109424
1751 0.3 0.105131
1752 0.35 0.109424
1753 0.35 0.109424
1754 0.3 0.105131
1755 0.35 0.131289
1756 0.4 0.133771
1757 0.4 0.133771
1758 0.4 0.133771
1759 0.45 0.153469
1760 0.5 0.153897
1761 0.5 0.153897
1762 0.5 0.153897
1763 0.5 0.153897
1764 0.45 0.135239
1765 0.45 0.135239
1766 0.45 0.135239
1767 0.4 0.133771
1768 0.4 0.133771
1769 0.4 0.133771
1770 0.35 0.109424
1771 0.5 0.135724
1772 0.45 0.135239
1773 0.4 0.133771
1774 0.4 0.133771
1775 0.35 0.131289
1776 0.35 0.131289
1777 0.4 0.133771
1778 0.4 0.133771
1779 0.4 0.133771
1780 0.45 0.135239
1781 0.45 0.114133
1782 0.5 0.135724
1783 0.5 0.135724
1784 0.45 0.135239
1785 0.45 0.114133
1786 0.45 0.114133
1787 0.45 0.114133
1788 0.4 0.11239
1789 0.45 0.135239
1790 0.45 0.135239
1791 0.5 0.135724
1792 0.5 0.135724
1793 0.5 0.135724
1794 0.4 0.11239
1795 0.4 0.11239
1796 0.4 0.11239
1797 0.35 0.109424
1798 0.35 0.109424
1799 0.35 0.109424
1800 0.4 0.11239
1801 0.35 0.109424
1802 0.4 0.11239
1803 0.4 0.11239
1804 0.35 0.109424
1805 0.35 0.109424
1806 0.3 0.105131
1807 0.3 0.105131
1808 0.3 0.105131
1809 0.35 0.109424
1810 0.4 0.11239
1811 0.45 0.135239
1812 0.5 0.153897
1813 0.5 0.153897
1814 0.5 0.153897
1815 0.5 0.153897
1816 0.55 0.153469
1817 0.6 0.152177
1818 0.55 0.153469
1819 0.6 0.168585
1820 0.6 0.168585
1821 0.65 0.166623
1822 0.6 0.168585
1823 0.55 0.153469
1824 0.6 0.152177
1825 0.65 0.15
1826 0.6 0.152177
1827 0.55 0.135239
1828 0.5 0.114708
1829 0.5 0.114708
1830 0.5 0.114708
1831 0.5 0.114708
1832 0.5 0.114708
1833 0.45 0.114133
1834 0.4 0.11239
1835 0.4 0.11239
1836 0.35 0.109424
1837 0.45 0.114133
1838 0.45 0.114133
1839 0.45 0.114133
1840 0.5 0.135724
1841 0.5 0.135724
1842 0.5 0.135724
1843 0.5 0.135724
1844 0.45 0.153469
1845 0.45 0.153469
1846 0.45 0.153469
1847 0.45 0.135239
1848 0.55 0.135239
1849 0.6 0.152177
1850 0.55 0.153469
1851 0.55 0.153469
1852 0.65 0.15
1853 0.55 0.153469
1854 0.55 0.153469
1855 0.65 0.166623
1856 0.65 0.166623
1857 0.6 0.152177
1858 0.6 0.152177
1859 0.65 0.181731
1860 0.65 0.181731
1861 0.65 0.181731
1862 0.65 0.181731
1863 0.65 0.181731
1864 0.7 0.179179
1865 0.65 0.166623
1866 0.6 0.133771
1867 0.7 0.163836
1868 0.7 0.163836
1869 0.7 0.179179
1870 0.7 0.179179
1871 0.6 0.183533
1872 0.6 0.168585
1873 0.6 0.168585
1874 0.65 0.181731
1875 0.65 0.181731
1876 0.7 0.179179
1877 0.65 0.181731
1878 0.8 0.171679
1879 0.75 0.160181
1880 0.65 0.166623
1881 0.65 0.166623
1882 0.65 0.166623
1883 0.7 0.179179
1884 0.75 0.175844
1885 0.75 0.175844
1886 0.8 0.186378
1887 0.7 0.179179
1888 0.65 0.181731
1889 0.7 0.179179
1890 0.7 0.179179
1891 0.75 0.175844
1892 0.75 0.175844
1893 0.7 0.179179
1894 0.7 0.179179
1895 0.65 0.166623
1896 0.65 0.166623
1897 0.6 0.133771
1898 0.6 0.133771
1899 0.6 0.133771
1900 0.6 0.133771
1901 0.65 0.131289
1902 0.65 0.131289
1903 0.65 0.131289
1904 0.7 0.146898
1905 0.65 0.15
1906 0.7 0.146898
1907 0.7 0.146898
1908 0.7 0.146898
1909 0.65 0.131289
1910 0.75 0.14281
1911 0.75 0.14281
1912 0.75 0.14281
1913 0.65 0.15
1914 0.55 0.135239
1915 0.5 0.135724
1916 0.5 0.135724
1917 0.55 0.153469
1918 0.5 0.153897
1919 0.55 0.153469
1920 0.45 0.135239
1921 0.45 0.135239
1922 0.4 0.133771
1923 0.4 0.133771
1924 0.35 0.131289
1925 0.35 0.131289
1926 0.45 0.135239
1927 0.55 0.153469
1928 0.45 0.153469
1929 0.4 0.133771
1930 0.4 0.133771
1931 0.45 0.135239
1932 0.45 0.135239
1933 0.4 0.133771
1934 0.35 0.131289
1935 0.35 0.131289
1936 0.35 0.131289
1937 0.35 0.131289
1938 0.35 0.131289
1939 0.4 0.152177
1940 0.4 0.152177
1941 0.4 0.152177
1942 0.45 0.169752
1943 0.45 0.169752
1944 0.4 0.168585
1945 0.45 0.169752
1946 0.5 0.170139
1947 0.5 0.170139
1948 0.45 0.153469
1949 0.35 0.15
1950 0.35 0.15
1951 0.45 0.153469
1952 0.45 0.135239
1953 0.45 0.135239
1954 0.35 0.131289
1955 0.35 0.131289
1956 0.35 0.131289
1957 0.35 0.109424
1958 0.45 0.114133
1959 0.45 0.114133
1960 0.5 0.114708
1961 0.5 0.114708
1962 0.5 0.114708
1963 0.45 0.114133
1964 0.45 0.114133
1965 0.5 0.114708
1966 0.5 0.114708
1967 0.55 0.114133
1968 0.55 0.135239
1969 0.45 0.135239
1970 0.45 0.135239
1971 0.45 0.135239
1972 0.4 0.133771
1973 0.4 0.133771
1974 0.4 0.133771
1975 0.45 0.135239
1976 0.4 0.133771
1977 0.45 0.135239
1978 0.45 0.135239
1979 0.35 0.109424
1980 0.4 0.11239
1981 0.4 0.11239
1982 0.4 0.11239
1983 0.45 0.135239
1984 0.5 0.153897
1985 0.55 0.169752
1986 0.65 0.166623
1987 0.65 0.15
1988 0.65 0.15
1989 0.7 0.179179
1990 0.6 0.168585
1991 0.55 0.169752
1992 0.55 0.169752
1993 0.45 0.153469
1994 0.45 0.153469
1995 0.45 0.153469
1996 0.5 0.170139
1997 0.5 0.170139
1998 0.5 0.170139
1999 0.45 0.153469
2000 0.45 0.153469
2001 0.45 0.153469
2002 0.45 0.153469
2003 0.45 0.153469
2004 0.5 0.153897
2005 0.55 0.153469
2006 0.4 0.133771
2007 0.4 0.11239
2008 0.4 0.11239
2009 0.4 0.11239
2010 0.45 0.114133
2011 0.55 0.114133
2012 0.55 0.114133
2013 0.55 0.135239
2014 0.5 0.114708
2015 0.5 0.114708
2016 0.5 0.114708
2017 0.5 0.114708
2018 0.5 0.114708
2019 0.45 0.114133
2020 0.4 0.11239
2021 0.45 0.114133
2022 0.4 0.11239
2023 0.35 0.109424
2024 0.35 0.109424
2025 0.35 0.109424
2026 0.3 0.105131
2027 0.3 0.105131
2028 0.3 0.105131
2029 0.3 0.105131
2030 0.35 0.109424
2031 0.35 0.109424
2032 0.35 0.109424
2033 0.3 0.105131
2034 0.4 0.11239
2035 0.4 0.11239
2036 0.4 0.11239
2037 0.4 0.11239
2038 0.35 0.109424
2039 0.35 0.109424
2040 0.3 0.105131
2041 0.3 0.105131
2042 0.3 0.105131
2043 0.3 0.105131
2044 0.3 0.105131
2045 0.3 0.105131
2046 0.4 0.133771
2047 0.4 0.133771
2048 0.35 0.131289
2049 0.4 0.133771
2050 0.4 0.133771
2051 0.3 0.105131
2052 0.35 0.109424
2053 0.4 0.133771
2054 0.4 0.133771
2055 0.5 0.135724
2056 0.5 0.135724
2057 0.55 0.135239
2058 0.5 0.135724
2059 0.5 0.135724
2060 0.45 0.135239
2061 0.45 0.135239
2062 0.5 0.135724
2063 0.45 0.153469
2064 0.45 0.153469
2065 0.5 0.153897
2066 0.45 0.153469
2067 0.5 0.153897
2068 0.4 0.133771
2069 0.35 0.109424
2070 0.35 0.109424
2071 0.35 0.109424
2072 0.4 0.11239
2073 0.35 0.109424
2074 0.4 0.11239
2075 0.45 0.135239
2076 0.45 0.135239
2077 0.4 0.11239
2078 0.4 0.11239
2079 0.35 0.109424
2080 0.35 0.109424
2081 0.35 0.109424
2082 0.4 0.11239
2083 0.4 0.11239
2084 0.35 0.109424
2085 0.3 0.105131
2086 0.4 0.11239
2087 0.3 0.105131
2088 0.25 0.0993399
2089 0.15 0.0819178
2090 0.2 0.0917663
2091 0.3 0.105131
2092 0.35 0.109424
2093 0.35 0.109424
2094 0.4 0.11239
2095 0.4 0.11239
2096 0.5 0.114708
2097 0.5 0.114708
2098 0.5 0.135724
2099 0.5 0.135724
2100 0.5 0.153897
2101 0.45 0.153469
2102 0.45 0.153469
2103 0.55 0.153469
2104 0.55 0.153469
2105 0.6 0.152177
2106 0.55 0.153469
2107 0.5 0.135724
2108 0.45 0.135239
2109 0.55 0.153469
2110 0.5 0.153897
2111 0.5 0.153897
2112 0.45 0.153469
2113 0.45 0.153469
2114 0.45 0.153469
2115 0.5 0.153897
2116 0.5 0.153897
2117 0.45 0.153469
2118 0.45 0.153469
2119 0.4 0.152177
2120 0.45 0.153469
2121 0.45 0.153469
2122 0.4 0.133771
2123 0.45 0.153469
2124 0.45 0.153469
2125 0.45 0.153469
2126 0.45 0.135239
2127 0.4 0.133771
2128 0.35 0.131289
2129 0.4 0.133771
2130 0.4 0.133771
2131 0.35 0.131289
2132 0.35 0.131289
2133 0.3 0.105131
2134 0.35 0.109424
2135 0.35 0.109424
2136 0.45 0.114133
2137 0.45 0.114133
2138 0.5 0.114708
2139 0.45 0.114133
2140 0.45 0.114133
2141 0.45 0.114133
2142 0.45 0.114133
2143 0.45 0.114133
2144 0.45 0.114133
2145 0.5 0.114708
2146 0.55 0.135239
2147 0.55 0.135239
2148 0.55 0.135239
2149 0.55 0.135239
2150 0.5 0.114708
2151 0.5 0.114708
2152 0.5 0.114708
2153 0.55 0.114133
2154 0.55 0.114133
2155 0.6 0.11239
2156 0.6 0.11239
2157 0.65 0.109424
2158 0.6 0.133771
2159 0.65 0.131289
2160 0.65 0.131289
2161 0.65 0.131289
2162 0.65 0.131289
2163 0.7 0.146898
2164 0.7 0.146898
2165 0.7 0.146898
2166 0.65 0.15
2167 0.6 0.133771
2168 0.65 0.131289
2169 0.65 0.131289
2170 0.65 0.131289
2171 0.65 0.131289
2172 0.6 0.133771
2173 0.55 0.114133
2174 0.4 0.11239
2175 0.45 0.114133
2176 0.45 0.114133
2177 0.45 0.114133
2178 0.35 0.109424
2179 0.4 0.11239
2180 0.4 0.133771
2181 0.4 0.133771
2182 0.45 0.135239
2183 0.45 0.169752
2184 0.45 0.169752
2185 0.45 0.169752
2186 0.5 0.170139
2187 0.5 0.170139
2188 0.5 0.170139
2189 0.5 0.135724
2190 0.45 0.114133
2191 0.45 0.114133
2192 0.4 0.11239
2193 0.4 0.11239
2194 0.4 0.11239
2195 0.45 0.135239
2196 0.35 0.131289
2197 0.35 0.131289
2198 0.4 0.133771
2199 0.4 0.133771
2200 0.45 0.135239
2201 0.5 0.135724
2202 0.5 0.135724
2203 0.45 0.135239
2204 0.4 0.133771
2205 0.35 0.131289
2206 0.35 0.131289
2207 0.35 0.109424
2208 0.35 0.109424
2209 0.35 0.109424
2210 0.35 0.109424
2211 0.4 0.11239
2212 0.4 0.11239
2213 0.45 0.114133
2214 0.45 0.114133
2215 0.45 0.114133
2216 0.45 0.114133
2217 0.55 0.114133
2218 0.45 0.114133
2219 0.4 0.11239
2220 0.4 0.11239
2221 0.35 0.109424
2222 0.4 0.133771
2223 0.4 0.133771
2224 0.4 0.133771
2225 0.4 0.133771
2226 0.35 0.131289
2227 0.3 0.127733
2228 0.3 0.127733
2229 0.3 0.127733
2230 0.3 0.127733
2231 0.3 0.127733
2232 0.3 0.127733
2233 0.3 0.127733
2234 0.3 0.127733
2235 0.3 0.127733
2236 0.4 0.133771
2237 0.35 0.131289
2238 0.35 0.131289
2239 0.35 0.131289
2240 0.25 0.0993399
2241 0.2 0.0917663
2242 0.2 0.0917663
2243 0.3 0.105131
2244 0.3 0.105131
2245 0.3 0.105131
2246 0.3 0.105131
2247 0.25 0.0993399
2248 0.25 0.0993399
2249 0.2 0.0917663
2250 0.15 0.0819178
2251 0.15 0.0819178
2252 0.15 0.0819178
2253 0.2 0.0917663
2254 0.25 0.0993399
2255 0.15 0.0819178
2256 0.1 0.0688247
2257 0.15 0.0819178
2258 0.2 0.0917663
2259 0.15 0.0819178
2260 0.1 0.0688247
2261 0.05 0.05
2262 0.1 0.0688247
2263 0.15 0.0819178
2264 0.15 0.0819178
2265 0.2 0.0917663
2266 0.2 0.0917663
2267 0.25 0.0993399
2268 0.25 0.0993399
2269 0.15 0.0819178
2270 0.2 0.0917663
2271 0.3 0.105131
2272 0.35 0.109424
2273 0.3 0.105131
2274 0.45 0.135239
2275 0.45 0.135239
2276 0.4 0.133771
2277 0.35 0.131289
2278 0.35 0.131289
2279 0.25 0.0993399
2280 0.25 0.0993399
2281 0.25 0.0993399
2282 0.25 0.0993399
2283 0.25 0.0993399
2284 0.25 0.0993399
2285 0.3 0.105131
2286 0.3 0.105131
2287 0.25 0.0993399
2288 0.25 0.0993399
2289 0.25 0.0993399
2290 0.2 0.0917663
2291 0.25 0.0993399
2292 0.25 0.0993399
2293 0.2 0.0917663
2294 0.15 0.0819178
2295 0.2 0.0917663
2296 0.35 0.131289
2297 0.4 0.133771
2298 0.3 0.105131
2299 0.35 0.109424
2300 0.25 0.0993399
2301 0.25 0.0993399
2302 0.3 0.105131
2303 0.3 0.105131
2304 0.3 0.105131
2305 0.25 0.0993399
2306 0.3 0.127733
2307 0.3 0.127733
2308 0.3 0.146898
2309 0.3 0.146898
2310 0.25 0.14281
2311 0.35 0.15
2312 0.3 0.127733
2313 0.25 0.12301
2314 0.25 0.12301
2315 0.25 0.12301
2316 0.25 0.12301
2317 0.25 0.12301
2318 0.25 0.12301
2319 0.25 0.12301
2320 0.25 0.12301
2321 0.25 0.12301
2322 0.25 0.12301
2323 0.2 0.0917663
2324 0.2 0.0917663
2325 0.2 0.0917663
2326 0.2 0.11698
2327 0.2 0.11698
2328 0.25 0.12301
2329 0.25 0.12301
2330 0.25 0.12301
2331 0.25 0.12301
2332 0.15 0.0819178
2333 0.2 0.0917663
2334 0.2 0.0917663
2335 0.25 0.0993399
2336 0.3 0.105131
2337 0.3 0.105131
2338 0.3 0.105131
2339 0.35 0.131289
2340 0.4 0.152177
2341 0.4 0.152177
2342 0.4 0.152177
2343 0.35 0.15
2344 0.4 0.168585
2345 0.4 0.168585
2346 0.45 0.169752
2347 0.5 0.170139
2348 0.45 0.135239
2349 0.45 0.135239
2350 0.5 0.135724
2351 0.45 0.135239
2352 0.5 0.135724
2353 0.5 0.135724
2354 0.45 0.135239
2355 0.45 0.135239
2356 0.45 0.135239
2357 0.45 0.135239
2358 0.45 0.114133
2359 0.5 0.114708
2360 0.5 0.114708
2361 0.5 0.135724
2362 0.4 0.11239
2363 0.45 0.114133
2364 0.5 0.114708
2365 0.45 0.114133
2366 0.45 0.114133
2367 0.5 0.114708
2368 0.55 0.114133
2369 0.45 0.114133
2370 0.45 0.114133
2371 0.4 0.11239
2372 0.4 0.11239
2373 0.4 0.11239
2374 0.4 0.11239
2375 0.35 0.109424
2376 0.35 0.109424
2377 0.3 0.105131
2378 0.3 0.105131
2379 0.25 0.0993399
2380 0.25 0.0993399
2381 0.25 0.12301
2382 0.2 0.0917663
2383 0.2 0.0917663
2384 0.2 0.0917663
2385 0.15 0.0819178
2386 0.15 0.0819178
2387 0.2 0.0917663
2388 0.1 0.0688247
2389 0.1 0.0688247
2390 0.05 0.05
2391 0.05 0.05
2392 0.05 0.05
2393 0.05 0.05
2394 0.1 0.0688247
2395 0.1 0.0688247
2396 0.1 0.0688247
2397 0.1 0.0688247
2398 0.1 0.0688247
2399 0.1 0.0688247
2400 0.1 0.0688247
2401 0.1 0.0688247
2402 0.05 0.05
2403 0.05 0.05
2404 0.1 0.0688247
2405 0.15 0.0819178
2406 0.15 0.0819178
2407 0.1 0.0688247
2408 0.15 0.0819178
2409 0.15 0.0819178
2410 0.15 0.0819178
2411 0.1 0.0688247
2412 0.15 0.0819178
2413 0.1 0.0688247
2414 0.1 0.0688247
2415 0.15 0.0819178
2416 0.15 0.0819178
2417 0.25 0.0993399
2418 0.25 0.0993399
2419 0.35 0.109424
2420 0.3 0.105131
2421 0.25 0.0993399
2422 0.25 0.0993399
2423 0.3 0.105131
2424 0.3 0.105131
2425 0.3 0.105131
2426 0.3 0.105131
2427 0.3 0.105131
2428 0.35 0.109424
2429 0.3 0.105131
2430 0.25 0.0993399
2431 0.3 0.105131
2432 0.2 0.0917663
2433 0.15 0.0819178
2434 0.15 0.0819178
2435 0.15 0.0819178
2436 0.15 0.0819178
2437 0.15 0.0819178
2438 0.1 0.0688247
2439 0.1 0.0688247
2440 0.1 0.0688247
2441 0.1 0.0688247
2442 0.1 0.0688247
2443 0.1 0.0688247
2444 0.05 0.05
2445 0.05 0.05
2446 0.1 0.1
2447 0.1 0.1
2448 0.1 0.1
2449 0.15 0.109424
2450 0.15 0.109424
2451 0.15 0.109424
2452 0.15 0.109424
2453 0.15 0.109424
2454 0.2 0.11698
2455 0.2 0.11698
2456 0.2 0.11698
2457 0.25 0.12301
2458 0.2 0.11698
2459 0.2 0.11698
2460 0.25 0.12301
2461 0.3 0.127733
2462 0.35 0.131289
2463 0.4 0.133771
2464 0.45 0.153469
2465 0.45 0.169752
2466 0.4 0.152177
2467 0.4 0.152177
2468 0.4 0.152177
2469 0.35 0.131289
2470 0.35 0.131289
2471 0.35 0.131289
2472 0.4 0.133771
2473 0.35 0.109424
2474 0.3 0.105131
2475 0.25 0.0993399
2476 0.25 0.0993399
2477 0.35 0.109424
2478 0.4 0.133771
2479 0.3 0.105131
2480 0.3 0.105131
2481 0.3 0.105131
2482 0.25 0.0993399
2483 0.25 0.0993399
2484 0.3 0.127733
2485 0.35 0.15
2486 0.35 0.15
2487 0.35 0.15
2488 0.35 0.15
2489 0.4 0.152177
2490 0.4 0.133771
2491 0.4 0.133771
2492 0.45 0.135239
2493 0.45 0.135239
2494 0.4 0.133771
2495 0.4 0.133771
2496 0.45 0.153469
2497 0.45 0.153469
2498 0.45 0.153469
2499 0.45 0.153469
2500 0.5 0.170139
2501 0.5 0.170139
2502 0.5 0.170139
2503 0.45 0.169752
2504 0.3 0.127733
2505 0.3 0.127733
2506 0.25 0.0993399
2507 0.25 0.0993399
2508 0.25 0.0993399
2509 0.25 0.0993399
2510 0.25 0.0993399
2511 0.25 0.0993399
2512 0.25 0.0993399
2513 0.25 0.0993399
2514 0.2 0.0917663
2515 0.25 0.0993399
2516 0.25 0.0993399
2517 0.25 0.0993399
2518 0.25 0.0993399
2519 0.3 0.105131
2520 0.3 0.105131
2521 0.25 0.0993399
2522 0.2 0.0917663
2523 0.2 0.0917663
2524 0.2 0.0917663
2525 0.1 0.0688247
2526 0.15 0.0819178
2527 0.15 0.0819178
2528 0.15 0.0819178
2529 0.15 0.0819178
2530 0.1 0.0688247
2531 0.15 0.0819178
2532 0.2 0.0917663
2533 0.2 0.0917663
2534 0.2 0.0917663
2535 0.15 0.0819178
2536 0.15 0.0819178
2537 0.15 0.0819178
2538 0.1 0.0688247
2539 0.1 0.0688247
2540 0.1 0.0688247
2541 0.1 0.0688247
2542 0.15 0.0819178
2543 0.15 0.0819178
2544 0.15 0.0819178
2545 0.2 0.0917663
2546 0.15 0.0819178
2547 0.15 0.0819178
2548 0.2 0.0917663
2549 0.25 0.0993399
2550 0.2 0.0917663
2551 0.2 0.0917663
2552 0.2 0.0917663
2553 0.15 0.0819178
2554 0.2 0.0917663
2555 0.15 0.0819178
2556 0.15 0.0819178
2557 0.1 0.0688247
2558 0.15 0.0819178
2559 0.25 0.0993399
2560 0.25 0.0993399
2561 0.2 0.0917663
2562 0.2 0.0917663
2563 0.2 0.0917663
2564 0.2 0.0917663
2565 0.25 0.0993399
2566 0.25 0.0993399
2567 0.2 0.0917663
2568 0.25 0.12301
2569 0.25 0.12301
2570 0.25 0.12301
2571 0.3 0.127733
2572 0.25 0.12301
2573 0.25 0.12301
2574 0.25 0.0993399
2575 0.3 0.105131
2576 0.3 0.105131
2577 0.3 0.105131
2578 0.25 0.0993399
2579 0.3 0.105131
2580 0.3 0.105131
2581 0.3 0.105131
2582 0.3 0.105131
2583 0.35 0.109424
2584 0.35 0.109424
2585 0.3 0.105131
2586 0.3 0.105131
2587 0.35 0.109424
2588 0.35 0.109424
2589 0.4 0.11239
2590 0.4 0.11239
2591 0.4 0.11239
2592 0.45 0.135239
2593 0.45 0.135239
2594 0.4 0.133771
2595 0.4 0.133771
2596 0.4 0.133771
2597 0.35 0.131289
2598 0.35 0.131289
2599 0.3 0.127733
2600 0.3 0.127733
2601 0.3 0.127733
2602 0.3 0.127733
2603 0.25 0.12301
2604 0.35 0.131289
2605 0.3 0.127733
2606 0.35 0.131289
2607 0.3 0.127733
2608 0.3 0.127733
2609 0.3 0.127733
2610 0.3 0.127733
2611 0.25 0.0993399
2612 0.3 0.105131
2613 0.3 0.105131
2614 0.3 0.105131
2615 0.3 0.105131
2616 0.3 0.105131
2617 0.3 0.105131
2618 0.3 0.105131
2619 0.3 0.105131
2620 0.25 0.0993399
2621 0.25 0.0993399
2622 0.25 0.0993399
2623 0.25 0.0993399
2624 0.25 0.0993399
2625 0.2 0.0917663
2626 0.2 0.0917663
2627 0.2 0.0917663
2628 0.2 0.0917663
2629 0.2 0.0917663
2630 0.2 0.0917663
2631 0.15 0.0819178
2632 0.15 0.0819178
2633 0.2 0.0917663
2634 0.25 0.0993399
2635 0.25 0.0993399
2636 0.3 0.105131
2637 0.35 0.109424
2638 0.35 0.109424
2639 0.35 0.109424
2640 0.35 0.109424
2641 0.35 0.109424
2642 0.35 0.109424
2643 0.3 0.105131
2644 0.3 0.105131
2645 0.35 0.109424
2646 0.3 0.105131
2647 0.3 0.105131
2648 0.3 0.105131
2649 0.3 0.105131
2650 0.3 0.105131
2651 0.3 0.105131
2652 0.3 0.105131
2653 0.3 0.105131
2654 0.25 0.0993399
2655 0.35 0.131289
2656 0.35 0.131289
2657 0.4 0.133771
2658 0.4 0.133771
2659 0.4 0.133771
2660 0.4 0.133771
2661 0.4 0.11239
2662 0.4 0.11239
2663 0.45 0.114133
2664 0.45 0.114133
2665 0.45 0.114133
2666 0.45 0.114133
2667 0.5 0.135724
