0 36 0
1 4.65 0.482728
2 1.35 0.264326
3 0.6 0.168585
4 0.65 0.15
5 0.3 0.105131
6 0.2 0.0917663
7 0.35 0.166623
8 0.45 0.184605
9 0.3 0.146898
10 0.2 0.0917663
11 0.15 0.0819178
12 0.1 0.0688247
13 0.1 0.0688247
14 0.1 0.0688247
15 0.1 0.0688247
16 0.1 0.0688247
17 0.1 0.0688247
18 0.05 0.05
19 0.1 0.0688247
20 0.05 0.05
21 0.05 0.05
22 0.1 0.0688247
23 0.1 0.0688247
24 0.1 0.0688247
25 0.1 0.1
26 0.1 0.1
27 0.1 0.1
28 0.1 0.0688247
29 0.1 0.0688247
30 0.05 0.05
31 0.15 0.0819178
32 0.1 0.0688247
33 0.1 0.0688247
34 0.05 0.05
35 0.1 0.0688247
36 0.1 0.0688247
37 0.1 0.0688247
38 0.05 0.05
39 0.15 0.109424
40 0.15 0.109424
41 0.35 0.131289
42 0.35 0.131289
43 0.35 0.131289
44 0.25 0.0993399
45 0.2 0.0917663
46 0.4 0.133771
47 0.4 0.133771
48 0.5 0.153897
49 0.6 0.168585
50 0.3 0.105131
51 0.3 0.105131
52 0.25 0.0993399
53 0.2 0.0917663
54 0.3 0.127733
55 0.25 0.0993399
56 0.2 0.0917663
57 0.15 0.0819178
58 0.2 0.0917663
59 0.25 0.12301
60 0.15 0.0819178
61 0.15 0.0819178
62 0.15 0.0819178
63 0.15 0.0819178
64 0.25 0.14281
65 0.2 0.11698
66 0.3 0.127733
67 0.35 0.15
68 0.25 0.0993399
69 0.2 0.0917663
70 0.3 0.105131
71 0.25 0.0993399
72 0.25 0.0993399
73 0.1 0.0688247
74 0.1 0.0688247
75 0.05 0.05
76 0.05 0.05
77 0.05 0.05
78 0.05 0.05
79 0.05 0.05
80 0.15 0.0819178
81 0.3 0.105131
82 0.3 0.105131
83 0.25 0.0993399
84 0.15 0.0819178
85 0.3 0.105131
86 0.25 0.0993399
87 0.2 0.0917663
88 0.2 0.11698
89 0.25 0.12301
90 0.35 0.166623
91 0.3 0.127733
92 0.3 0.127733
93 0.2 0.0917663
94 0.2 0.0917663
95 0.25 0.0993399
96 0.2 0.0917663
97 0.15 0.0819178
98 0.2 0.0917663
99 0.2 0.0917663
100 0.2 0.0917663
101 0.25 0.12301
102 0.4 0.168585
103 0.4 0.152177
104 0.4 0.152177
105 0.3 0.127733
106 0.3 0.127733
107 0.3 0.146898
108 0.3 0.127733
109 0.4 0.133771
110 0.35 0.131289
111 0.35 0.131289
112 0.35 0.131289
113 0.3 0.105131
114 0.25 0.0993399
115 0.3 0.127733
116 0.25 0.0993399
117 0.25 0.0993399
118 0.3 0.127733
119 0.35 0.131289
120 0.4 0.133771
121 0.4 0.152177
122 0.4 0.152177
123 0.3 0.127733
124 0.25 0.12301
125 0.3 0.127733
126 0.35 0.15
127 0.35 0.15
128 0.3 0.146898
129 0.4 0.197351
130 0.35 0.131289
131 0.2 0.0917663
132 0.15 0.0819178
133 0.25 0.12301
134 0.3 0.127733
135 0.2 0.11698
136 0.2 0.11698
137 0.1 0.0688247
138 0.1 0.0688247
139 0.05 0.05
140 0.15 0.109424
141 0.1 0.0688247
142 0.25 0.12301
143 0.2 0.0917663
144 0.15 0.0819178
145 0.15 0.0819178
146 0.15 0.109424
147 0.2 0.11698
148 0.2 0.11698
149 0.2 0.11698
150 0.1 0.0688247
151 0.15 0.0819178
152 0.1 0.0688247
153 0.15 0.109424
154 0.1 0.0688247
155 0.15 0.109424
156 0.15 0.0819178
157 0.2 0.0917663
158 0.25 0.12301
159 0.25 0.12301
160 0.3 0.163836
161 0.3 0.163836
162 0.3 0.179179
163 0.3 0.179179
164 0.3 0.146898
165 0.2 0.0917663
166 0.2 0.0917663
167 0.2 0.11698
168 0.25 0.12301
169 0.25 0.12301
170 0.25 0.12301
171 0.25 0.0993399
172 0.25 0.12301
173 0.15 0.0819178
174 0.15 0.0819178
175 0.2 0.11698
176 0.25 0.12301
177 0.3 0.163836
178 0.35 0.131289
179 0.5 0.153897
180 0.55 0.153469
181 0.75 0.175844
182 0.55 0.153469
183 0.5 0.170139
184 0.4 0.152177
185 0.35 0.131289
186 0.3 0.127733
187 0.35 0.131289
188 0.4 0.152177
189 0.4 0.152177
190 0.45 0.153469
191 0.55 0.169752
192 0.5 0.153897
193 0.5 0.135724
194 0.4 0.133771
195 0.35 0.131289
196 0.4 0.133771
197 0.25 0.0993399
198 0.3 0.105131
199 0.3 0.105131
200 0.3 0.105131
201 0.3 0.127733
202 0.4 0.133771
203 0.3 0.127733
204 0.3 0.127733
205 0.2 0.0917663
206 0.15 0.0819178
207 0.15 0.0819178
208 0.2 0.0917663
209 0.15 0.0819178
210 0.2 0.0917663
211 0.2 0.11698
212 0.2 0.11698
213 0.3 0.127733
214 0.4 0.152177
215 0.35 0.131289
216 0.45 0.184605
217 0.55 0.223312
218 0.45 0.169752
219 0.45 0.169752
220 0.3 0.105131
221 0.2 0.0917663
222 0.2 0.0917663
223 0.25 0.0993399
224 0.2 0.0917663
225 0.25 0.0993399
226 0.25 0.0993399
227 0.25 0.0993399
228 0.25 0.0993399
229 0.3 0.127733
230 0.35 0.15
231 0.4 0.133771
232 0.55 0.169752
233 0.4 0.133771
234 0.5 0.153897
235 0.35 0.131289
236 0.25 0.0993399
237 0.35 0.109424
238 0.4 0.11239
239 0.3 0.105131
240 0.25 0.0993399
241 0.25 0.0993399
242 0.25 0.0993399
243 0.25 0.0993399
244 0.25 0.0993399
245 0.25 0.0993399
246 0.35 0.131289
247 0.45 0.153469
248 0.35 0.131289
249 0.25 0.0993399
250 0.2 0.0917663
251 0.15 0.0819178
252 0.15 0.0819178
253 0.1 0.0688247
254 0.15 0.0819178
255 0.1 0.0688247
256 0.1 0.0688247
257 0.15 0.0819178
258 0.05 0.05
259 0.2 0.11698
260 0.2 0.11698
261 0.15 0.0819178
262 0.15 0.0819178
263 0.15 0.0819178
264 0.2 0.11698
265 0.25 0.12301
266 0.15 0.0819178
267 0.25 0.12301
268 0.3 0.127733
269 0.25 0.12301
270 0.2 0.0917663
271 0.2 0.0917663
272 0.15 0.0819178
273 0.15 0.0819178
274 0.15 0.0819178
275 0.1 0.0688247
276 0.15 0.109424
277 0.2 0.11698
278 0.2 0.11698
279 0.35 0.15
280 0.25 0.12301
281 0.25 0.12301
282 0.3 0.146898
283 0.2 0.0917663
284 0.25 0.0993399
285 0.25 0.0993399
286 0.25 0.0993399
287 0.15 0.0819178
288 0.2 0.11698
289 0.15 0.0819178
290 0.2 0.0917663
291 0.15 0.0819178
292 0.2 0.0917663
293 0.25 0.0993399
294 0.25 0.0993399
295 0.25 0.12301
296 0.3 0.127733
297 0.4 0.133771
298 0.4 0.133771
299 0.35 0.131289
300 0.35 0.109424
301 0.3 0.105131
302 0.3 0.105131
303 0.3 0.105131
304 0.3 0.105131
305 0.3 0.105131
306 0.35 0.109424
307 0.25 0.0993399
308 0.25 0.0993399
309 0.2 0.0917663
310 0.2 0.0917663
311 0.15 0.0819178
312 0.15 0.0819178
313 0.1 0.0688247
314 0.1 0.1
315 0.2 0.11698
316 0.1 0.0688247
317 0.1 0.0688247
318 0.1 0.0688247
319 0.15 0.0819178
320 0.25 0.160181
321 0.3 0.163836
322 0.35 0.166623
323 0.35 0.166623
324 0.4 0.168585
325 0.45 0.169752
326 0.25 0.0993399
327 0.45 0.135239
328 0.3 0.127733
329 0.4 0.183533
330 0.35 0.181731
331 0.3 0.146898
332 0.35 0.15
333 0.25 0.14281
334 0.25 0.14281
335 0.15 0.109424
336 0.2 0.11698
337 0.2 0.11698
338 0.2 0.11698
339 0.2 0.11698
340 0.15 0.0819178
341 0.15 0.0819178
342 0.1 0.0688247
343 0.15 0.0819178
344 0.15 0.0819178
345 0.15 0.0819178
346 0.15 0.0819178
347 0.15 0.0819178
348 0.15 0.0819178
349 0.3 0.127733
350 0.3 0.127733
351 0.45 0.114133
352 0.4 0.133771
353 0.4 0.133771
354 0.3 0.127733
355 0.3 0.127733
356 0.15 0.0819178
357 0.15 0.0819178
358 0.2 0.0917663
359 0.2 0.0917663
360 0.1 0.0688247
361 0.15 0.0819178
362 0.15 0.0819178
363 0.15 0.0819178
364 0.1 0.0688247
365 0.15 0.0819178
366 0.15 0.0819178
367 0.15 0.0819178
368 0.15 0.0819178
369 0.2 0.0917663
370 0.2 0.0917663
371 0.3 0.105131
372 0.35 0.131289
373 0.35 0.131289
374 0.35 0.131289
375 0.3 0.127733
376 0.3 0.127733
377 0.25 0.12301
378 0.25 0.12301
379 0.25 0.12301
380 0.3 0.127733
381 0.3 0.127733
382 0.3 0.127733
383 0.25 0.0993399
384 0.2 0.0917663
385 0.15 0.0819178
386 0.2 0.0917663
387 0.2 0.0917663
388 0.1 0.0688247
389 0.1 0.0688247
390 0.05 0.05
391 0.1 0.0688247
392 0.2 0.11698
393 0.2 0.11698
394 0.2 0.0917663
395 0.15 0.0819178
396 0.15 0.0819178
397 0.2 0.0917663
398 0.25 0.0993399
399 0.25 0.0993399
400 0.25 0.0993399
401 0.25 0.0993399
402 0.25 0.0993399
403 0.25 0.0993399
404 0.15 0.0819178
405 0.1 0.0688247
406 0.15 0.0819178
407 0.1 0.0688247
408 0.15 0.0819178
409 0.15 0.0819178
410 0.15 0.0819178
411 0.15 0.0819178
412 0.15 0.0819178
413 0.15 0.0819178
414 0.15 0.0819178
415 0.05 0.05
416 0.1 0.0688247
417 0.15 0.0819178
418 0.15 0.0819178
419 0.15 0.0819178
420 0.15 0.0819178
421 0.25 0.12301
422 0.2 0.0917663
423 0.2 0.0917663
424 0.2 0.0917663
425 0.15 0.0819178
426 0.2 0.11698
427 0.2 0.11698
428 0.15 0.0819178
429 0.15 0.0819178
430 0.2 0.0917663
431 0.25 0.0993399
432 0.25 0.0993399
433 0.25 0.0993399
434 0.25 0.0993399
435 0.2 0.0917663
436 0.15 0.0819178
437 0.2 0.11698
438 0.2 0.0917663
439 0.2 0.0917663
440 0.15 0.0819178
441 0.15 0.0819178
442 0.1 0.0688247
443 0.1 0.0688247
444 0.1 0.0688247
445 0.1 0.0688247
446 0.05 0.05
447 0.15 0.109424
448 0.15 0.109424
449 0.15 0.109424
450 0.1 0.0688247
451 0.15 0.0819178
452 0.15 0.0819178
453 0.1 0.0688247
454 0.05 0.05
455 0.05 0.05
456 0.05 0.05
457 0.1 0.0688247
458 0.15 0.0819178
459 0.2 0.0917663
460 0.2 0.0917663
461 0.1 0.0688247
462 0.1 0.0688247
463 0.15 0.109424
464 0.15 0.109424
465 0.15 0.109424
466 0.15 0.109424
467 0.15 0.109424
468 0.2 0.11698
469 0.25 0.12301
470 0.3 0.127733
471 0.25 0.0993399
472 0.15 0.0819178
473 0.15 0.0819178
474 0.15 0.0819178
475 0.2 0.0917663
476 0.1 0.0688247
477 0.05 0.05
478 0.05 0.05
479 0.05 0.05
480 0.05 0.05
481 0.15 0.0819178
482 0.25 0.0993399
483 0.25 0.0993399
484 0.35 0.131289
485 0.3 0.127733
486 0.25 0.0993399
487 0.25 0.0993399
488 0.25 0.0993399
489 0.2 0.0917663
490 0.3 0.127733
491 0.3 0.127733
492 0.25 0.0993399
493 0.15 0.0819178
494 0.2 0.0917663
495 0.15 0.0819178
496 0.15 0.0819178
497 0.1 0.0688247
498 0.1 0.0688247
499 0.1 0.0688247
500 0.1 0.0688247
501 0.05 0.05
502 0.1 0.0688247
503 0.1 0.0688247
504 0.1 0.0688247
505 0.15 0.0819178
506 0.1 0.0688247
507 0.15 0.0819178
508 0.15 0.0819178
509 0.15 0.0819178
510 0.1 0.0688247
511 0.1 0.0688247
512 0.1 0.0688247
513 0.05 0.05
514 0.05 0.05
515 0.05 0.05
516 0.15 0.0819178
517 0.2 0.11698
518 0.2 0.11698
519 0.15 0.0819178
520 0.2 0.11698
521 0.2 0.11698
522 0.1 0.0688247
523 0.1 0.0688247
524 0.15 0.0819178
525 0.1 0.0688247
526 0.05 0.05
527 0.15 0.0819178
528 0.15 0.0819178
529 0.15 0.0819178
530 0.2 0.0917663
531 0.25 0.0993399
532 0.25 0.0993399
533 0.3 0.127733
534 0.3 0.127733
535 0.4 0.133771
536 0.3 0.105131
537 0.35 0.109424
538 0.4 0.11239
539 0.3 0.105131
540 0.1 0.0688247
541 0.1 0.0688247
542 0.1 0.0688247
543 0.2 0.11698
544 0.2 0.11698
545 0.15 0.109424
546 0.15 0.109424
547 0.15 0.109424
548 0.2 0.11698
549 0.3 0.146898
550 0.25 0.12301
551 0.25 0.12301
552 0.25 0.12301
553 0.25 0.12301
554 0.2 0.0917663
555 0.15 0.0819178
556 0.2 0.0917663
557 0.2 0.0917663
558 0.15 0.0819178
559 0.1 0.0688247
560 0.1 0.0688247
561 0.1 0.0688247
562 0.1 0.0688247
563 0.1 0.0688247
564 0.1 0.0688247
565 0.15 0.0819178
566 0.25 0.12301
567 0.2 0.11698
568 0.1 0.0688247
569 0.1 0.0688247
570 0.1 0.0688247
571 0.1 0.0688247
572 0.1 0.0688247
573 0.05 0.05
574 0.05 0.05
575 0.1 0.0688247
576 0.1 0.0688247
577 0.1 0.0688247
578 0.1 0.0688247
579 0.1 0.0688247
580 0.15 0.0819178
581 0.1 0.0688247
582 0.15 0.109424
583 0.15 0.109424
584 0.1 0.0688247
585 0.15 0.109424
586 0.1 0.1
587 0 0
588 0.05 0.05
589 0.05 0.05
590 0.05 0.05
591 0.1 0.0688247
592 0.15 0.0819178
593 0.2 0.0917663
594 0.25 0.0993399
595 0.25 0.0993399
596 0.25 0.0993399
597 0.2 0.0917663
598 0.25 0.12301
599 0.25 0.12301
600 0.25 0.12301
601 0.35 0.131289
602 0.4 0.133771
603 0.35 0.131289
604 0.3 0.105131
605 0.3 0.105131
606 0.3 0.105131
607 0.2 0.0917663
608 0.2 0.0917663
609 0.15 0.0819178
610 0.25 0.0993399
611 0.3 0.127733
612 0.3 0.127733
613 0.3 0.127733
614 0.35 0.131289
615 0.3 0.127733
616 0.3 0.127733
617 0.2 0.0917663
618 0.15 0.0819178
619 0.15 0.0819178
620 0.15 0.0819178
621 0.15 0.0819178
622 0.2 0.0917663
623 0.15 0.0819178
624 0.2 0.0917663
625 0.25 0.0993399
626 0.2 0.0917663
627 0.2 0.0917663
628 0.2 0.0917663
629 0.25 0.12301
630 0.35 0.131289
631 0.35 0.109424
632 0.3 0.105131
633 0.35 0.109424
634 0.35 0.131289
635 0.5 0.170139
636 0.45 0.169752
637 0.4 0.168585
638 0.35 0.166623
639 0.25 0.0993399
640 0.3 0.127733
641 0.3 0.127733
642 0.25 0.0993399
643 0.25 0.0993399
644 0.3 0.105131
645 0.2 0.0917663
646 0.2 0.0917663
647 0.15 0.0819178
648 0.05 0.05
649 0.05 0.05
650 0.1 0.0688247
651 0.2 0.0917663
652 0.15 0.0819178
653 0.1 0.0688247
654 0.1 0.0688247
655 0.15 0.0819178
656 0.15 0.0819178
657 0.15 0.0819178
658 0.1 0.0688247
659 0.1 0.0688247
660 0.1 0.0688247
661 0 0
662 0.05 0.05
663 0.05 0.05
664 0.15 0.0819178
665 0.2 0.11698
666 0.1 0.0688247
667 0.05 0.05
668 0.05 0.05
669 0.15 0.109424
670 0.15 0.109424
671 0.2 0.11698
672 0.2 0.0917663
673 0.15 0.0819178
674 0.05 0.05
675 0.1 0.0688247
676 0.15 0.0819178
677 0.15 0.0819178
678 0.15 0.0819178
679 0.1 0.0688247
680 0.3 0.146898
681 0.2 0.11698
682 0.1 0.0688247
683 0.15 0.0819178
684 0.15 0.0819178
685 0.15 0.0819178
686 0.15 0.0819178
687 0.15 0.0819178
688 0.3 0.127733
689 0.35 0.131289
690 0.25 0.12301
691 0.3 0.146898
692 0.25 0.14281
693 0.1 0.1
694 0.15 0.109424
695 0.1 0.1
696 0 0
697 0 0
698 0.05 0.05
699 0.05 0.05
700 0.05 0.05
701 0.1 0.0688247
702 0.15 0.0819178
703 0.15 0.0819178
704 0.15 0.0819178
705 0.25 0.12301
706 0.3 0.127733
707 0.3 0.127733
708 0.3 0.127733
709 0.25 0.0993399
710 0.2 0.0917663
711 0.2 0.0917663
712 0.25 0.0993399
713 0.2 0.0917663
714 0.25 0.0993399
715 0.2 0.11698
716 0.15 0.0819178
717 0.1 0.0688247
718 0.05 0.05
719 0.1 0.0688247
720 0.15 0.0819178
721 0.2 0.0917663
722 0.2 0.0917663
723 0.2 0.0917663
724 0.2 0.0917663
725 0.3 0.163836
726 0.35 0.166623
727 0.35 0.166623
728 0.35 0.166623
729 0.2 0.0917663
730 0.2 0.0917663
731 0.1 0.0688247
732 0.1 0.0688247
733 0.05 0.05
734 0.05 0.05
735 0.05 0.05
736 0.1 0.0688247
737 0.1 0.0688247
738 0.05 0.05
739 0.05 0.05
740 0.05 0.05
741 0.1 0.0688247
742 0.1 0.0688247
743 0.05 0.05
744 0.15 0.0819178
745 0.2 0.0917663
746 0.2 0.0917663
747 0.15 0.0819178
748 0.1 0.0688247
749 0.1 0.0688247
750 0.1 0.0688247
751 0.1 0.0688247
752 0.05 0.05
753 0.05 0.05
754 0.05 0.05
755 0.05 0.05
756 0.1 0.0688247
757 0.1 0.0688247
758 0.1 0.0688247
759 0.1 0.0688247
760 0.1 0.0688247
761 0.2 0.11698
762 0.25 0.12301
763 0.2 0.11698
764 0.1 0.0688247
765 0.1 0.0688247
766 0.1 0.0688247
767 0.1 0.0688247
768 0.15 0.0819178
769 0.15 0.0819178
770 0.25 0.0993399
771 0.25 0.0993399
772 0.25 0.0993399
773 0.3 0.127733
774 0.35 0.131289
775 0.35 0.131289
776 0.3 0.127733
777 0.35 0.131289
778 0.35 0.131289
779 0.4 0.152177
780 0.35 0.131289
781 0.35 0.131289
782 0.3 0.127733
783 0.3 0.127733
784 0.3 0.127733
785 0.3 0.146898
786 0.25 0.12301
787 0.25 0.12301
788 0.25 0.14281
789 0.25 0.14281
790 0.35 0.131289
791 0.25 0.12301
792 0.25 0.160181
793 0.2 0.11698
794 0.3 0.127733
795 0.25 0.12301
796 0.3 0.163836
797 0.2 0.0917663
798 0.15 0.0819178
799 0.15 0.0819178
800 0.2 0.11698
801 0.1 0.0688247
802 0.1 0.0688247
803 0.15 0.0819178
804 0.15 0.0819178
805 0.2 0.0917663
806 0.2 0.0917663
807 0.2 0.0917663
808 0.25 0.0993399
809 0.25 0.0993399
810 0.35 0.131289
811 0.25 0.0993399
812 0.2 0.0917663
813 0.25 0.0993399
814 0.25 0.0993399
815 0.2 0.0917663
816 0.25 0.0993399
817 0.15 0.0819178
818 0.15 0.0819178
819 0.15 0.0819178
820 0.15 0.0819178
821 0.15 0.0819178
822 0.15 0.0819178
823 0.15 0.0819178
824 0.15 0.0819178
825 0.15 0.0819178
826 0.15 0.0819178
827 0.2 0.0917663
828 0.25 0.0993399
829 0.3 0.127733
830 0.4 0.152177
831 0.45 0.153469
832 0.3 0.127733
833 0.3 0.127733
834 0.3 0.127733
835 0.25 0.12301
836 0.25 0.12301
837 0.3 0.127733
838 0.4 0.152177
839 0.35 0.15
840 0.25 0.12301
841 0.25 0.12301
842 0.25 0.12301
843 0.3 0.127733
844 0.3 0.127733
845 0.3 0.127733
846 0.3 0.127733
847 0.3 0.127733
848 0.3 0.127733
849 0.2 0.11698
850 0.15 0.109424
851 0.2 0.11698
852 0.15 0.109424
853 0.2 0.11698
854 0.25 0.14281
855 0.25 0.14281
856 0.25 0.14281
857 0.3 0.146898
858 0.35 0.15
859 0.3 0.127733
860 0.3 0.127733
861 0.25 0.12301
862 0.3 0.127733
863 0.3 0.127733
864 0.3 0.127733
865 0.25 0.0993399
866 0.3 0.127733
867 0.3 0.127733
868 0.3 0.127733
869 0.3 0.127733
870 0.25 0.12301
871 0.25 0.12301
872 0.25 0.12301
873 0.3 0.146898
874 0.25 0.14281
875 0.25 0.12301
876 0.25 0.12301
877 0.25 0.12301
878 0.2 0.11698
879 0.05 0.05
880 0.1 0.0688247
881 0.1 0.0688247
882 0.25 0.0993399
883 0.3 0.146898
884 0.3 0.146898
885 0.4 0.255467
886 0.2 0.11698
887 0.3 0.146898
888 0.35 0.15
889 0.35 0.131289
890 0.4 0.133771
891 0.3 0.105131
892 0.3 0.105131
893 0.4 0.133771
894 0.4 0.133771
895 0.4 0.133771
896 0.35 0.131289
897 0.3 0.127733
898 0.2 0.0917663
899 0.15 0.0819178
900 0.2 0.0917663
901 0.35 0.109424
902 0.35 0.109424
903 0.3 0.127733
904 0.3 0.127733
905 0.3 0.127733
906 0.3 0.127733
907 0.25 0.12301
908 0.25 0.12301
909 0.25 0.12301
910 0.15 0.0819178
911 0.2 0.0917663
912 0.2 0.0917663
913 0.25 0.0993399
914 0.25 0.0993399
915 0.25 0.0993399
916 0.25 0.0993399
917 0.3 0.127733
918 0.35 0.131289
919 0.35 0.131289
920 0.25 0.12301
921 0.3 0.127733
922 0.3 0.127733
923 0.4 0.133771
924 0.35 0.131289
925 0.3 0.127733
926 0.25 0.12301
927 0.15 0.0819178
928 0.2 0.0917663
929 0.2 0.0917663
930 0.25 0.0993399
931 0.25 0.0993399
932 0.35 0.109424
933 0.35 0.109424
934 0.3 0.105131
935 0.3 0.105131
936 0.35 0.109424
937 0.3 0.105131
938 0.25 0.0993399
939 0.25 0.0993399
940 0.3 0.105131
941 0.25 0.0993399
942 0.25 0.0993399
943 0.25 0.0993399
944 0.15 0.0819178
945 0.2 0.0917663
946 0.15 0.0819178
947 0.2 0.0917663
948 0.2 0.0917663
949 0.2 0.0917663
950 0.3 0.105131
951 0.25 0.0993399
952 0.2 0.0917663
953 0.25 0.0993399
954 0.25 0.0993399
955 0.3 0.127733
956 0.2 0.0917663
957 0.15 0.0819178
958 0.15 0.0819178
959 0.2 0.0917663
960 0.2 0.0917663
961 0.2 0.0917663
962 0.2 0.0917663
963 0.2 0.0917663
964 0.25 0.0993399
965 0.25 0.0993399
966 0.35 0.131289
967 0.3 0.105131
968 0.3 0.105131
969 0.25 0.0993399
970 0.2 0.0917663
971 0.2 0.0917663
972 0.2 0.0917663
973 0.15 0.0819178
974 0.15 0.0819178
975 0.3 0.127733
976 0.3 0.127733
977 0.3 0.127733
978 0.25 0.0993399
979 0.2 0.0917663
980 0.2 0.0917663
981 0.15 0.0819178
982 0.1 0.0688247
983 0.1 0.0688247
984 0.1 0.0688247
985 0.1 0.0688247
986 0.1 0.0688247
987 0.15 0.0819178
988 0.15 0.0819178
989 0.2 0.0917663
990 0.15 0.0819178
991 0.15 0.0819178
992 0.15 0.0819178
993 0.15 0.0819178
994 0.15 0.0819178
995 0.15 0.0819178
996 0.2 0.0917663
997 0.15 0.0819178
998 0.15 0.0819178
999 0.15 0.0819178
1000 0.15 0.0819178
1001 0.2 0.0917663
1002 0.2 0.0917663
1003 0.2 0.0917663
1004 0.25 0.12301
1005 0.25 0.12301
1006 0.25 0.12301
1007 0.15 0.0819178
1008 0.15 0.0819178
1009 0.2 0.0917663
1010 0.15 0.0819178
1011 0.25 0.0993399
1012 0.2 0.0917663
1013 0.2 0.0917663
1014 0.15 0.0819178
1015 0.15 0.0819178
1016 0.15 0.0819178
1017 0.15 0.0819178
1018 0.15 0.0819178
1019 0.1 0.0688247
1020 0.1 0.0688247
1021 0.15 0.0819178
1022 0.1 0.0688247
1023 0.1 0.0688247
1024 0.1 0.0688247
1025 0.15 0.0819178
1026 0.2 0.0917663
1027 0.15 0.0819178
1028 0.15 0.0819178
1029 0.15 0.0819178
1030 0.15 0.0819178
1031 0.15 0.0819178
1032 0.15 0.0819178
1033 0.15 0.0819178
1034 0.15 0.0819178
1035 0.2 0.11698
1036 0.2 0.11698
1037 0.2 0.0917663
1038 0.15 0.0819178
1039 0.3 0.127733
1040 0.25 0.12301
1041 0.25 0.12301
1042 0.1 0.0688247
1043 0.1 0.0688247
1044 0.2 0.11698
1045 0.1 0.1
1046 0.1 0.0688247
1047 0.15 0.109424
1048 0.1 0.0688247
1049 0.1 0.0688247
1050 0.2 0.0917663
1051 0.25 0.0993399
1052 0.35 0.131289
1053 0.2 0.0917663
1054 0.25 0.0993399
1055 0.25 0.0993399
1056 0.25 0.0993399
1057 0.25 0.0993399
1058 0.2 0.0917663
1059 0.15 0.0819178
1060 0.15 0.0819178
1061 0.2 0.0917663
1062 0.15 0.0819178
1063 0.15 0.0819178
1064 0.2 0.0917663
1065 0.2 0.0917663
1066 0.15 0.0819178
1067 0.1 0.0688247
1068 0 0
1069 0 0
1070 0.05 0.05
1071 0.05 0.05
1072 0.05 0.05
1073 0.05 0.05
1074 0.05 0.05
1075 0 0
1076 0 0
1077 0 0
1078 0 0
1079 0 0
1080 0 0
1081 0.05 0.05
1082 0.15 0.0819178
1083 0.15 0.0819178
1084 0.15 0.0819178
1085 0.2 0.0917663
1086 0.2 0.0917663
1087 0.1 0.0688247
1088 0.2 0.0917663
1089 0.15 0.0819178
1090 0.2 0.0917663
1091 0.4 0.133771
1092 0.5 0.153897
1093 0.3 0.127733
1094 0.15 0.0819178
1095 0.15 0.0819178
1096 0.15 0.0819178
1097 0.25 0.12301
1098 0.3 0.105131
1099 0.3 0.105131
1100 0.25 0.0993399
1101 0.15 0.0819178
1102 0.15 0.0819178
1103 0.15 0.0819178
1104 0.15 0.0819178
1105 0.1 0.0688247
1106 0.15 0.0819178
1107 0.1 0.0688247
1108 0.15 0.0819178
1109 0.2 0.0917663
1110 0.15 0.0819178
1111 0.2 0.0917663
1112 0.2 0.0917663
1113 0.25 0.12301
1114 0.2 0.0917663
1115 0.2 0.0917663
1116 0.2 0.0917663
1117 0.25 0.0993399
1118 0.25 0.0993399
1119 0.3 0.105131
1120 0.3 0.105131
1121 0.3 0.105131
1122 0.35 0.131289
1123 0.25 0.12301
1124 0.3 0.146898
1125 0.2 0.0917663
1126 0.2 0.0917663
1127 0.2 0.0917663
1128 0.2 0.0917663
1129 0.2 0.0917663
1130 0.25 0.0993399
1131 0.25 0.0993399
1132 0.2 0.0917663
1133 0.2 0.0917663
1134 0.25 0.0993399
1135 0.35 0.131289
1136 0.35 0.131289
1137 0.4 0.152177
1138 0.45 0.153469
1139 0.4 0.152177
1140 0.45 0.153469
1141 0.35 0.131289
1142 0.35 0.131289
1143 0.3 0.127733
1144 0.25 0.0993399
1145 0.15 0.0819178
1146 0.15 0.0819178
1147 0.15 0.0819178
1148 0.15 0.0819178
1149 0.1 0.0688247
1150 0.1 0.0688247
1151 0.15 0.0819178
1152 0.1 0.0688247
1153 0.1 0.0688247
1154 0.15 0.0819178
1155 0.15 0.0819178
1156 0.15 0.0819178
1157 0.15 0.0819178
1158 0.1 0.0688247
1159 0.1 0.0688247
1160 0.1 0.0688247
1161 0.1 0.0688247
1162 0.2 0.0917663
1163 0.15 0.0819178
1164 0.2 0.11698
1165 0.15 0.109424
1166 0.1 0.0688247
1167 0.05 0.05
1168 0.05 0.05
1169 0.05 0.05
1170 0.05 0.05
1171 0.05 0.05
1172 0.05 0.05
1173 0.05 0.05
1174 0.1 0.0688247
1175 0.1 0.0688247
1176 0.05 0.05
1177 0.15 0.109424
1178 0.15 0.109424
1179 0 0
1180 0 0
1181 0 0
1182 0 0
1183 0.05 0.05
1184 0.05 0.05
1185 0.1 0.0688247
1186 0.05 0.05
1187 0.1 0.0688247
1188 0.1 0.0688247
1189 0.1 0.0688247
1190 0.1 0.0688247
1191 0.25 0.12301
1192 0.3 0.146898
1193 0.2 0.11698
1194 0.2 0.11698
1195 0.2 0.11698
1196 0.15 0.0819178
1197 0.1 0.0688247
1198 0.1 0.0688247
1199 0.15 0.0819178
1200 0.25 0.0993399
1201 0.25 0.0993399
1202 0.2 0.0917663
1203 0.25 0.0993399
1204 0.2 0.0917663
1205 0.2 0.0917663
1206 0.15 0.0819178
1207 0.15 0.0819178
1208 0.15 0.0819178
1209 0.15 0.0819178
1210 0.15 0.0819178
1211 0.15 0.0819178
1212 0.2 0.0917663
1213 0.3 0.127733
1214 0.25 0.0993399
1215 0.25 0.0993399
1216 0.25 0.0993399
1217 0.2 0.0917663
1218 0.25 0.0993399
1219 0.3 0.105131
1220 0.3 0.105131
1221 0.3 0.105131
1222 0.3 0.105131
1223 0.3 0.105131
1224 0.3 0.105131
1225 0.2 0.0917663
1226 0.2 0.0917663
1227 0.15 0.0819178
1228 0.2 0.0917663
1229 0.25 0.0993399
1230 0.2 0.0917663
1231 0.15 0.0819178
1232 0.15 0.0819178
1233 0.15 0.0819178
1234 0.15 0.0819178
1235 0.15 0.0819178
1236 0.15 0.0819178
1237 0.1 0.0688247
1238 0.1 0.0688247
1239 0.1 0.0688247
1240 0.15 0.0819178
1241 0.15 0.0819178
1242 0.15 0.0819178
1243 0.1 0.0688247
1244 0.1 0.0688247
1245 0.1 0.0688247
1246 0.1 0.0688247
1247 0.15 0.0819178
1248 0.1 0.0688247
1249 0.1 0.0688247
1250 0.05 0.05
1251 0.2 0.0917663
1252 0.3 0.127733
1253 0.25 0.0993399
1254 0.25 0.0993399
1255 0.15 0.0819178
1256 0.2 0.0917663
1257 0.1 0.0688247
1258 0.1 0.0688247
1259 0.1 0.0688247
1260 0.1 0.0688247
1261 0.1 0.0688247
1262 0.05 0.05
1263 0.15 0.109424
1264 0.1 0.0688247
1265 0.1 0.0688247
1266 0.1 0.0688247
1267 0.1 0.0688247
1268 0.05 0.05
1269 0.05 0.05
1270 0.2 0.0917663
1271 0.2 0.0917663
1272 0.2 0.0917663
1273 0.1 0.0688247
1274 0.1 0.0688247
1275 0.1 0.0688247
1276 0.1 0.0688247
1277 0.1 0.0688247
1278 0.1 0.0688247
1279 0.1 0.0688247
1280 0.15 0.0819178
1281 0.15 0.0819178
1282 0.15 0.0819178
1283 0.15 0.0819178
1284 0.15 0.0819178
1285 0.15 0.0819178
1286 0.1 0.0688247
1287 0.05 0.05
1288 0.05 0.05
1289 0 0
1290 0 0
1291 0 0
1292 0 0
1293 0.1 0.1
1294 0.1 0.0688247
1295 0.1 0.1
1296 0.2 0.11698
1297 0.3 0.105131
1298 0.25 0.0993399
1299 0.35 0.109424
1300 0.25 0.0993399
1301 0.3 0.127733
1302 0.15 0.0819178
1303 0.2 0.0917663
1304 0.15 0.0819178
1305 0.15 0.0819178
1306 0.15 0.0819178
1307 0.1 0.0688247
1308 0.1 0.0688247
1309 0.15 0.0819178
1310 0.1 0.0688247
1311 0.1 0.0688247
1312 0.1 0.0688247
1313 0.05 0.05
1314 0.05 0.05
1315 0.05 0.05
1316 0.05 0.05
1317 0.05 0.05
1318 0.1 0.0688247
1319 0.2 0.0917663
1320 0.2 0.0917663
1321 0.25 0.0993399
1322 0.3 0.127733
1323 0.3 0.127733
1324 0.25 0.12301
1325 0.25 0.12301
1326 0.25 0.12301
1327 0.25 0.12301
1328 0.25 0.12301
1329 0.25 0.12301
1330 0.25 0.12301
1331 0.15 0.0819178
1332 0.05 0.05
1333 0.05 0.05
1334 0.1 0.0688247
1335 0.1 0.0688247
1336 0.1 0.0688247
1337 0.1 0.0688247
1338 0.1 0.0688247
1339 0.05 0.05
1340 0.1 0.0688247
1341 0.1 0.0688247
1342 0.15 0.0819178
1343 0.15 0.0819178
1344 0.15 0.0819178
1345 0.15 0.109424
1346 0.15 0.109424
1347 0.05 0.05
1348 0.15 0.109424
1349 0.15 0.109424
1350 0.2 0.11698
1351 0.2 0.0917663
1352 0.25 0.12301
1353 0.3 0.127733
1354 0.3 0.127733
1355 0.2 0.0917663
1356 0.3 0.163836
1357 0.3 0.163836
1358 0.3 0.163836
1359 0.3 0.163836
1360 0.15 0.0819178
1361 0.15 0.0819178
1362 0.15 0.0819178
1363 0.15 0.0819178
1364 0.15 0.0819178
1365 0.15 0.0819178
1366 0.15 0.0819178
1367 0.15 0.0819178
1368 0.15 0.0819178
1369 0.15 0.0819178
1370 0.15 0.0819178
1371 0.15 0.0819178
1372 0.2 0.0917663
1373 0.15 0.0819178
1374 0.15 0.0819178
1375 0.15 0.0819178
1376 0.1 0.0688247
1377 0.15 0.0819178
1378 0.15 0.0819178
1379 0.15 0.0819178
1380 0.15 0.0819178
1381 0.2 0.0917663
1382 0.25 0.0993399
1383 0.25 0.0993399
1384 0.2 0.0917663
1385 0.2 0.0917663
1386 0.2 0.0917663
1387 0.2 0.0917663
1388 0.2 0.0917663
1389 0.25 0.0993399
1390 0.3 0.105131
1391 0.35 0.109424
1392 0.35 0.109424
1393 0.35 0.109424
1394 0.4 0.11239
1395 0.35 0.109424
1396 0.35 0.109424
1397 0.3 0.105131
1398 0.3 0.105131
1399 0.35 0.109424
1400 0.35 0.109424
1401 0.35 0.109424
1402 0.3 0.105131
1403 0.25 0.0993399
1404 0.2 0.0917663
1405 0.2 0.0917663
1406 0.25 0.0993399
1407 0.25 0.0993399
1408 0.25 0.0993399
1409 0.25 0.0993399
1410 0.15 0.0819178
1411 0.15 0.0819178
1412 0.1 0.0688247
1413 0.1 0.0688247
1414 0.1 0.0688247
1415 0.1 0.0688247
1416 0.15 0.0819178
1417 0.25 0.0993399
1418 0.4 0.11239
1419 0.35 0.109424
1420 0.35 0.109424
1421 0.4 0.11239
1422 0.35 0.109424
1423 0.4 0.11239
1424 0.4 0.133771
1425 0.35 0.109424
1426 0.35 0.109424
1427 0.35 0.109424
1428 0.3 0.105131
1429 0.25 0.0993399
1430 0.35 0.109424
1431 0.3 0.105131
1432 0.25 0.0993399
1433 0.25 0.0993399
1434 0.25 0.0993399
1435 0.25 0.0993399
1436 0.2 0.0917663
1437 0.15 0.0819178
1438 0.15 0.0819178
1439 0.2 0.11698
1440 0.15 0.109424
1441 0.05 0.05
1442 0.1 0.0688247
1443 0.05 0.05
1444 0.05 0.05
1445 0.05 0.05
1446 0.1 0.0688247
1447 0.1 0.0688247
1448 0.1 0.0688247
1449 0.15 0.0819178
1450 0.15 0.0819178
1451 0.15 0.0819178
1452 0.15 0.0819178
1453 0.1 0.0688247
1454 0.1 0.0688247
1455 0.1 0.0688247
1456 0.1 0.0688247
1457 0.15 0.0819178
1458 0.15 0.0819178
1459 0.15 0.0819178
1460 0.1 0.0688247
1461 0.15 0.109424
1462 0.2 0.11698
1463 0.25 0.160181
1464 0.15 0.0819178
1465 0.15 0.0819178
1466 0.15 0.0819178
1467 0.2 0.0917663
1468 0.15 0.0819178
1469 0.15 0.0819178
1470 0.15 0.0819178
1471 0.15 0.0819178
1472 0.15 0.0819178
1473 0.2 0.0917663
1474 0.25 0.0993399
1475 0.3 0.105131
1476 0.45 0.169752
1477 0.3 0.105131
1478 0.25 0.0993399
1479 0.25 0.0993399
1480 0.15 0.0819178
1481 0.1 0.0688247
1482 0.05 0.05
1483 0.1 0.0688247
1484 0.1 0.0688247
1485 0.1 0.0688247
1486 0.15 0.0819178
1487 0.15 0.0819178
1488 0.1 0.0688247
1489 0.05 0.05
1490 0.05 0.05
1491 0.1 0.0688247
1492 0.15 0.0819178
1493 0.2 0.11698
1494 0.2 0.11698
1495 0.1 0.0688247
1496 0.15 0.0819178
1497 0.15 0.0819178
1498 0.15 0.0819178
1499 0.15 0.0819178
1500 0.1 0.0688247
1501 0.1 0.1
1502 0.1 0.1
1503 0.05 0.05
1504 0 0
1505 0 0
1506 0 0
1507 0.05 0.05
1508 0.05 0.05
1509 0.1 0.0688247
1510 0.2 0.0917663
1511 0.2 0.0917663
1512 0.15 0.0819178
1513 0.15 0.0819178
1514 0.15 0.0819178
1515 0.2 0.0917663
1516 0.2 0.0917663
1517 0.25 0.0993399
1518 0.35 0.131289
1519 0.35 0.15
1520 0.3 0.127733
1521 0.3 0.127733
1522 0.2 0.0917663
1523 0.2 0.0917663
1524 0.25 0.0993399
1525 0.45 0.2112
1526 0.5 0.153897
1527 0.4 0.133771
1528 0.3 0.127733
1529 0.4 0.152177
1530 0.3 0.105131
1531 0.15 0.0819178
1532 0.1 0.0688247
1533 0.25 0.14281
1534 0.15 0.0819178
1535 0.25 0.0993399
1536 0.15 0.0819178
1537 0.15 0.0819178
1538 0.2 0.11698
1539 0.25 0.12301
1540 0.15 0.0819178
1541 0.1 0.0688247
1542 0.1 0.0688247
1543 0.1 0.0688247
1544 0.15 0.0819178
1545 0.1 0.0688247
1546 0.15 0.0819178
1547 0.2 0.0917663
1548 0.2 0.0917663
1549 0.2 0.0917663
1550 0.15 0.0819178
1551 0.05 0.05
1552 0.05 0.05
1553 0.05 0.05
1554 0.1 0.0688247
1555 0.15 0.0819178
1556 0.2 0.0917663
1557 0.2 0.0917663
1558 0.2 0.11698
1559 0.2 0.11698
1560 0.15 0.109424
1561 0.15 0.109424
1562 0.2 0.11698
1563 0.25 0.12301
1564 0.2 0.0917663
1565 0.25 0.0993399
1566 0.25 0.0993399
1567 0.25 0.0993399
1568 0.25 0.0993399
1569 0.2 0.0917663
1570 0.25 0.0993399
1571 0.3 0.105131
1572 0.3 0.105131
1573 0.2 0.0917663
1574 0.35 0.15
1575 0.35 0.15
1576 0.3 0.127733
1577 0.3 0.127733
1578 0.35 0.15
1579 0.3 0.127733
1580 0.3 0.127733
1581 0.4 0.152177
1582 0.45 0.153469
1583 0.35 0.15
1584 0.4 0.152177
1585 0.35 0.15
1586 0.35 0.15
1587 0.4 0.152177
1588 0.4 0.152177
1589 0.5 0.153897
1590 0.5 0.153897
1591 0.5 0.170139
1592 0.5 0.170139
1593 0.55 0.169752
1594 0.45 0.169752
1595 0.35 0.15
1596 0.35 0.15
1597 0.4 0.152177
1598 0.4 0.152177
1599 0.4 0.152177
1600 0.3 0.127733
1601 0.35 0.15
1602 0.45 0.153469
1603 0.35 0.131289
1604 0.35 0.131289
1605 0.25 0.12301
1606 0.25 0.12301
1607 0.2 0.11698
1608 0.2 0.11698
1609 0.25 0.12301
1610 0.25 0.12301
1611 0.2 0.11698
1612 0.2 0.11698
1613 0.2 0.11698
1614 0.2 0.11698
1615 0.2 0.11698
1616 0.2 0.11698
1617 0.3 0.127733
1618 0.25 0.12301
1619 0.25 0.12301
1620 0.25 0.12301
1621 0.2 0.11698
1622 0.25 0.12301
1623 0.2 0.0917663
1624 0.25 0.0993399
1625 0.25 0.0993399
1626 0.25 0.0993399
1627 0.35 0.131289
1628 0.35 0.131289
1629 0.3 0.127733
1630 0.25 0.12301
1631 0.25 0.12301
1632 0.2 0.11698
1633 0.2 0.11698
1634 0.15 0.109424
1635 0.3 0.146898
1636 0.25 0.12301
1637 0.25 0.12301
1638 0.3 0.127733
1639 0.3 0.146898
1640 0.2 0.11698
1641 0.2 0.11698
1642 0.1 0.0688247
1643 0.1 0.0688247
1644 0.1 0.0688247
1645 0.05 0.05
1646 0.1 0.0688247
1647 0.1 0.0688247
1648 0.2 0.11698
1649 0.15 0.0819178
1650 0.15 0.0819178
1651 0.15 0.0819178
1652 0.1 0.0688247
1653 0.05 0.05
1654 0.05 0.05
1655 0.1 0.0688247
1656 0.1 0.0688247
1657 0.1 0.0688247
1658 0.25 0.12301
1659 0.2 0.11698
1660 0.15 0.109424
1661 0.15 0.109424
1662 0 0
1663 0.1 0.1
1664 0.1 0.1
1665 0 0
1666 0.05 0.05
1667 0.05 0.05
1668 0.05 0.05
1669 0.05 0.05
1670 0.05 0.05
1671 0.05 0.05
1672 0.05 0.05
1673 0.1 0.0688247
1674 0.15 0.0819178
1675 0.2 0.0917663
1676 0.2 0.0917663
1677 0.15 0.0819178
1678 0.15 0.0819178
1679 0.2 0.0917663
1680 0.2 0.0917663
1681 0.25 0.0993399
1682 0.25 0.0993399
1683 0.3 0.127733
1684 0.35 0.131289
1685 0.3 0.127733
1686 0.3 0.127733
1687 0.2 0.0917663
1688 0.3 0.127733
1689 0.25 0.0993399
1690 0.25 0.0993399
1691 0.25 0.0993399
1692 0.25 0.0993399
1693 0.25 0.0993399
1694 0.15 0.0819178
1695 0.3 0.127733
1696 0.25 0.0993399
1697 0.2 0.0917663
1698 0.2 0.0917663
1699 0.2 0.0917663
1700 0.15 0.0819178
1701 0.2 0.0917663
1702 0.2 0.0917663
1703 0.25 0.0993399
1704 0.2 0.0917663
1705 0.25 0.12301
1706 0.15 0.0819178
1707 0.15 0.0819178
1708 0.15 0.0819178
1709 0.2 0.0917663
1710 0.2 0.0917663
1711 0.25 0.0993399
1712 0.3 0.105131
1713 0.3 0.105131
1714 0.25 0.0993399
1715 0.35 0.109424
1716 0.4 0.11239
1717 0.25 0.12301
1718 0.25 0.12301
1719 0.25 0.12301
1720 0.2 0.0917663
1721 0.3 0.127733
1722 0.3 0.127733
1723 0.3 0.127733
1724 0.3 0.127733
1725 0.3 0.105131
1726 0.3 0.105131
1727 0.25 0.0993399
1728 0.3 0.127733
1729 0.3 0.127733
1730 0.25 0.12301
1731 0.25 0.12301
1732 0.25 0.160181
1733 0.25 0.160181
1734 0.35 0.166623
1735 0.35 0.166623
1736 0.35 0.166623
1737 0.3 0.105131
1738 0.3 0.105131
1739 0.35 0.109424
1740 0.5 0.153897
1741 0.5 0.153897
1742 0.25 0.0993399
1743 0.3 0.105131
1744 0.2 0.0917663
1745 0.2 0.0917663
1746 0.25 0.0993399
1747 0.25 0.0993399
1748 0.2 0.0917663
1749 0.2 0.0917663
1750 0.15 0.0819178
1751 0.25 0.12301
1752 0.35 0.131289
1753 0.35 0.131289
1754 0.3 0.127733
1755 0.4 0.152177
1756 0.25 0.14281
1757 0.15 0.0819178
1758 0.2 0.0917663
1759 0.25 0.0993399
1760 0.2 0.0917663
1761 0.2 0.0917663
1762 0.2 0.0917663
1763 0.25 0.12301
1764 0.25 0.12301
1765 0.3 0.127733
1766 0.35 0.131289
1767 0.4 0.133771
1768 0.35 0.131289
1769 0.3 0.127733
1770 0.25 0.12301
1771 0.25 0.12301
1772 0.2 0.11698
1773 0.1 0.0688247
1774 0.1 0.0688247
1775 0.2 0.0917663
1776 0.25 0.0993399
1777 0.2 0.0917663
1778 0.3 0.105131
1779 0.3 0.105131
1780 0.55 0.169752
1781 0.45 0.153469
1782 0.35 0.131289
1783 0.35 0.131289
1784 0.3 0.105131
1785 0.2 0.0917663
1786 0.2 0.0917663
1787 0.15 0.0819178
1788 0.05 0.05
1789 0.05 0.05
1790 0.05 0.05
1791 0.05 0.05
1792 0.05 0.05
1793 0.1 0.0688247
1794 0.1 0.0688247
1795 0.1 0.0688247
1796 0.1 0.0688247
1797 0.05 0.05
1798 0.05 0.05
1799 0.05 0.05
1800 0.05 0.05
1801 0.05 0.05
1802 0.1 0.0688247
1803 0.1 0.0688247
1804 0.2 0.11698
1805 0.1 0.0688247
1806 0.1 0.0688247
1807 0.2 0.0917663
1808 0.2 0.11698
1809 0.2 0.11698
1810 0.2 0.11698
1811 0.15 0.109424
1812 0.15 0.109424
1813 0.15 0.109424
1814 0.15 0.109424
1815 0.05 0.05
1816 0.05 0.05
1817 0.05 0.05
1818 0.1 0.0688247
1819 0.1 0.0688247
1820 0.1 0.0688247
1821 0.15 0.0819178
1822 0.15 0.0819178
1823 0.2 0.0917663
1824 0.2 0.0917663
1825 0.3 0.105131
1826 0.3 0.105131
1827 0.3 0.105131
1828 0.35 0.109424
1829 0.4 0.133771
1830 0.4 0.152177
1831 0.4 0.152177
1832 0.35 0.131289
1833 0.3 0.127733
1834 0.3 0.127733
1835 0.4 0.152177
1836 0.4 0.133771
1837 0.25 0.0993399
1838 0.25 0.0993399
1839 0.3 0.105131
1840 0.3 0.105131
1841 0.4 0.133771
1842 0.4 0.133771
1843 0.35 0.131289
1844 0.3 0.127733
1845 0.35 0.131289
1846 0.35 0.109424
1847 0.45 0.135239
1848 0.4 0.133771
1849 0.4 0.133771
1850 0.4 0.11239
1851 0.4 0.11239
1852 0.45 0.114133
1853 0.5 0.114708
1854 0.45 0.114133
1855 0.4 0.11239
1856 0.35 0.109424
1857 0.3 0.105131
1858 0.3 0.105131
1859 0.3 0.105131
1860 0.3 0.105131
1861 0.4 0.11239
1862 0.35 0.109424
1863 0.35 0.109424
1864 0.35 0.109424
1865 0.3 0.105131
1866 0.3 0.105131
1867 0.2 0.0917663
1868 0.2 0.0917663
1869 0.15 0.0819178
1870 0.1 0.0688247
1871 0.15 0.0819178
1872 0.15 0.0819178
1873 0.1 0.0688247
1874 0.1 0.0688247
1875 0.1 0.0688247
1876 0.1 0.0688247
1877 0.05 0.05
1878 0.05 0.05
1879 0.15 0.109424
1880 0.15 0.109424
1881 0.15 0.109424
1882 0.2 0.11698
1883 0.25 0.12301
1884 0.25 0.12301
1885 0.25 0.0993399
1886 0.15 0.0819178
1887 0.3 0.146898
1888 0.35 0.131289
1889 0.25 0.0993399
1890 0.25 0.0993399
1891 0.25 0.0993399
1892 0.3 0.127733
1893 0.25 0.12301
1894 0.2 0.0917663
1895 0.1 0.0688247
1896 0.15 0.0819178
1897 0.3 0.146898
1898 0.3 0.127733
1899 0.25 0.12301
1900 0.15 0.109424
1901 0.15 0.0819178
1902 0.2 0.0917663
1903 0.15 0.0819178
1904 0.25 0.12301
1905 0.25 0.12301
1906 0.2 0.0917663
1907 0.2 0.0917663
1908 0.15 0.0819178
1909 0.2 0.0917663
1910 0.25 0.0993399
1911 0.25 0.0993399
1912 0.15 0.0819178
1913 0.15 0.0819178
1914 0.15 0.0819178
1915 0.1 0.0688247
1916 0.1 0.0688247
1917 0.05 0.05
1918 0.05 0.05
1919 0.1 0.0688247
1920 0.3 0.127733
1921 0.35 0.131289
1922 0.4 0.152177
1923 0.4 0.168585
1924 0.4 0.168585
1925 0.4 0.152177
1926 0.3 0.146898
1927 0.15 0.109424
1928 0.2 0.155597
1929 0.2 0.155597
1930 0.1 0.0688247
1931 0.15 0.0819178
1932 0.2 0.0917663
1933 0.25 0.0993399
1934 0.15 0.0819178
1935 0.15 0.0819178
1936 0.15 0.0819178
1937 0.15 0.0819178
1938 0.2 0.11698
1939 0.25 0.12301
1940 0.25 0.12301
1941 0.25 0.12301
1942 0.2 0.0917663
1943 0.2 0.0917663
1944 0.25 0.0993399
1945 0.15 0.0819178
1946 0.15 0.0819178
1947 0.1 0.0688247
1948 0.1 0.0688247
1949 0.05 0.05
1950 0.25 0.12301
1951 0.25 0.12301
1952 0.3 0.127733
1953 0.2 0.0917663
1954 0.15 0.0819178
1955 0.25 0.12301
1956 0.3 0.127733
1957 0.3 0.127733
1958 0.15 0.0819178
1959 0.2 0.0917663
1960 0.15 0.0819178
1961 0.15 0.0819178
1962 0.15 0.109424
1963 0.2 0.11698
1964 0.15 0.0819178
1965 0.15 0.0819178
1966 0.1 0.0688247
1967 0.05 0.05
1968 0.05 0.05
1969 0.05 0.05
1970 0.1 0.0688247
1971 0.1 0.0688247
1972 0.05 0.05
1973 0.1 0.0688247
1974 0.1 0.0688247
1975 0.1 0.0688247
1976 0.2 0.0917663
1977 0.1 0.0688247
1978 0.1 0.0688247
1979 0.2 0.11698
1980 0.2 0.11698
1981 0.2 0.11698
1982 0.25 0.12301
1983 0.25 0.12301
1984 0.25 0.0993399
1985 0.15 0.0819178
1986 0.2 0.0917663
1987 0.1 0.0688247
1988 0.1 0.0688247
1989 0.1 0.0688247
1990 0.1 0.0688247
1991 0.05 0.05
1992 0.05 0.05
1993 0.05 0.05
1994 0.05 0.05
1995 0.05 0.05
1996 0.05 0.05
1997 0.05 0.05
1998 0.05 0.05
1999 0.05 0.05
2000 0.1 0.0688247
2001 0.1 0.0688247
2002 0.1 0.0688247
2003 0.1 0.0688247
2004 0.15 0.0819178
2005 0.15 0.0819178
2006 0.15 0.0819178
2007 0.15 0.0819178
2008 0.15 0.0819178
2009 0.25 0.12301
2010 0.25 0.12301
2011 0.25 0.12301
2012 0.2 0.0917663
2013 0.2 0.0917663
2014 0.15 0.0819178
2015 0.15 0.0819178
2016 0.1 0.0688247
2017 0.05 0.05
2018 0 0
2019 0.05 0.05
2020 0.15 0.0819178
2021 0.2 0.0917663
2022 0.25 0.0993399
2023 0.25 0.12301
2024 0.1 0.0688247
2025 0.1 0.0688247
2026 0.2 0.11698
2027 0.1 0.0688247
2028 0.1 0.0688247
2029 0.2 0.11698
2030 0.15 0.109424
2031 0.1 0.0688247
2032 0.2 0.0917663
2033 0.15 0.0819178
2034 0.1 0.0688247
2035 0.1 0.0688247
2036 0.15 0.0819178
2037 0.1 0.0688247
2038 0.1 0.0688247
2039 0.05 0.05
2040 0.1 0.0688247
2041 0.1 0.0688247
2042 0.15 0.0819178
2043 0.2 0.0917663
2044 0.2 0.0917663
2045 0.25 0.0993399
2046 0.25 0.0993399
2047 0.2 0.0917663
2048 0.25 0.0993399
2049 0.25 0.0993399
2050 0.2 0.0917663
2051 0.25 0.0993399
2052 0.25 0.0993399
2053 0.25 0.0993399
2054 0.25 0.0993399
2055 0.25 0.0993399
2056 0.25 0.0993399
2057 0.25 0.0993399
2058 0.2 0.0917663
2059 0.2 0.0917663
2060 0.25 0.12301
2061 0.25 0.12301
2062 0.25 0.12301
2063 0.25 0.12301
2064 0.3 0.146898
2065 0.35 0.166623
2066 0.3 0.146898
2067 0.3 0.146898
2068 0.15 0.0819178
2069 0.1 0.0688247
2070 0.1 0.0688247
2071 0.15 0.0819178
2072 0.05 0.05
2073 0.1 0.0688247
2074 0.1 0.0688247
2075 0.15 0.0819178
2076 0.1 0.0688247
2077 0.1 0.0688247
2078 0.2 0.0917663
2079 0.2 0.0917663
2080 0.35 0.166623
2081 0.35 0.166623
2082 0.3 0.105131
2083 0.2 0.0917663
2084 0.1 0.0688247
2085 0.1 0.0688247
2086 0.1 0.0688247
2087 0.1 0.0688247
2088 0.1 0.0688247
2089 0.15 0.0819178
2090 0.15 0.0819178
2091 0.2 0.0917663
2092 0.15 0.0819178
2093 0.3 0.127733
2094 0.2 0.0917663
2095 0.15 0.0819178
2096 0.2 0.0917663
2097 0.2 0.0917663
2098 0.15 0.0819178
2099 0.15 0.0819178
2100 0.15 0.0819178
2101 0.1 0.0688247
2102 0.15 0.0819178
2103 0.2 0.0917663
2104 0.2 0.0917663
2105 0.2 0.0917663
2106 0.3 0.127733
2107 0.2 0.0917663
2108 0.3 0.163836
2109 0.2 0.11698
2110 0.25 0.12301
2111 0.25 0.12301
2112 0.35 0.131289
2113 0.25 0.12301
2114 0.2 0.0917663
2115 0.3 0.105131
2116 0.3 0.105131
2117 0.3 0.105131
2118 0.35 0.131289
2119 0.35 0.131289
2120 0.25 0.0993399
2121 0.35 0.109424
2122 0.35 0.109424
2123 0.35 0.109424
2124 0.35 0.15
2125 0.3 0.146898
2126 0.3 0.146898
2127 0.25 0.12301
2128 0.25 0.12301
2129 0.25 0.0993399
2130 0.35 0.131289
2131 0.35 0.131289
2132 0.2 0.0917663
2133 0.2 0.0917663
2134 0.2 0.0917663
2135 0.15 0.0819178
2136 0.1 0.0688247
2137 0.15 0.0819178
2138 0.2 0.0917663
2139 0.15 0.0819178
2140 0.1 0.0688247
2141 0.15 0.0819178
2142 0.2 0.0917663
2143 0.15 0.0819178
2144 0.1 0.0688247
2145 0.15 0.0819178
2146 0.25 0.0993399
2147 0.3 0.105131
2148 0.35 0.109424
2149 0.4 0.133771
2150 0.3 0.105131
2151 0.3 0.105131
2152 0.3 0.105131
2153 0.25 0.0993399
2154 0.3 0.105131
2155 0.3 0.105131
2156 0.35 0.131289
2157 0.2 0.0917663
2158 0.15 0.0819178
2159 0.25 0.12301
2160 0.2 0.11698
2161 0.2 0.11698
2162 0.2 0.11698
2163 0.35 0.15
2164 0.3 0.146898
2165 0.15 0.0819178
2166 0.2 0.0917663
2167 0.3 0.105131
2168 0.35 0.109424
2169 0.25 0.0993399
2170 0.3 0.105131
2171 0.25 0.12301
2172 0.25 0.12301
2173 0.25 0.12301
2174 0.4 0.152177
2175 0.35 0.131289
2176 0.25 0.12301
2177 0.2 0.0917663
2178 0.3 0.127733
2179 0.3 0.127733
2180 0.2 0.0917663
2181 0.45 0.114133
2182 0.45 0.114133
2183 0.45 0.135239
2184 0.35 0.109424
2185 0.35 0.109424
2186 0.5 0.153897
2187 0.45 0.135239
2188 0.55 0.153469
2189 0.55 0.153469
2190 0.55 0.153469
2191 0.55 0.153469
2192 0.55 0.169752
2193 0.5 0.153897
2194 0.5 0.153897
2195 0.55 0.153469
2196 0.5 0.153897
2197 0.4 0.133771
2198 0.4 0.133771
2199 0.4 0.133771
2200 0.5 0.153897
2201 0.55 0.169752
2202 0.5 0.170139
2203 0.5 0.170139
2204 0.45 0.153469
2205 0.35 0.131289
2206 0.35 0.131289
2207 0.3 0.127733
2208 0.35 0.131289
2209 0.25 0.0993399
2210 0.3 0.105131
2211 0.3 0.105131
2212 0.3 0.105131
2213 0.3 0.105131
2214 0.3 0.127733
2215 0.3 0.127733
2216 0.25 0.12301
2217 0.15 0.0819178
2218 0.15 0.0819178
2219 0.15 0.0819178
2220 0.2 0.0917663
2221 0.25 0.12301
2222 0.2 0.11698
2223 0.15 0.109424
2224 0.15 0.109424
2225 0.2 0.11698
2226 0.2 0.11698
2227 0.25 0.12301
2228 0.2 0.0917663
2229 0.15 0.0819178
2230 0.15 0.0819178
2231 0.1 0.0688247
2232 0.1 0.0688247
2233 0.1 0.0688247
2234 0.1 0.0688247
2235 0.1 0.0688247
2236 0.1 0.0688247
2237 0.15 0.109424
2238 0.1 0.1
2239 0.15 0.109424
2240 0.2 0.11698
2241 0.15 0.109424
2242 0.1 0.1
2243 0.2 0.11698
2244 0.2 0.11698
2245 0.25 0.12301
2246 0.25 0.12301
2247 0.25 0.12301
2248 0.25 0.12301
2249 0.3 0.127733
2250 0.3 0.127733
2251 0.2 0.11698
2252 0.2 0.11698
2253 0.3 0.146898
2254 0.2 0.11698
2255 0.2 0.11698
2256 0.2 0.11698
2257 0.25 0.12301
2258 0.25 0.12301
2259 0.2 0.11698
2260 0.15 0.109424
2261 0.1 0.1
2262 0.15 0.109424
2263 0.1 0.0688247
2264 0.1 0.0688247
2265 0.1 0.0688247
2266 0.05 0.05
2267 0.05 0.05
2268 0.05 0.05
2269 0.05 0.05
2270 0.1 0.0688247
2271 0.1 0.0688247
2272 0.1 0.0688247
2273 0.1 0.0688247
2274 0.15 0.0819178
2275 0.15 0.0819178
2276 0.15 0.0819178
2277 0.15 0.0819178
2278 0.15 0.0819178
2279 0.1 0.0688247
2280 0.1 0.0688247
2281 0.15 0.0819178
2282 0.15 0.0819178
2283 0.3 0.127733
2284 0.2 0.11698
2285 0.2 0.11698
2286 0.2 0.11698
2287 0.15 0.0819178
2288 0.2 0.0917663
2289 0.2 0.0917663
2290 0.2 0.0917663
2291 0.25 0.12301
2292 0.3 0.163836
2293 0.3 0.163836
2294 0.2 0.155597
2295 0.2 0.11698
2296 0.25 0.12301
2297 0.25 0.12301
2298 0.25 0.12301
2299 0.25 0.12301
2300 0.35 0.131289
2301 0.3 0.127733
2302 0.25 0.12301
2303 0.2 0.11698
2304 0.05 0.05
2305 0.15 0.0819178
2306 0.1 0.0688247
2307 0.1 0.0688247
2308 0.15 0.0819178
2309 0.15 0.0819178
2310 0.15 0.0819178
2311 0.2 0.0917663
2312 0.3 0.105131
2313 0.25 0.0993399
2314 0.2 0.0917663
2315 0.2 0.0917663
2316 0.2 0.0917663
2317 0.15 0.0819178
2318 0.2 0.0917663
2319 0.15 0.0819178
2320 0.2 0.0917663
2321 0.2 0.0917663
2322 0.2 0.0917663
2323 0.15 0.109424
2324 0.2 0.0917663
2325 0.2 0.0917663
2326 0.25 0.12301
2327 0.25 0.12301
2328 0.25 0.12301
2329 0.25 0.12301
2330 0.25 0.12301
2331 0.15 0.0819178
2332 0.2 0.0917663
2333 0.15 0.0819178
2334 0.35 0.109424
2335 0.4 0.11239
2336 0.35 0.109424
2337 0.3 0.105131
2338 0.2 0.0917663
2339 0.15 0.0819178
2340 0.1 0.0688247
2341 0.15 0.0819178
2342 0.3 0.127733
2343 0.35 0.131289
2344 0.4 0.152177
2345 0.3 0.127733
2346 0.25 0.12301
2347 0.3 0.127733
2348 0.4 0.152177
2349 0.35 0.15
2350 0.25 0.12301
2351 0.15 0.109424
2352 0.05 0.05
2353 0.1 0.0688247
2354 0.1 0.0688247
2355 0.15 0.0819178
2356 0.1 0.0688247
2357 0.1 0.0688247
2358 0.1 0.0688247
2359 0.1 0.0688247
2360 0.2 0.11698
2361 0.25 0.12301
2362 0.2 0.0917663
2363 0.15 0.0819178
2364 0.1 0.0688247
2365 0.1 0.0688247
2366 0.1 0.0688247
2367 0.05 0.05
2368 0.15 0.0819178
2369 0.15 0.0819178
2370 0.1 0.0688247
2371 0.1 0.0688247
2372 0.05 0.05
2373 0 0
2374 0.1 0.1
2375 0.15 0.109424
2376 0.2 0.137649
2377 0.3 0.163836
2378 0.3 0.163836
2379 0.25 0.14281
2380 0.15 0.109424
2381 0.15 0.109424
2382 0.15 0.109424
2383 0.15 0.109424
2384 0.15 0.109424
2385 0.2 0.11698
2386 0.15 0.109424
2387 0.2 0.11698
2388 0.25 0.12301
2389 0.25 0.12301
2390 0.35 0.131289
2391 0.4 0.133771
2392 0.4 0.133771
2393 0.35 0.131289
2394 0.35 0.131289
2395 0.55 0.169752
2396 0.4 0.152177
2397 0.5 0.153897
2398 0.5 0.153897
2399 0.45 0.153469
2400 0.3 0.127733
2401 0.3 0.127733
2402 0.2 0.11698
2403 0.15 0.109424
2404 0.3 0.146898
2405 0.4 0.168585
2406 0.4 0.168585
2407 0.35 0.15
2408 0.3 0.146898
2409 0.35 0.15
2410 0.2 0.0917663
2411 0.2 0.0917663
2412 0.2 0.0917663
2413 0.1 0.0688247
2414 0.1 0.0688247
2415 0.05 0.05
2416 0.05 0.05
2417 0.05 0.05
2418 0.05 0.05
2419 0.1 0.0688247
2420 0.15 0.0819178
2421 0.2 0.11698
2422 0.2 0.11698
2423 0.25 0.12301
2424 0.25 0.12301
2425 0.3 0.127733
2426 0.3 0.127733
2427 0.35 0.15
2428 0.3 0.127733
2429 0.25 0.12301
2430 0.25 0.0993399
2431 0.2 0.0917663
2432 0.25 0.0993399
2433 0.2 0.0917663
2434 0.15 0.0819178
2435 0.2 0.0917663
2436 0.2 0.0917663
2437 0.3 0.127733
2438 0.1 0.1
2439 0.05 0.05
2440 0.05 0.05
2441 0.05 0.05
2442 0.1 0.0688247
2443 0.15 0.0819178
2444 0.1 0.0688247
2445 0.1 0.0688247
2446 0.15 0.0819178
2447 0.05 0.05
2448 0.1 0.0688247
2449 0 0
2450 0 0
2451 0 0
2452 0 0
2453 0.05 0.05
2454 0.05 0.05
2455 0.15 0.0819178
2456 0.2 0.0917663
2457 0.2 0.0917663
2458 0.2 0.0917663
2459 0.2 0.0917663
2460 0.3 0.105131
2461 0.25 0.0993399
2462 0.25 0.0993399
2463 0.3 0.105131
2464 0.35 0.131289
2465 0.4 0.133771
2466 0.45 0.135239
2467 0.4 0.133771
2468 0.4 0.168585
2469 0.4 0.183533
2470 0.3 0.105131
2471 0.3 0.105131
2472 0.3 0.105131
2473 0.3 0.105131
2474 0.3 0.105131
2475 0.5 0.153897
2476 0.4 0.152177
2477 0.35 0.131289
2478 0.3 0.127733
2479 0.3 0.127733
2480 0.25 0.0993399
2481 0.25 0.0993399
2482 0.3 0.127733
2483 0.3 0.105131
2484 0.3 0.105131
2485 0.3 0.105131
2486 0.2 0.0917663
2487 0.2 0.0917663
2488 0.3 0.127733
2489 0.4 0.152177
2490 0.4 0.152177
2491 0.3 0.127733
2492 0.3 0.105131
2493 0.25 0.0993399
2494 0.25 0.0993399
2495 0.25 0.12301
2496 0.3 0.127733
2497 0.25 0.0993399
2498 0.25 0.0993399
2499 0.25 0.0993399
2500 0.2 0.0917663
2501 0.2 0.0917663
2502 0.2 0.0917663
2503 0.2 0.0917663
2504 0.25 0.0993399
2505 0.3 0.105131
2506 0.2 0.0917663
2507 0.2 0.0917663
2508 0.2 0.0917663
2509 0.2 0.0917663
2510 0.2 0.0917663
2511 0.3 0.105131
2512 0.3 0.105131
2513 0.3 0.105131
2514 0.35 0.131289
2515 0.35 0.131289
2516 0.3 0.105131
2517 0.35 0.131289
2518 0.25 0.0993399
2519 0.3 0.105131
2520 0.25 0.0993399
2521 0.25 0.0993399
2522 0.25 0.0993399
2523 0.3 0.105131
2524 0.3 0.105131
2525 0.2 0.0917663
2526 0.15 0.0819178
2527 0.2 0.0917663
2528 0.25 0.0993399
2529 0.2 0.0917663
2530 0.2 0.0917663
2531 0.2 0.0917663
2532 0.2 0.0917663
2533 0.3 0.127733
2534 0.35 0.15
2535 0.3 0.127733
2536 0.35 0.131289
2537 0.45 0.153469
2538 0.4 0.133771
2539 0.45 0.153469
2540 0.4 0.152177
2541 0.45 0.153469
2542 0.4 0.152177
2543 0.4 0.152177
2544 0.4 0.133771
2545 0.25 0.12301
2546 0.2 0.0917663
2547 0.2 0.0917663
2548 0.2 0.0917663
2549 0.25 0.0993399
2550 0.25 0.0993399
2551 0.25 0.0993399
2552 0.3 0.127733
2553 0.2 0.11698
2554 0.2 0.11698
2555 0.2 0.11698
2556 0.25 0.160181
2557 0.25 0.12301
2558 0.3 0.127733
2559 0.35 0.131289
2560 0.25 0.0993399
2561 0.25 0.0993399
2562 0.25 0.0993399
2563 0.25 0.0993399
2564 0.25 0.0993399
2565 0.15 0.0819178
2566 0.15 0.0819178
2567 0.2 0.11698
2568 0.1 0.0688247
2569 0.1 0.0688247
2570 0.25 0.12301
2571 0.25 0.12301
2572 0.25 0.12301
2573 0.2 0.11698
2574 0.25 0.14281
2575 0.2 0.0917663
2576 0.2 0.0917663
2577 0.15 0.0819178
2578 0.15 0.0819178
2579 0.1 0.0688247
2580 0.2 0.0917663
2581 0.25 0.0993399
2582 0.25 0.12301
2583 0.15 0.0819178
2584 0.15 0.0819178
2585 0.15 0.0819178
2586 0.2 0.0917663
2587 0.2 0.0917663
2588 0.25 0.12301
2589 0.1 0.0688247
2590 0.2 0.0917663
2591 0.15 0.0819178
2592 0.15 0.0819178
2593 0.15 0.0819178
2594 0.15 0.0819178
2595 0.15 0.0819178
2596 0.15 0.0819178
2597 0.15 0.0819178
2598 0.15 0.0819178
2599 0.25 0.0993399
2600 0.15 0.0819178
2601 0.15 0.0819178
2602 0.15 0.0819178
2603 0.15 0.0819178
2604 0.15 0.0819178
2605 0.2 0.11698
2606 0.2 0.0917663
2607 0.25 0.12301
2608 0.3 0.146898
2609 0.25 0.12301
2610 0.35 0.181731
2611 0.25 0.12301
2612 0.3 0.127733
2613 0.35 0.131289
2614 0.35 0.131289
2615 0.35 0.131289
2616 0.35 0.131289
2617 0.45 0.153469
2618 0.25 0.12301
2619 0.3 0.127733
2620 0.25 0.12301
2621 0.2 0.0917663
2622 0.2 0.0917663
2623 0.15 0.0819178
2624 0.15 0.0819178
2625 0.25 0.0993399
2626 0.2 0.0917663
2627 0.2 0.0917663
2628 0.25 0.0993399
2629 0.25 0.0993399
2630 0.25 0.0993399
2631 0.2 0.0917663
2632 0.25 0.0993399
2633 0.25 0.0993399
2634 0.25 0.0993399
2635 0.2 0.0917663
2636 0.25 0.12301
2637 0.25 0.12301
2638 0.25 0.12301
2639 0.15 0.0819178
2640 0.25 0.0993399
2641 0.2 0.0917663
2642 0.2 0.0917663
2643 0.2 0.0917663
2644 0.2 0.0917663
2645 0.2 0.0917663
2646 0.2 0.0917663
2647 0.25 0.0993399
2648 0.2 0.0917663
2649 0.15 0.0819178
2650 0.15 0.0819178
2651 0.15 0.0819178
2652 0.15 0.0819178
2653 0.15 0.0819178
2654 0.2 0.0917663
2655 0.25 0.0993399
2656 0.3 0.105131
2657 0.3 0.105131
2658 0.25 0.0993399
2659 0.15 0.0819178
2660 0.1 0.0688247
2661 0.1 0.0688247
2662 0.1 0.0688247
2663 0.2 0.0917663
2664 0.25 0.0993399
2665 0.2 0.0917663
2666 0.4 0.152177
2667 0.45 0.153469
