0 0 0
1 2.45 0.38027
2 1.8 0.295581
3 1.45 0.320156
4 0.9 0.228266
5 0.65 0.195677
6 0.35 0.109424
7 0.25 0.0993399
8 0.25 0.0993399
9 0.25 0.0993399
10 0.15 0.0819178
11 0.2 0.0917663
12 0.15 0.0819178
13 0.15 0.109424
14 0.15 0.109424
15 0.15 0.109424
16 0.1 0.0688247
17 0.1 0.0688247
18 0.1 0.0688247
19 0.2 0.0917663
20 0.25 0.12301
21 0.25 0.0993399
22 0.15 0.0819178
23 0.1 0.0688247
24 0.1 0.0688247
25 0.1 0.0688247
26 0.1 0.0688247
27 0.1 0.0688247
28 0.05 0.05
29 0.15 0.0819178
30 0.15 0.0819178
31 0.15 0.0819178
32 0.25 0.12301
33 0.15 0.0819178
34 0.1 0.0688247
35 0.15 0.0819178
36 0.15 0.0819178
37 0.1 0.1
38 0.05 0.05
39 0.2 0.0917663
40 0.1 0.0688247
41 0.15 0.0819178
42 0.15 0.0819178
43 0.15 0.0819178
44 0.1 0.0688247
45 0.1 0.1
46 0.1 0.0688247
47 0.1 0.0688247
48 0.1 0.0688247
49 0.05 0.05
50 0.15 0.0819178
51 0.1 0.0688247
52 0.1 0.0688247
53 0.15 0.109424
54 0.25 0.12301
55 0.3 0.127733
56 0.3 0.105131
57 0.25 0.0993399
58 0.25 0.0993399
59 0.15 0.0819178
60 0.1 0.0688247
61 0.1 0.0688247
62 0.15 0.0819178
63 0.05 0.05
64 0.05 0.05
65 0 0
66 0.1 0.0688247
67 0.05 0.05
68 0.1 0.0688247
69 0.1 0.0688247
70 0.2 0.0917663
71 0.15 0.0819178
72 0.15 0.0819178
73 0.15 0.0819178
74 0.05 0.05
75 0.15 0.0819178
76 0.2 0.0917663
77 0.2 0.0917663
78 0.15 0.0819178
79 0.1 0.0688247
80 0.2 0.0917663
81 0.25 0.0993399
82 0.25 0.0993399
83 0.3 0.105131
84 0.45 0.153469
85 0.2 0.0917663
86 0.3 0.105131
87 0.35 0.131289
88 0.25 0.12301
89 0.25 0.12301
90 0.25 0.12301
91 0.4 0.152177
92 0.25 0.12301
93 0.2 0.0917663
94 0.2 0.0917663
95 0.1 0.1
96 0.1 0.0688247
97 0.1 0.0688247
98 0.1 0.0688247
99 0.1 0.0688247
100 0.05 0.05
101 0.05 0.05
102 0.1 0.1
103 0.1 0.1
104 0.1 0.0688247
105 0.15 0.0819178
106 0.15 0.0819178
107 0.1 0.0688247
108 0.1 0.0688247
109 0.05 0.05
110 0.15 0.0819178
111 0.15 0.0819178
112 0.25 0.0993399
113 0.15 0.0819178
114 0.2 0.0917663
115 0.25 0.0993399
116 0.3 0.105131
117 0.15 0.0819178
118 0.15 0.0819178
119 0.15 0.0819178
120 0.15 0.0819178
121 0.25 0.0993399
122 0.25 0.0993399
123 0.25 0.0993399
124 0.25 0.0993399
125 0.2 0.0917663
126 0.25 0.0993399
127 0.15 0.0819178
128 0.2 0.0917663
129 0.2 0.0917663
130 0.25 0.0993399
131 0.15 0.0819178
132 0.15 0.0819178
133 0.25 0.12301
134 0.15 0.0819178
135 0.2 0.0917663
136 0.15 0.0819178
137 0.2 0.0917663
138 0.15 0.0819178
139 0.15 0.0819178
140 0.25 0.0993399
141 0.25 0.0993399
142 0.15 0.0819178
143 0.15 0.0819178
144 0.25 0.12301
145 0.25 0.12301
146 0.3 0.127733
147 0.15 0.0819178
148 0.15 0.0819178
149 0.25 0.0993399
150 0.25 0.0993399
151 0.25 0.0993399
152 0.2 0.0917663
153 0.15 0.0819178
154 0.2 0.0917663
155 0.25 0.12301
156 0.15 0.109424
157 0.3 0.146898
158 0.2 0.11698
159 0.3 0.127733
160 0.45 0.153469
161 0.5 0.170139
162 0.2 0.0917663
163 0.15 0.0819178
164 0.1 0.0688247
165 0.1 0.0688247
166 0.15 0.109424
167 0.35 0.166623
168 0.2 0.11698
169 0.2 0.11698
170 0.15 0.109424
171 0.35 0.15
172 0.25 0.12301
173 0.35 0.15
174 0.25 0.12301
175 0.1 0.0688247
176 0.1 0.0688247
177 0.15 0.0819178
178 0.2 0.0917663
179 0.15 0.0819178
180 0.2 0.0917663
181 0.45 0.153469
182 0.35 0.131289
183 0.35 0.109424
184 0.2 0.0917663
185 0.15 0.0819178
186 0.25 0.0993399
187 0.35 0.131289
188 0.25 0.0993399
189 0.2 0.0917663
190 0.2 0.0917663
191 0.3 0.105131
192 0.2 0.0917663
193 0.2 0.0917663
194 0.3 0.105131
195 0.25 0.0993399
196 0.25 0.12301
197 0.15 0.0819178
198 0.2 0.11698
199 0.25 0.12301
200 0.2 0.0917663
201 0.25 0.0993399
202 0.45 0.135239
203 0.3 0.105131
204 0.3 0.146898
205 0.35 0.15
206 0.3 0.127733
207 0.25 0.12301
208 0.15 0.0819178
209 0.1 0.0688247
210 0.2 0.0917663
211 0.2 0.11698
212 0.25 0.12301
213 0.2 0.11698
214 0.15 0.0819178
215 0.15 0.0819178
216 0.25 0.0993399
217 0.25 0.0993399
218 0.25 0.0993399
219 0.15 0.0819178
220 0.1 0.0688247
221 0 0
222 0 0
223 0.05 0.05
224 0.1 0.0688247
225 0.1 0.0688247
226 0.1 0.0688247
227 0.1 0.0688247
228 0.1 0.0688247
229 0.15 0.0819178
230 0.15 0.0819178
231 0.25 0.12301
232 0.15 0.109424
233 0.15 0.109424
234 0.2 0.155597
235 0.25 0.160181
236 0.25 0.12301
237 0.3 0.127733
238 0.15 0.0819178
239 0.05 0.05
240 0.05 0.05
241 0.05 0.05
242 0.05 0.05
243 0.05 0.05
244 0.1 0.0688247
245 0.05 0.05
246 0.2 0.11698
247 0.25 0.0993399
248 0.15 0.0819178
249 0.25 0.0993399
250 0.15 0.0819178
251 0.15 0.0819178
252 0.15 0.0819178
253 0.15 0.0819178
254 0.2 0.0917663
255 0.3 0.146898
256 0.2 0.11698
257 0.15 0.0819178
258 0.15 0.0819178
259 0.2 0.11698
260 0.2 0.11698
261 0.1 0.0688247
262 0.1 0.0688247
263 0.1 0.0688247
264 0.05 0.05
265 0.2 0.0917663
266 0.2 0.0917663
267 0.3 0.105131
268 0.4 0.133771
269 0.3 0.105131
270 0.25 0.0993399
271 0.35 0.131289
272 0.3 0.105131
273 0.1 0.0688247
274 0.05 0.05
275 0.1 0.0688247
276 0.1 0.0688247
277 0.15 0.0819178
278 0.25 0.12301
279 0.25 0.12301
280 0.3 0.127733
281 0.05 0.05
282 0.1 0.0688247
283 0.2 0.0917663
284 0.2 0.0917663
285 0.1 0.0688247
286 0.1 0.0688247
287 0.2 0.11698
288 0.15 0.0819178
289 0.2 0.0917663
290 0.2 0.11698
291 0.15 0.0819178
292 0.15 0.0819178
293 0.15 0.0819178
294 0.1 0.0688247
295 0.15 0.0819178
296 0.15 0.109424
297 0.15 0.0819178
298 0.25 0.12301
299 0.25 0.0993399
300 0.25 0.0993399
301 0.3 0.105131
302 0.25 0.0993399
303 0.25 0.0993399
304 0.3 0.105131
305 0.4 0.133771
306 0.35 0.131289
307 0.45 0.135239
308 0.4 0.133771
309 0.45 0.135239
310 0.3 0.127733
311 0.25 0.0993399
312 0.3 0.127733
313 0.4 0.152177
314 0.4 0.152177
315 0.35 0.15
316 0.25 0.12301
317 0.15 0.0819178
318 0.1 0.0688247
319 0.15 0.0819178
320 0.2 0.11698
321 0.35 0.15
322 0.25 0.0993399
323 0.25 0.0993399
324 0.2 0.0917663
325 0.25 0.0993399
326 0.25 0.0993399
327 0.3 0.105131
328 0.3 0.105131
329 0.3 0.127733
330 0.3 0.105131
331 0.3 0.127733
332 0.3 0.127733
333 0.25 0.0993399
334 0.3 0.105131
335 0.35 0.131289
336 0.3 0.127733
337 0.25 0.0993399
338 0.25 0.0993399
339 0.25 0.0993399
340 0.25 0.0993399
341 0.2 0.0917663
342 0.2 0.0917663
343 0.25 0.12301
344 0.25 0.12301
345 0.2 0.155597
346 0.15 0.109424
347 0.1 0.0688247
348 0.1 0.0688247
349 0.15 0.0819178
350 0.15 0.0819178
351 0.15 0.0819178
352 0.05 0.05
353 0.1 0.0688247
354 0.05 0.05
355 0.05 0.05
356 0.05 0.05
357 0.15 0.0819178
358 0.15 0.0819178
359 0.15 0.0819178
360 0.05 0.05
361 0.1 0.0688247
362 0.1 0.0688247
363 0.2 0.0917663
364 0.2 0.0917663
365 0.25 0.12301
366 0.25 0.0993399
367 0.25 0.0993399
368 0.25 0.0993399
369 0.25 0.0993399
370 0.45 0.153469
371 0.5 0.153897
372 0.45 0.135239
373 0.45 0.135239
374 0.3 0.105131
375 0.25 0.0993399
376 0.15 0.0819178
377 0.2 0.0917663
378 0.2 0.0917663
379 0.15 0.0819178
380 0.1 0.0688247
381 0.1 0.0688247
382 0.05 0.05
383 0.1 0.0688247
384 0.2 0.0917663
385 0.25 0.12301
386 0.25 0.0993399
387 0.2 0.0917663
388 0.25 0.0993399
389 0.2 0.0917663
390 0.2 0.0917663
391 0.3 0.105131
392 0.4 0.152177
393 0.4 0.152177
394 0.25 0.0993399
395 0.2 0.11698
396 0.15 0.109424
397 0.1 0.1
398 0.1 0.1
399 0.1 0.0688247
400 0.1 0.0688247
401 0.15 0.0819178
402 0.1 0.0688247
403 0.15 0.0819178
404 0.15 0.0819178
405 0.1 0.0688247
406 0.1 0.0688247
407 0.1 0.0688247
408 0.1 0.0688247
409 0.1 0.0688247
410 0.05 0.05
411 0.05 0.05
412 0.05 0.05
413 0.05 0.05
414 0.05 0.05
415 0.05 0.05
416 0.1 0.0688247
417 0.1 0.0688247
418 0.1 0.0688247
419 0.1 0.0688247
420 0.1 0.0688247
421 0.1 0.0688247
422 0.05 0.05
423 0.05 0.05
424 0.05 0.05
425 0.1 0.0688247
426 0.1 0.0688247
427 0.15 0.0819178
428 0.15 0.0819178
429 0.2 0.0917663
430 0.2 0.0917663
431 0.15 0.0819178
432 0.15 0.0819178
433 0.2 0.0917663
434 0.2 0.0917663
435 0.2 0.0917663
436 0.2 0.0917663
437 0.1 0.0688247
438 0.1 0.0688247
439 0.15 0.0819178
440 0.25 0.0993399
441 0.25 0.0993399
442 0.2 0.0917663
443 0.2 0.0917663
444 0.15 0.0819178
445 0.1 0.0688247
446 0.05 0.05
447 0.2 0.11698
448 0.25 0.12301
449 0.3 0.127733
450 0.35 0.15
451 0.45 0.169752
452 0.35 0.15
453 0.3 0.127733
454 0.25 0.12301
455 0.25 0.12301
456 0.2 0.0917663
457 0.2 0.0917663
458 0.15 0.0819178
459 0.3 0.105131
460 0.35 0.109424
461 0.25 0.0993399
462 0.25 0.0993399
463 0.2 0.0917663
464 0.2 0.0917663
465 0.15 0.0819178
466 0.15 0.0819178
467 0.2 0.0917663
468 0.15 0.0819178
469 0.2 0.11698
470 0.15 0.0819178
471 0.1 0.0688247
472 0.15 0.0819178
473 0.15 0.0819178
474 0.2 0.0917663
475 0.3 0.127733
476 0.25 0.12301
477 0.35 0.15
478 0.2 0.11698
479 0.35 0.131289
480 0.35 0.109424
481 0.3 0.105131
482 0.2 0.0917663
483 0.3 0.146898
484 0.2 0.11698
485 0.3 0.127733
486 0.35 0.131289
487 0.3 0.105131
488 0.35 0.131289
489 0.45 0.153469
490 0.2 0.0917663
491 0.2 0.0917663
492 0.2 0.11698
493 0.5 0.153897
494 0.3 0.105131
495 0.3 0.105131
496 0.2 0.0917663
497 0.25 0.0993399
498 0.3 0.127733
499 0.3 0.127733
500 0.3 0.127733
501 0.15 0.0819178
502 0.15 0.0819178
503 0.2 0.0917663
504 0.15 0.0819178
505 0.2 0.0917663
506 0.2 0.11698
507 0.15 0.0819178
508 0.15 0.0819178
509 0.2 0.0917663
510 0.2 0.0917663
511 0.15 0.0819178
512 0.25 0.0993399
513 0.35 0.131289
514 0.25 0.12301
515 0.3 0.127733
516 0.2 0.0917663
517 0.15 0.0819178
518 0.1 0.0688247
519 0.2 0.0917663
520 0.1 0.0688247
521 0.1 0.0688247
522 0.15 0.0819178
523 0.15 0.0819178
524 0.15 0.0819178
525 0.15 0.0819178
526 0.1 0.0688247
527 0.15 0.0819178
528 0.15 0.0819178
529 0.2 0.0917663
530 0.25 0.0993399
531 0.2 0.0917663
532 0.1 0.0688247
533 0.2 0.0917663
534 0.2 0.0917663
535 0.2 0.11698
536 0.2 0.11698
537 0.25 0.14281
538 0.2 0.137649
539 0.05 0.05
540 0.2 0.0917663
541 0.25 0.0993399
542 0.4 0.133771
543 0.35 0.131289
544 0.3 0.105131
545 0.35 0.109424
546 0.6 0.133771
547 0.45 0.135239
548 0.4 0.133771
549 0.4 0.133771
550 0.25 0.12301
551 0.2 0.11698
552 0.25 0.12301
553 0.3 0.127733
554 0.4 0.133771
555 0.35 0.109424
556 0.35 0.109424
557 0.3 0.105131
558 0.25 0.0993399
559 0.35 0.109424
560 0.35 0.109424
561 0.25 0.0993399
562 0.2 0.0917663
563 0.1 0.0688247
564 0.15 0.0819178
565 0.2 0.0917663
566 0.2 0.0917663
567 0.15 0.0819178
568 0.25 0.12301
569 0.15 0.0819178
570 0.15 0.0819178
571 0.2 0.0917663
572 0.25 0.12301
573 0.25 0.12301
574 0.15 0.109424
575 0.15 0.109424
576 0.15 0.109424
577 0.25 0.12301
578 0.2 0.11698
579 0.15 0.109424
580 0.2 0.11698
581 0.2 0.11698
582 0.25 0.12301
583 0.3 0.127733
584 0.3 0.105131
585 0.4 0.133771
586 0.4 0.133771
587 0.25 0.0993399
588 0.2 0.0917663
589 0.2 0.0917663
590 0.2 0.0917663
591 0.2 0.0917663
592 0.2 0.11698
593 0.15 0.0819178
594 0.05 0.05
595 0.1 0.0688247
596 0.1 0.0688247
597 0.1 0.0688247
598 0.1 0.0688247
599 0.1 0.0688247
600 0.15 0.0819178
601 0.15 0.0819178
602 0.1 0.0688247
603 0.2 0.11698
604 0.2 0.0917663
605 0.15 0.0819178
606 0.1 0.0688247
607 0.1 0.0688247
608 0.1 0.0688247
609 0.1 0.0688247
610 0.15 0.0819178
611 0.1 0.0688247
612 0 0
613 0 0
614 0.05 0.05
615 0.05 0.05
616 0.1 0.0688247
617 0.1 0.0688247
618 0.15 0.0819178
619 0.15 0.0819178
620 0.15 0.0819178
621 0.2 0.0917663
622 0.2 0.0917663
623 0.2 0.0917663
624 0.2 0.0917663
625 0.25 0.0993399
626 0.2 0.0917663
627 0.15 0.0819178
628 0.2 0.0917663
629 0.35 0.15
630 0.35 0.15
631 0.25 0.14281
632 0.25 0.14281
633 0.3 0.146898
634 0.2 0.11698
635 0.15 0.0819178
636 0.2 0.11698
637 0.15 0.0819178
638 0.15 0.0819178
639 0.3 0.105131
640 0.3 0.127733
641 0.2 0.0917663
642 0.25 0.0993399
643 0.25 0.0993399
644 0.3 0.105131
645 0.25 0.0993399
646 0.2 0.0917663
647 0.1 0.0688247
648 0.15 0.0819178
649 0.15 0.0819178
650 0.1 0.0688247
651 0.15 0.0819178
652 0.2 0.0917663
653 0.3 0.127733
654 0.3 0.127733
655 0.2 0.0917663
656 0.2 0.11698
657 0.15 0.109424
658 0.2 0.11698
659 0.25 0.12301
660 0.4 0.152177
661 0.4 0.152177
662 0.35 0.131289
663 0.35 0.131289
664 0.25 0.12301
665 0.3 0.127733
666 0.25 0.0993399
667 0.25 0.0993399
668 0.25 0.0993399
669 0.25 0.0993399
670 0.25 0.0993399
671 0.35 0.131289
672 0.3 0.105131
673 0.2 0.0917663
674 0.15 0.0819178
675 0.15 0.0819178
676 0.1 0.0688247
677 0.15 0.0819178
678 0.1 0.0688247
679 0.2 0.0917663
680 0.2 0.0917663
681 0.2 0.0917663
682 0.3 0.105131
683 0.3 0.105131
684 0.35 0.109424
685 0.3 0.105131
686 0.3 0.105131
687 0.25 0.0993399
688 0.25 0.0993399
689 0.25 0.0993399
690 0.2 0.0917663
691 0.15 0.109424
692 0.2 0.11698
693 0.25 0.160181
694 0.2 0.155597
695 0.3 0.163836
696 0.2 0.0917663
697 0.2 0.0917663
698 0.2 0.0917663
699 0.15 0.0819178
700 0.15 0.0819178
701 0.15 0.0819178
702 0.15 0.0819178
703 0.2 0.0917663
704 0.2 0.0917663
705 0.25 0.0993399
706 0.25 0.0993399
707 0.3 0.105131
708 0.3 0.105131
709 0.3 0.105131
710 0.25 0.0993399
711 0.2 0.0917663
712 0.15 0.0819178
713 0.15 0.0819178
714 0.1 0.0688247
715 0.25 0.12301
716 0.25 0.0993399
717 0.15 0.0819178
718 0.25 0.12301
719 0.2 0.11698
720 0.2 0.11698
721 0.2 0.11698
722 0.2 0.11698
723 0.25 0.12301
724 0.2 0.11698
725 0.15 0.0819178
726 0.15 0.0819178
727 0.1 0.0688247
728 0.15 0.0819178
729 0.15 0.0819178
730 0.1 0.0688247
731 0.15 0.0819178
732 0.2 0.0917663
733 0.25 0.12301
734 0.25 0.12301
735 0.3 0.146898
736 0.35 0.131289
737 0.3 0.127733
738 0.3 0.146898
739 0.25 0.14281
740 0.25 0.12301
741 0.3 0.127733
742 0.25 0.12301
743 0.25 0.12301
744 0.25 0.0993399
745 0.3 0.105131
746 0.3 0.105131
747 0.15 0.0819178
748 0.15 0.0819178
749 0.1 0.0688247
750 0.1 0.0688247
751 0.05 0.05
752 0.05 0.05
753 0.15 0.0819178
754 0.1 0.0688247
755 0.1 0.0688247
756 0.1 0.0688247
757 0.05 0.05
758 0.05 0.05
759 0.1 0.0688247
760 0.1 0.0688247
761 0.05 0.05
762 0.15 0.0819178
763 0.1 0.0688247
764 0.15 0.0819178
765 0.15 0.0819178
766 0.15 0.0819178
767 0.2 0.0917663
768 0.25 0.0993399
769 0.3 0.105131
770 0.15 0.0819178
771 0.15 0.0819178
772 0.15 0.0819178
773 0.2 0.0917663
774 0.3 0.105131
775 0.3 0.105131
776 0.25 0.0993399
777 0.3 0.105131
778 0.3 0.105131
779 0.25 0.0993399
780 0.25 0.0993399
781 0.3 0.105131
782 0.3 0.163836
783 0.3 0.163836
784 0.25 0.160181
785 0.35 0.166623
786 0.35 0.166623
787 0.3 0.163836
788 0.4 0.168585
789 0.4 0.133771
790 0.3 0.127733
791 0.45 0.169752
792 0.5 0.170139
793 0.2 0.0917663
794 0.2 0.11698
795 0.2 0.11698
796 0.25 0.12301
797 0.3 0.127733
798 0.2 0.0917663
799 0.2 0.0917663
800 0.2 0.0917663
801 0.15 0.0819178
802 0.2 0.0917663
803 0.25 0.0993399
804 0.25 0.0993399
805 0.2 0.0917663
806 0.35 0.109424
807 0.2 0.0917663
808 0.1 0.0688247
809 0.1 0.0688247
810 0.15 0.0819178
811 0.15 0.0819178
812 0.25 0.0993399
813 0.3 0.146898
814 0.2 0.11698
815 0.2 0.11698
816 0.25 0.12301
817 0.3 0.127733
818 0.25 0.12301
819 0.25 0.12301
820 0.35 0.131289
821 0.3 0.127733
822 0.35 0.131289
823 0.35 0.131289
824 0.3 0.127733
825 0.3 0.127733
826 0.25 0.12301
827 0.25 0.12301
828 0.25 0.12301
829 0.3 0.127733
830 0.3 0.127733
831 0.3 0.105131
832 0.25 0.0993399
833 0.3 0.105131
834 0.3 0.105131
835 0.2 0.0917663
836 0.2 0.0917663
837 0.15 0.109424
838 0.05 0.05
839 0.1 0.0688247
840 0.1 0.0688247
841 0 0
842 0 0
843 0.05 0.05
844 0.05 0.05
845 0.1 0.0688247
846 0.15 0.109424
847 0.1 0.1
848 0.15 0.109424
849 0.15 0.109424
850 0.1 0.1
851 0.15 0.109424
852 0.15 0.109424
853 0.2 0.11698
854 0.25 0.12301
855 0.3 0.127733
856 0.2 0.0917663
857 0.15 0.0819178
858 0.15 0.0819178
859 0.15 0.0819178
860 0.2 0.0917663
861 0.15 0.0819178
862 0.15 0.0819178
863 0.1 0.0688247
864 0.15 0.0819178
865 0.1 0.0688247
866 0.1 0.0688247
867 0.1 0.0688247
868 0.2 0.0917663
869 0.25 0.0993399
870 0.25 0.0993399
871 0.25 0.0993399
872 0.35 0.131289
873 0.4 0.133771
874 0.35 0.131289
875 0.15 0.0819178
876 0.2 0.0917663
877 0.25 0.0993399
878 0.2 0.0917663
879 0.15 0.0819178
880 0.25 0.12301
881 0.3 0.127733
882 0.3 0.127733
883 0.25 0.0993399
884 0.4 0.152177
885 0.3 0.127733
886 0.25 0.12301
887 0.3 0.146898
888 0.25 0.0993399
889 0.25 0.0993399
890 0.15 0.0819178
891 0.1 0.0688247
892 0.05 0.05
893 0.1 0.0688247
894 0.1 0.0688247
895 0.1 0.0688247
896 0.05 0.05
897 0.1 0.0688247
898 0.1 0.0688247
899 0.1 0.0688247
900 0.25 0.0993399
901 0.25 0.0993399
902 0.25 0.0993399
903 0.3 0.105131
904 0.3 0.105131
905 0.15 0.0819178
906 0.15 0.0819178
907 0.1 0.0688247
908 0.15 0.0819178
909 0.1 0.0688247
910 0.05 0.05
911 0.1 0.0688247
912 0.1 0.0688247
913 0.15 0.0819178
914 0.1 0.0688247
915 0.1 0.0688247
916 0.15 0.0819178
917 0.15 0.0819178
918 0.3 0.127733
919 0.25 0.12301
920 0.3 0.127733
921 0.25 0.12301
922 0.3 0.127733
923 0.15 0.0819178
924 0.15 0.0819178
925 0.15 0.0819178
926 0.25 0.0993399
927 0.2 0.0917663
928 0.3 0.127733
929 0.35 0.208693
930 0.2 0.11698
931 0.15 0.109424
932 0.15 0.0819178
933 0.25 0.0993399
934 0.25 0.0993399
935 0.25 0.0993399
936 0.25 0.0993399
937 0.2 0.0917663
938 0.25 0.12301
939 0.2 0.11698
940 0.25 0.12301
941 0.35 0.131289
942 0.3 0.105131
943 0.3 0.105131
944 0.2 0.0917663
945 0.1 0.0688247
946 0.1 0.0688247
947 0.1 0.0688247
948 0.15 0.109424
949 0.3 0.146898
950 0.2 0.0917663
951 0.3 0.146898
952 0.15 0.109424
953 0.1 0.0688247
954 0.1 0.0688247
955 0.1 0.0688247
956 0.1 0.0688247
957 0.25 0.12301
958 0.35 0.131289
959 0.2 0.0917663
960 0.25 0.0993399
961 0.25 0.0993399
962 0.25 0.12301
963 0.15 0.0819178
964 0.2 0.0917663
965 0.2 0.0917663
966 0.2 0.0917663
967 0.3 0.105131
968 0.2 0.0917663
969 0.25 0.0993399
970 0.2 0.0917663
971 0.2 0.0917663
972 0.3 0.105131
973 0.3 0.127733
974 0.25 0.0993399
975 0.25 0.0993399
976 0.2 0.0917663
977 0.25 0.0993399
978 0.3 0.105131
979 0.3 0.105131
980 0.2 0.0917663
981 0.2 0.0917663
982 0.2 0.0917663
983 0.2 0.0917663
984 0.25 0.0993399
985 0.4 0.133771
986 0.4 0.133771
987 0.4 0.133771
988 0.3 0.105131
989 0.2 0.0917663
990 0.15 0.0819178
991 0.15 0.0819178
992 0.15 0.0819178
993 0.2 0.11698
994 0.05 0.05
995 0.05 0.05
996 0 0
997 0 0
998 0.05 0.05
999 0.1 0.0688247
1000 0.15 0.0819178
1001 0.1 0.0688247
1002 0.1 0.1
1003 0.1 0.1
1004 0.1 0.1
1005 0.1 0.0688247
1006 0.1 0.0688247
1007 0.15 0.0819178
1008 0.1 0.0688247
1009 0.05 0.05
1010 0.05 0.05
1011 0.1 0.0688247
1012 0.1 0.0688247
1013 0.05 0.05
1014 0.1 0.0688247
1015 0.15 0.0819178
1016 0.1 0.0688247
1017 0.1 0.0688247
1018 0.1 0.0688247
1019 0.05 0.05
1020 0.05 0.05
1021 0.1 0.0688247
1022 0.25 0.12301
1023 0.25 0.12301
1024 0.25 0.12301
1025 0.2 0.11698
1026 0.1 0.0688247
1027 0.05 0.05
1028 0.05 0.05
1029 0.05 0.05
1030 0.05 0.05
1031 0.1 0.0688247
1032 0.1 0.0688247
1033 0.1 0.0688247
1034 0.1 0.0688247
1035 0.05 0.05
1036 0.1 0.0688247
1037 0.1 0.0688247
1038 0.1 0.0688247
1039 0.1 0.0688247
1040 0.1 0.0688247
1041 0.1 0.0688247
1042 0.1 0.0688247
1043 0.15 0.109424
1044 0.1 0.0688247
1045 0.1 0.0688247
1046 0.2 0.0917663
1047 0.25 0.0993399
1048 0.25 0.0993399
1049 0.35 0.109424
1050 0.35 0.109424
1051 0.35 0.131289
1052 0.3 0.127733
1053 0.3 0.127733
1054 0.4 0.133771
1055 0.35 0.109424
1056 0.25 0.0993399
1057 0.25 0.0993399
1058 0.3 0.105131
1059 0.2 0.0917663
1060 0.2 0.0917663
1061 0.1 0.0688247
1062 0.15 0.0819178
1063 0.2 0.0917663
1064 0.2 0.0917663
1065 0.2 0.0917663
1066 0.3 0.105131
1067 0.35 0.109424
1068 0.35 0.109424
1069 0.2 0.0917663
1070 0.2 0.0917663
1071 0.25 0.0993399
1072 0.2 0.0917663
1073 0.15 0.0819178
1074 0.1 0.1
1075 0.1 0.0688247
1076 0.1 0.0688247
1077 0.1 0.0688247
1078 0.1 0.1
1079 0.15 0.109424
1080 0.15 0.109424
1081 0.15 0.0819178
1082 0.15 0.0819178
1083 0.15 0.0819178
1084 0.25 0.0993399
1085 0.2 0.0917663
1086 0.2 0.0917663
1087 0.3 0.127733
1088 0.35 0.131289
1089 0.2 0.0917663
1090 0.2 0.0917663
1091 0.2 0.0917663
1092 0.25 0.0993399
1093 0.3 0.127733
1094 0.4 0.168585
1095 0.3 0.127733
1096 0.25 0.12301
1097 0.15 0.0819178
1098 0.1 0.0688247
1099 0.1 0.0688247
1100 0.1 0.0688247
1101 0.15 0.0819178
1102 0.05 0.05
1103 0.05 0.05
1104 0.1 0.0688247
1105 0.15 0.0819178
1106 0.2 0.0917663
1107 0.25 0.12301
1108 0.25 0.12301
1109 0.2 0.11698
1110 0.15 0.0819178
1111 0.2 0.0917663
1112 0.1 0.0688247
1113 0.1 0.0688247
1114 0.15 0.0819178
1115 0.15 0.0819178
1116 0.2 0.11698
1117 0.25 0.12301
1118 0.25 0.12301
1119 0.2 0.0917663
1120 0.1 0.0688247
1121 0.1 0.0688247
1122 0.1 0.0688247
1123 0.2 0.0917663
1124 0.25 0.12301
1125 0.1 0.0688247
1126 0.15 0.0819178
1127 0.15 0.0819178
1128 0.25 0.12301
1129 0.2 0.0917663
1130 0.2 0.0917663
1131 0.2 0.0917663
1132 0.2 0.0917663
1133 0.05 0.05
1134 0.05 0.05
1135 0.2 0.137649
1136 0.2 0.137649
1137 0.25 0.14281
1138 0.15 0.109424
1139 0.15 0.0819178
1140 0.25 0.0993399
1141 0.2 0.0917663
1142 0.25 0.0993399
1143 0.3 0.105131
1144 0.3 0.105131
1145 0.15 0.0819178
1146 0.25 0.12301
1147 0.25 0.12301
1148 0.2 0.0917663
1149 0.15 0.0819178
1150 0.2 0.0917663
1151 0.15 0.0819178
1152 0.1 0.0688247
1153 0.1 0.0688247
1154 0.15 0.109424
1155 0.25 0.12301
1156 0.35 0.131289
1157 0.15 0.0819178
1158 0.1 0.0688247
1159 0.25 0.12301
1160 0.25 0.0993399
1161 0.25 0.12301
1162 0.25 0.12301
1163 0.15 0.0819178
1164 0.15 0.0819178
1165 0.2 0.0917663
1166 0.1 0.0688247
1167 0.1 0.0688247
1168 0.1 0.1
1169 0.1 0.1
1170 0.05 0.05
1171 0.05 0.05
1172 0.05 0.05
1173 0 0
1174 0 0
1175 0 0
1176 0 0
1177 0.05 0.05
1178 0.2 0.11698
1179 0.25 0.12301
1180 0.2 0.11698
1181 0.3 0.146898
1182 0.15 0.109424
1183 0.2 0.11698
1184 0.15 0.109424
1185 0.25 0.12301
1186 0.25 0.12301
1187 0.2 0.0917663
1188 0.15 0.0819178
1189 0.15 0.0819178
1190 0.15 0.0819178
1191 0.2 0.0917663
1192 0.15 0.0819178
1193 0.2 0.0917663
1194 0.2 0.0917663
1195 0.25 0.0993399
1196 0.45 0.135239
1197 0.35 0.131289
1198 0.25 0.0993399
1199 0.3 0.105131
1200 0.2 0.0917663
1201 0.2 0.0917663
1202 0.25 0.0993399
1203 0.2 0.0917663
1204 0.1 0.0688247
1205 0.1 0.0688247
1206 0.1 0.0688247
1207 0.1 0.0688247
1208 0.05 0.05
1209 0.05 0.05
1210 0.15 0.0819178
1211 0.2 0.0917663
1212 0.15 0.0819178
1213 0.15 0.0819178
1214 0.1 0.0688247
1215 0.15 0.0819178
1216 0.2 0.0917663
1217 0.15 0.0819178
1218 0.15 0.0819178
1219 0.1 0.0688247
1220 0.1 0.0688247
1221 0.05 0.05
1222 0.1 0.0688247
1223 0.1 0.0688247
1224 0.2 0.0917663
1225 0.15 0.0819178
1226 0.15 0.0819178
1227 0.15 0.0819178
1228 0.1 0.0688247
1229 0.15 0.0819178
1230 0.15 0.0819178
1231 0.1 0.0688247
1232 0.15 0.0819178
1233 0.1 0.0688247
1234 0.05 0.05
1235 0.05 0.05
1236 0.05 0.05
1237 0.1 0.0688247
1238 0.1 0.0688247
1239 0.25 0.0993399
1240 0.2 0.0917663
1241 0.25 0.12301
1242 0.15 0.109424
1243 0.2 0.11698
1244 0.25 0.12301
1245 0.1 0.0688247
1246 0.15 0.0819178
1247 0.1 0.0688247
1248 0.05 0.05
1249 0.15 0.0819178
1250 0.2 0.0917663
1251 0.15 0.0819178
1252 0.2 0.11698
1253 0.25 0.12301
1254 0.25 0.14281
1255 0.3 0.146898
1256 0.2 0.11698
1257 0.05 0.05
1258 0.05 0.05
1259 0.15 0.0819178
1260 0.2 0.0917663
1261 0.15 0.0819178
1262 0.1 0.0688247
1263 0.05 0.05
1264 0.1 0.0688247
1265 0.15 0.109424
1266 0.2 0.137649
1267 0.25 0.14281
1268 0.25 0.14281
1269 0.25 0.14281
1270 0.2 0.11698
1271 0.3 0.163836
1272 0.3 0.163836
1273 0.4 0.152177
1274 0.35 0.131289
1275 0.35 0.131289
1276 0.3 0.127733
1277 0.3 0.127733
1278 0.3 0.127733
1279 0.25 0.0993399
1280 0.15 0.0819178
1281 0.05 0.05
1282 0.1 0.0688247
1283 0.05 0.05
1284 0.05 0.05
1285 0.05 0.05
1286 0.05 0.05
1287 0.1 0.0688247
1288 0.1 0.0688247
1289 0.1 0.0688247
1290 0.15 0.109424
1291 0.05 0.05
1292 0 0
1293 0.05 0.05
1294 0.15 0.109424
1295 0.15 0.109424
1296 0.2 0.11698
1297 0.3 0.146898
1298 0.25 0.12301
1299 0.3 0.127733
1300 0.25 0.14281
1301 0.25 0.14281
1302 0.15 0.0819178
1303 0.15 0.0819178
1304 0.15 0.0819178
1305 0.3 0.163836
1306 0.35 0.166623
1307 0.4 0.152177
1308 0.4 0.152177
1309 0.3 0.127733
1310 0.2 0.0917663
1311 0.15 0.0819178
1312 0.15 0.0819178
1313 0.2 0.0917663
1314 0.15 0.0819178
1315 0.2 0.0917663
1316 0.2 0.0917663
1317 0.2 0.0917663
1318 0.15 0.0819178
1319 0.1 0.0688247
1320 0.1 0.0688247
1321 0.1 0.0688247
1322 0.2 0.0917663
1323 0.3 0.127733
1324 0.3 0.127733
1325 0.25 0.0993399
1326 0.25 0.0993399
1327 0.3 0.105131
1328 0.2 0.0917663
1329 0.05 0.05
1330 0.05 0.05
1331 0.15 0.0819178
1332 0.1 0.0688247
1333 0.1 0.0688247
1334 0.15 0.0819178
1335 0.1 0.1
1336 0.05 0.05
1337 0.1 0.0688247
1338 0.1 0.0688247
1339 0.2 0.0917663
1340 0.3 0.127733
1341 0.25 0.0993399
1342 0.15 0.0819178
1343 0.15 0.0819178
1344 0.15 0.0819178
1345 0.1 0.0688247
1346 0.05 0.05
1347 0.1 0.0688247
1348 0.1 0.0688247
1349 0.1 0.1
1350 0.05 0.05
1351 0 0
1352 0 0
1353 0.05 0.05
1354 0.05 0.05
1355 0.05 0.05
1356 0.05 0.05
1357 0.05 0.05
1358 0.15 0.0819178
1359 0.1 0.0688247
1360 0.25 0.0993399
1361 0.15 0.0819178
1362 0.15 0.0819178
1363 0.1 0.0688247
1364 0.1 0.0688247
1365 0.1 0.0688247
1366 0.2 0.0917663
1367 0.3 0.105131
1368 0.25 0.0993399
1369 0.25 0.0993399
1370 0.25 0.0993399
1371 0.35 0.109424
1372 0.3 0.105131
1373 0.25 0.0993399
1374 0.25 0.12301
1375 0.3 0.146898
1376 0.25 0.12301
1377 0.2 0.11698
1378 0.2 0.11698
1379 0.25 0.12301
1380 0.25 0.12301
1381 0.25 0.12301
1382 0.2 0.11698
1383 0.25 0.12301
1384 0.3 0.127733
1385 0.2 0.11698
1386 0.1 0.0688247
1387 0.1 0.0688247
1388 0.15 0.0819178
1389 0.2 0.0917663
1390 0.2 0.0917663
1391 0.15 0.0819178
1392 0.25 0.0993399
1393 0.3 0.105131
1394 0.25 0.0993399
1395 0.2 0.0917663
1396 0.2 0.0917663
1397 0.2 0.0917663
1398 0.1 0.0688247
1399 0.1 0.0688247
1400 0.2 0.137649
1401 0.15 0.0819178
1402 0.3 0.105131
1403 0.35 0.131289
1404 0.35 0.131289
1405 0.2 0.11698
1406 0.25 0.12301
1407 0.25 0.12301
1408 0.25 0.12301
1409 0.2 0.0917663
1410 0.15 0.0819178
1411 0.3 0.127733
1412 0.25 0.0993399
1413 0.25 0.0993399
1414 0.15 0.0819178
1415 0.2 0.0917663
1416 0.05 0.05
1417 0.15 0.0819178
1418 0.15 0.0819178
1419 0.15 0.109424
1420 0.2 0.11698
1421 0.15 0.0819178
1422 0.1 0.0688247
1423 0.1 0.0688247
1424 0.15 0.0819178
1425 0.15 0.0819178
1426 0.2 0.0917663
1427 0.2 0.0917663
1428 0.3 0.105131
1429 0.35 0.109424
1430 0.25 0.0993399
1431 0.3 0.105131
1432 0.2 0.0917663
1433 0.2 0.0917663
1434 0.2 0.0917663
1435 0.2 0.0917663
1436 0.15 0.0819178
1437 0.15 0.0819178
1438 0.1 0.0688247
1439 0.05 0.05
1440 0.1 0.0688247
1441 0.1 0.0688247
1442 0.1 0.0688247
1443 0.1 0.0688247
1444 0.1 0.0688247
1445 0.15 0.0819178
1446 0.15 0.109424
1447 0.1 0.0688247
1448 0.15 0.0819178
1449 0.15 0.0819178
1450 0.1 0.0688247
1451 0.2 0.0917663
1452 0.35 0.109424
1453 0.3 0.105131
1454 0.3 0.105131
1455 0.25 0.0993399
1456 0.2 0.0917663
1457 0.25 0.0993399
1458 0.3 0.105131
1459 0.3 0.105131
1460 0.25 0.0993399
1461 0.2 0.0917663
1462 0.2 0.0917663
1463 0.25 0.0993399
1464 0.2 0.0917663
1465 0.2 0.0917663
1466 0.2 0.0917663
1467 0.15 0.0819178
1468 0.15 0.0819178
1469 0.05 0.05
1470 0.15 0.0819178
1471 0.2 0.0917663
1472 0.2 0.0917663
1473 0.15 0.0819178
1474 0.25 0.0993399
1475 0.3 0.105131
1476 0.25 0.0993399
1477 0.3 0.105131
1478 0.3 0.105131
1479 0.25 0.0993399
1480 0.3 0.127733
1481 0.3 0.127733
1482 0.2 0.0917663
1483 0.2 0.0917663
1484 0.2 0.0917663
1485 0.25 0.0993399
1486 0.2 0.0917663
1487 0.2 0.0917663
1488 0.35 0.109424
1489 0.25 0.0993399
1490 0.25 0.12301
1491 0.25 0.12301
1492 0.3 0.163836
1493 0.2 0.11698
1494 0.25 0.12301
1495 0.25 0.12301
1496 0.15 0.0819178
1497 0.15 0.0819178
1498 0.2 0.0917663
1499 0.25 0.0993399
1500 0.3 0.105131
1501 0.4 0.152177
1502 0.45 0.169752
1503 0.25 0.12301
1504 0.25 0.0993399
1505 0.3 0.105131
1506 0.2 0.0917663
1507 0.2 0.0917663
1508 0.15 0.0819178
1509 0.2 0.0917663
1510 0.25 0.0993399
1511 0.2 0.0917663
1512 0.15 0.0819178
1513 0.1 0.0688247
1514 0.15 0.0819178
1515 0.15 0.0819178
1516 0.05 0.05
1517 0.05 0.05
1518 0.15 0.109424
1519 0.05 0.05
1520 0.15 0.0819178
1521 0.15 0.0819178
1522 0.15 0.0819178
1523 0.15 0.0819178
1524 0.1 0.0688247
1525 0.25 0.12301
1526 0.25 0.14281
1527 0.35 0.15
1528 0.25 0.12301
1529 0.15 0.0819178
1530 0.1 0.0688247
1531 0.1 0.0688247
1532 0.2 0.0917663
1533 0.2 0.0917663
1534 0.2 0.0917663
1535 0.3 0.127733
1536 0.2 0.0917663
1537 0.2 0.0917663
1538 0.15 0.0819178
1539 0.2 0.0917663
1540 0.15 0.0819178
1541 0.25 0.12301
1542 0.2 0.11698
1543 0.3 0.127733
1544 0.15 0.0819178
1545 0.2 0.0917663
1546 0.2 0.0917663
1547 0.15 0.0819178
1548 0.2 0.0917663
1549 0.2 0.0917663
1550 0.15 0.0819178
1551 0.15 0.109424
1552 0.2 0.11698
1553 0.2 0.11698
1554 0.2 0.11698
1555 0.2 0.0917663
1556 0.1 0.0688247
1557 0.15 0.0819178
1558 0.15 0.0819178
1559 0.15 0.0819178
1560 0.2 0.0917663
1561 0.2 0.0917663
1562 0.15 0.0819178
1563 0.15 0.0819178
1564 0.15 0.0819178
1565 0.1 0.0688247
1566 0.05 0.05
1567 0.05 0.05
1568 0.15 0.0819178
1569 0.2 0.0917663
1570 0.2 0.0917663
1571 0.15 0.0819178
1572 0.15 0.0819178
1573 0.25 0.12301
1574 0.25 0.12301
1575 0.25 0.12301
1576 0.15 0.0819178
1577 0.1 0.0688247
1578 0.15 0.0819178
1579 0.15 0.0819178
1580 0.15 0.0819178
1581 0.1 0.0688247
1582 0.1 0.0688247
1583 0.15 0.0819178
1584 0.2 0.0917663
1585 0.15 0.0819178
1586 0.1 0.0688247
1587 0.1 0.0688247
1588 0.15 0.109424
1589 0.15 0.109424
1590 0.15 0.109424
1591 0.25 0.12301
1592 0.15 0.109424
1593 0.1 0.1
1594 0.15 0.15
1595 0.05 0.05
1596 0.15 0.0819178
1597 0.1 0.0688247
1598 0.05 0.05
1599 0.15 0.0819178
1600 0.3 0.127733
1601 0.25 0.12301
1602 0.2 0.11698
1603 0.15 0.0819178
1604 0.15 0.0819178
1605 0.15 0.0819178
1606 0.25 0.0993399
1607 0.2 0.0917663
1608 0.2 0.0917663
1609 0.25 0.0993399
1610 0.3 0.127733
1611 0.45 0.153469
1612 0.4 0.183533
1613 0.3 0.127733
1614 0.25 0.0993399
1615 0.2 0.0917663
1616 0.25 0.0993399
1617 0.25 0.0993399
1618 0.2 0.0917663
1619 0.15 0.0819178
1620 0.15 0.0819178
1621 0.1 0.0688247
1622 0.2 0.0917663
1623 0.25 0.0993399
1624 0.15 0.0819178
1625 0.15 0.0819178
1626 0.2 0.0917663
1627 0.2 0.0917663
1628 0.2 0.11698
1629 0.25 0.0993399
1630 0.3 0.105131
1631 0.3 0.105131
1632 0.15 0.0819178
1633 0.15 0.0819178
1634 0.15 0.0819178
1635 0.1 0.0688247
1636 0.15 0.0819178
1637 0.15 0.0819178
1638 0.25 0.0993399
1639 0.25 0.0993399
1640 0.25 0.0993399
1641 0.3 0.105131
1642 0.3 0.105131
1643 0.35 0.109424
1644 0.3 0.105131
1645 0.3 0.105131
1646 0.3 0.127733
1647 0.25 0.0993399
1648 0.25 0.0993399
1649 0.35 0.131289
1650 0.2 0.0917663
1651 0 0
1652 0.1 0.0688247
1653 0.2 0.0917663
1654 0.25 0.12301
1655 0.2 0.11698
1656 0.25 0.12301
1657 0.25 0.12301
1658 0.3 0.127733
1659 0.3 0.105131
1660 0.3 0.105131
1661 0.3 0.105131
1662 0.4 0.11239
1663 0.4 0.11239
1664 0.45 0.135239
1665 0.5 0.153897
1666 0.25 0.0993399
1667 0.25 0.0993399
1668 0.25 0.0993399
1669 0.2 0.0917663
1670 0.25 0.0993399
1671 0.35 0.109424
1672 0.4 0.133771
1673 0.55 0.184605
1674 0.45 0.153469
1675 0.3 0.127733
1676 0.2 0.0917663
1677 0.3 0.127733
1678 0.2 0.0917663
1679 0.15 0.0819178
1680 0.15 0.0819178
1681 0.15 0.0819178
1682 0.15 0.0819178
1683 0.15 0.0819178
1684 0.15 0.0819178
1685 0.1 0.0688247
1686 0.1 0.0688247
1687 0.1 0.0688247
1688 0.2 0.0917663
1689 0.25 0.0993399
1690 0.3 0.127733
1691 0.25 0.12301
1692 0.35 0.166623
1693 0.35 0.166623
1694 0.35 0.166623
1695 0.4 0.152177
1696 0.3 0.105131
1697 0.2 0.0917663
1698 0.15 0.0819178
1699 0.1 0.0688247
1700 0.15 0.109424
1701 0.1 0.0688247
1702 0.15 0.0819178
1703 0.05 0.05
1704 0.05 0.05
1705 0 0
1706 0.05 0.05
1707 0.05 0.05
1708 0.15 0.0819178
1709 0.15 0.0819178
1710 0.2 0.11698
1711 0.25 0.12301
1712 0.2 0.11698
1713 0.2 0.11698
1714 0.1 0.0688247
1715 0.1 0.0688247
1716 0.05 0.05
1717 0.1 0.0688247
1718 0.05 0.05
1719 0.05 0.05
1720 0.05 0.05
1721 0.05 0.05
1722 0.05 0.05
1723 0.15 0.109424
1724 0.1 0.0688247
1725 0.05 0.05
1726 0.1 0.0688247
1727 0.1 0.0688247
1728 0.05 0.05
1729 0.05 0.05
1730 0.05 0.05
1731 0.1 0.0688247
1732 0.05 0.05
1733 0.05 0.05
1734 0.15 0.0819178
1735 0.2 0.0917663
1736 0.2 0.11698
1737 0.3 0.146898
1738 0.25 0.12301
1739 0.2 0.0917663
1740 0.25 0.0993399
1741 0.2 0.0917663
1742 0.3 0.105131
1743 0.35 0.109424
1744 0.35 0.109424
1745 0.3 0.105131
1746 0.3 0.105131
1747 0.25 0.0993399
1748 0.2 0.0917663
1749 0.25 0.12301
1750 0.2 0.0917663
1751 0.2 0.0917663
1752 0.2 0.0917663
1753 0.3 0.105131
1754 0.45 0.153469
1755 0.45 0.153469
1756 0.35 0.131289
1757 0.25 0.12301
1758 0.25 0.12301
1759 0.25 0.0993399
1760 0.3 0.127733
1761 0.4 0.133771
1762 0.4 0.152177
1763 0.45 0.153469
1764 0.3 0.127733
1765 0.3 0.105131
1766 0.2 0.0917663
1767 0.2 0.0917663
1768 0.25 0.0993399
1769 0.25 0.12301
1770 0.3 0.127733
1771 0.35 0.131289
1772 0.35 0.131289
1773 0.35 0.131289
1774 0.3 0.105131
1775 0.3 0.105131
1776 0.25 0.0993399
1777 0.2 0.0917663
1778 0.2 0.11698
1779 0.2 0.11698
1780 0.3 0.105131
1781 0.35 0.15
1782 0.4 0.152177
1783 0.25 0.0993399
1784 0.2 0.11698
1785 0.2 0.0917663
1786 0.15 0.0819178
1787 0.25 0.160181
1788 0.2 0.11698
1789 0.2 0.11698
1790 0.05 0.05
1791 0.1 0.0688247
1792 0.1 0.0688247
1793 0.05 0.05
1794 0.2 0.11698
1795 0.2 0.11698
1796 0.15 0.0819178
1797 0.15 0.0819178
1798 0.2 0.0917663
1799 0.35 0.131289
1800 0.3 0.105131
1801 0.2 0.0917663
1802 0.2 0.0917663
1803 0.25 0.12301
1804 0.3 0.146898
1805 0.3 0.127733
1806 0.15 0.0819178
1807 0.15 0.0819178
1808 0.05 0.05
1809 0.05 0.05
1810 0.15 0.0819178
1811 0.25 0.0993399
1812 0.2 0.0917663
1813 0.15 0.0819178
1814 0.3 0.127733
1815 0.15 0.0819178
1816 0.2 0.0917663
1817 0.3 0.163836
1818 0.2 0.155597
1819 0.2 0.155597
1820 0.2 0.11698
1821 0.15 0.109424
1822 0.15 0.109424
1823 0.35 0.15
1824 0.3 0.127733
1825 0.3 0.127733
1826 0.35 0.131289
1827 0.45 0.114133
1828 0.5 0.114708
1829 0.55 0.135239
1830 0.45 0.153469
1831 0.3 0.105131
1832 0.15 0.0819178
1833 0.2 0.0917663
1834 0.35 0.109424
1835 0.2 0.11698
1836 0.25 0.0993399
1837 0.25 0.0993399
1838 0.25 0.0993399
1839 0.25 0.0993399
1840 0.1 0.0688247
1841 0.1 0.0688247
1842 0.15 0.0819178
1843 0.1 0.0688247
1844 0.35 0.15
1845 0.35 0.15
1846 0.3 0.146898
1847 0.35 0.15
1848 0.4 0.152177
1849 0.3 0.146898
1850 0.3 0.127733
1851 0.25 0.12301
1852 0.3 0.127733
1853 0.35 0.131289
1854 0.35 0.109424
1855 0.45 0.114133
1856 0.4 0.133771
1857 0.35 0.109424
1858 0.25 0.0993399
1859 0.35 0.109424
1860 0.25 0.0993399
1861 0.3 0.105131
1862 0.4 0.11239
1863 0.35 0.109424
1864 0.3 0.105131
1865 0.3 0.105131
1866 0.35 0.109424
1867 0.25 0.12301
1868 0.35 0.15
1869 0.35 0.15
1870 0.3 0.146898
1871 0.1 0.0688247
1872 0.15 0.0819178
1873 0.05 0.05
1874 0.05 0.05
1875 0.1 0.0688247
1876 0.1 0.0688247
1877 0.15 0.0819178
1878 0.15 0.0819178
1879 0.15 0.0819178
1880 0.2 0.0917663
1881 0.1 0.1
1882 0.1 0.0688247
1883 0.1 0.0688247
1884 0.05 0.05
1885 0.25 0.14281
1886 0.3 0.146898
1887 0.3 0.105131
1888 0.2 0.0917663
1889 0.15 0.0819178
1890 0.15 0.0819178
1891 0.2 0.0917663
1892 0.15 0.0819178
1893 0.25 0.0993399
1894 0.25 0.0993399
1895 0.3 0.127733
1896 0.2 0.0917663
1897 0.2 0.0917663
1898 0.2 0.0917663
1899 0.3 0.127733
1900 0.3 0.127733
1901 0.25 0.12301
1902 0.25 0.0993399
1903 0.15 0.0819178
1904 0.15 0.0819178
1905 0.15 0.0819178
1906 0.1 0.0688247
1907 0.1 0.0688247
1908 0.1 0.0688247
1909 0.2 0.0917663
1910 0.2 0.0917663
1911 0.2 0.0917663
1912 0.2 0.0917663
1913 0.25 0.12301
1914 0.2 0.0917663
1915 0.3 0.105131
1916 0.35 0.131289
1917 0.2 0.0917663
1918 0.3 0.127733
1919 0.25 0.0993399
1920 0.2 0.0917663
1921 0.2 0.0917663
1922 0.15 0.0819178
1923 0.15 0.0819178
1924 0.1 0.0688247
1925 0.15 0.0819178
1926 0.2 0.0917663
1927 0.2 0.0917663
1928 0.15 0.109424
1929 0.2 0.155597
1930 0.2 0.155597
1931 0.3 0.163836
1932 0.35 0.166623
1933 0.25 0.12301
1934 0.25 0.12301
1935 0.25 0.12301
1936 0.35 0.131289
1937 0.35 0.166623
1938 0.3 0.163836
1939 0.15 0.0819178
1940 0.15 0.109424
1941 0.1 0.0688247
1942 0.1 0.0688247
1943 0.1 0.0688247
1944 0.1 0.0688247
1945 0.2 0.0917663
1946 0.2 0.0917663
1947 0.2 0.0917663
1948 0.2 0.0917663
1949 0.35 0.109424
1950 0.3 0.127733
1951 0.35 0.131289
1952 0.35 0.15
1953 0.2 0.11698
1954 0.2 0.11698
1955 0.3 0.146898
1956 0.1 0.0688247
1957 0.1 0.0688247
1958 0.1 0.0688247
1959 0.15 0.109424
1960 0.3 0.146898
1961 0.25 0.14281
1962 0.2 0.11698
1963 0.15 0.0819178
1964 0.1 0.0688247
1965 0.2 0.0917663
1966 0.2 0.0917663
1967 0.15 0.0819178
1968 0.2 0.0917663
1969 0.15 0.0819178
1970 0.2 0.0917663
1971 0.25 0.0993399
1972 0.2 0.0917663
1973 0.2 0.0917663
1974 0.2 0.0917663
1975 0.25 0.12301
1976 0.2 0.11698
1977 0.2 0.11698
1978 0.2 0.11698
1979 0.35 0.15
1980 0.2 0.137649
1981 0.15 0.0819178
1982 0.15 0.0819178
1983 0.05 0.05
1984 0.1 0.0688247
1985 0.15 0.109424
1986 0.1 0.0688247
1987 0.2 0.0917663
1988 0.2 0.11698
1989 0.2 0.11698
1990 0.2 0.11698
1991 0.15 0.0819178
1992 0.15 0.0819178
1993 0.1 0.0688247
1994 0.15 0.0819178
1995 0.25 0.12301
1996 0.25 0.12301
1997 0.25 0.12301
1998 0.15 0.109424
1999 0.1 0.0688247
2000 0.05 0.05
2001 0.15 0.109424
2002 0.1 0.0688247
2003 0.1 0.0688247
2004 0.1 0.0688247
2005 0.1 0.0688247
2006 0.05 0.05
2007 0.05 0.05
2008 0.05 0.05
2009 0.2 0.0917663
2010 0.15 0.0819178
2011 0.15 0.0819178
2012 0.2 0.0917663
2013 0.2 0.0917663
2014 0.15 0.0819178
2015 0.25 0.0993399
2016 0.2 0.0917663
2017 0.3 0.105131
2018 0.15 0.0819178
2019 0.1 0.0688247
2020 0.15 0.0819178
2021 0.15 0.0819178
2022 0.05 0.05
2023 0.05 0.05
2024 0.05 0.05
2025 0.1 0.0688247
2026 0.15 0.0819178
2027 0.25 0.0993399
2028 0.25 0.0993399
2029 0.3 0.105131
2030 0.4 0.133771
2031 0.3 0.105131
2032 0.35 0.109424
2033 0.35 0.109424
2034 0.2 0.0917663
2035 0.2 0.0917663
2036 0.3 0.163836
2037 0.35 0.208693
2038 0.35 0.208693
2039 0.3 0.206474
2040 0.2 0.155597
2041 0.15 0.109424
2042 0.2 0.11698
2043 0.25 0.12301
2044 0.1 0.0688247
2045 0.1 0.0688247
2046 0.05 0.05
2047 0.05 0.05
2048 0.15 0.109424
2049 0.3 0.163836
2050 0.4 0.152177
2051 0.5 0.153897
2052 0.45 0.135239
2053 0.4 0.133771
2054 0.55 0.198348
2055 0.35 0.131289
2056 0.35 0.131289
2057 0.25 0.0993399
2058 0.3 0.127733
2059 0.25 0.0993399
2060 0.2 0.0917663
2061 0.15 0.109424
2062 0.15 0.0819178
2063 0.15 0.0819178
2064 0.15 0.0819178
2065 0.1 0.0688247
2066 0.2 0.0917663
2067 0.2 0.0917663
2068 0.2 0.0917663
2069 0.2 0.0917663
2070 0.2 0.0917663
2071 0.2 0.0917663
2072 0.15 0.0819178
2073 0.1 0.0688247
2074 0.15 0.0819178
2075 0.15 0.0819178
2076 0.15 0.0819178
2077 0.1 0.0688247
2078 0.1 0.0688247
2079 0.15 0.0819178
2080 0.15 0.0819178
2081 0.15 0.0819178
2082 0.15 0.0819178
2083 0.2 0.0917663
2084 0.15 0.0819178
2085 0.1 0.0688247
2086 0.1 0.0688247
2087 0.1 0.0688247
2088 0.1 0.0688247
2089 0 0
2090 0.05 0.05
2091 0.05 0.05
2092 0.05 0.05
2093 0.1 0.0688247
2094 0.05 0.05
2095 0.1 0.0688247
2096 0.1 0.0688247
2097 0.2 0.0917663
2098 0.25 0.0993399
2099 0.2 0.0917663
2100 0.15 0.0819178
2101 0.15 0.0819178
2102 0.25 0.0993399
2103 0.15 0.0819178
2104 0.15 0.0819178
2105 0.15 0.0819178
2106 0.15 0.0819178
2107 0.15 0.0819178
2108 0.15 0.0819178
2109 0.15 0.0819178
2110 0.15 0.0819178
2111 0.25 0.12301
2112 0.3 0.146898
2113 0.35 0.15
2114 0.3 0.127733
2115 0.15 0.0819178
2116 0.1 0.0688247
2117 0.1 0.0688247
2118 0.15 0.0819178
2119 0.2 0.11698
2120 0.2 0.0917663
2121 0.2 0.0917663
2122 0.2 0.0917663
2123 0.3 0.105131
2124 0.3 0.105131
2125 0.4 0.11239
2126 0.4 0.152177
2127 0.4 0.152177
2128 0.35 0.131289
2129 0.25 0.0993399
2130 0.35 0.166623
2131 0.2 0.11698
2132 0.3 0.146898
2133 0.25 0.14281
2134 0.3 0.127733
2135 0.3 0.127733
2136 0.35 0.15
2137 0.3 0.146898
2138 0.15 0.0819178
2139 0.25 0.0993399
2140 0.2 0.11698
2141 0.2 0.0917663
2142 0.3 0.127733
2143 0.35 0.15
2144 0.4 0.152177
2145 0.35 0.15
2146 0.3 0.146898
2147 0.3 0.127733
2148 0.3 0.127733
2149 0.3 0.127733
2150 0.3 0.127733
2151 0.25 0.12301
2152 0.35 0.131289
2153 0.35 0.131289
2154 0.3 0.127733
2155 0.25 0.12301
2156 0.3 0.146898
2157 0.3 0.127733
2158 0.25 0.0993399
2159 0.25 0.0993399
2160 0.2 0.11698
2161 0.2 0.11698
2162 0.15 0.0819178
2163 0.1 0.0688247
2164 0.1 0.0688247
2165 0.2 0.0917663
2166 0.15 0.0819178
2167 0.2 0.0917663
2168 0.25 0.0993399
2169 0.2 0.0917663
2170 0.15 0.0819178
2171 0.2 0.0917663
2172 0.25 0.0993399
2173 0.25 0.0993399
2174 0.3 0.105131
2175 0.35 0.109424
2176 0.2 0.0917663
2177 0.25 0.12301
2178 0.2 0.0917663
2179 0.2 0.0917663
2180 0.3 0.105131
2181 0.1 0.0688247
2182 0.3 0.127733
2183 0.2 0.0917663
2184 0.3 0.105131
2185 0.25 0.0993399
2186 0.15 0.109424
2187 0.1 0.0688247
2188 0.05 0.05
2189 0.25 0.0993399
2190 0.2 0.0917663
2191 0.2 0.0917663
2192 0.2 0.0917663
2193 0.25 0.12301
2194 0.25 0.0993399
2195 0.2 0.0917663
2196 0.2 0.0917663
2197 0.15 0.0819178
2198 0.25 0.12301
2199 0.15 0.0819178
2200 0.1 0.0688247
2201 0.1 0.0688247
2202 0.05 0.05
2203 0.1 0.0688247
2204 0.2 0.0917663
2205 0.35 0.109424
2206 0.35 0.109424
2207 0.35 0.109424
2208 0.25 0.0993399
2209 0.15 0.0819178
2210 0.2 0.0917663
2211 0.1 0.0688247
2212 0.15 0.0819178
2213 0.15 0.0819178
2214 0.15 0.0819178
2215 0.15 0.0819178
2216 0.35 0.166623
2217 0.35 0.166623
2218 0.15 0.0819178
2219 0.2 0.0917663
2220 0.1 0.0688247
2221 0.15 0.0819178
2222 0.25 0.12301
2223 0.35 0.131289
2224 0.2 0.0917663
2225 0.2 0.11698
2226 0.15 0.0819178
2227 0.2 0.11698
2228 0.05 0.05
2229 0.1 0.0688247
2230 0.1 0.0688247
2231 0.15 0.109424
2232 0.1 0.0688247
2233 0.15 0.109424
2234 0.1 0.1
2235 0.1 0.1
2236 0.15 0.0819178
2237 0.2 0.0917663
2238 0.15 0.0819178
2239 0.25 0.0993399
2240 0.15 0.0819178
2241 0.1 0.0688247
2242 0.1 0.0688247
2243 0.1 0.0688247
2244 0.15 0.0819178
2245 0.15 0.0819178
2246 0.15 0.0819178
2247 0.2 0.0917663
2248 0.2 0.0917663
2249 0.2 0.0917663
2250 0.25 0.0993399
2251 0.25 0.0993399
2252 0.25 0.12301
2253 0.35 0.131289
2254 0.35 0.131289
2255 0.35 0.131289
2256 0.35 0.131289
2257 0.25 0.0993399
2258 0.25 0.12301
2259 0.15 0.0819178
2260 0.1 0.0688247
2261 0.3 0.127733
2262 0.3 0.127733
2263 0.35 0.166623
2264 0.45 0.169752
2265 0.3 0.127733
2266 0.35 0.166623
2267 0.25 0.0993399
2268 0.25 0.12301
2269 0.25 0.12301
2270 0.15 0.0819178
2271 0.15 0.0819178
2272 0.2 0.0917663
2273 0.3 0.127733
2274 0.25 0.0993399
2275 0.3 0.105131
2276 0.25 0.0993399
2277 0.25 0.12301
2278 0.25 0.12301
2279 0.25 0.12301
2280 0.25 0.12301
2281 0.2 0.0917663
2282 0.2 0.0917663
2283 0.2 0.11698
2284 0.2 0.0917663
2285 0.15 0.0819178
2286 0.25 0.0993399
2287 0.25 0.0993399
2288 0.2 0.0917663
2289 0.15 0.0819178
2290 0.2 0.11698
2291 0.3 0.127733
2292 0.1 0.0688247
2293 0.1 0.0688247
2294 0.2 0.0917663
2295 0.25 0.12301
2296 0.25 0.12301
2297 0.2 0.11698
2298 0.35 0.15
2299 0.45 0.169752
2300 0.35 0.15
2301 0.35 0.131289
2302 0.35 0.131289
2303 0.15 0.0819178
2304 0.25 0.12301
2305 0.2 0.11698
2306 0.35 0.166623
2307 0.35 0.131289
2308 0.35 0.131289
2309 0.25 0.12301
2310 0.25 0.12301
2311 0.15 0.109424
2312 0.25 0.14281
2313 0.2 0.11698
2314 0.3 0.127733
2315 0.3 0.127733
2316 0.25 0.0993399
2317 0.25 0.12301
2318 0.3 0.105131
2319 0.3 0.105131
2320 0.3 0.105131
2321 0.35 0.109424
2322 0.35 0.109424
2323 0.3 0.105131
2324 0.3 0.105131
2325 0.35 0.109424
2326 0.35 0.109424
2327 0.5 0.135724
2328 0.4 0.11239
2329 0.35 0.109424
2330 0.25 0.0993399
2331 0.3 0.127733
2332 0.2 0.0917663
2333 0.15 0.0819178
2334 0.1 0.0688247
2335 0.1 0.0688247
2336 0.1 0.0688247
2337 0.15 0.0819178
2338 0.15 0.0819178
2339 0.25 0.12301
2340 0.15 0.0819178
2341 0.25 0.0993399
2342 0.25 0.0993399
2343 0.2 0.0917663
2344 0.1 0.0688247
2345 0.2 0.0917663
2346 0.25 0.0993399
2347 0.25 0.0993399
2348 0.1 0.0688247
2349 0.1 0.0688247
2350 0.1 0.0688247
2351 0.1 0.0688247
2352 0.1 0.0688247
2353 0.05 0.05
2354 0 0
2355 0.1 0.1
2356 0.05 0.05
2357 0.05 0.05
2358 0.2 0.0917663
2359 0.2 0.0917663
2360 0.25 0.0993399
2361 0.25 0.12301
2362 0.2 0.0917663
2363 0.2 0.0917663
2364 0.25 0.0993399
2365 0.15 0.0819178
2366 0.05 0.05
2367 0.05 0.05
2368 0.05 0.05
2369 0.05 0.05
2370 0.05 0.05
2371 0.15 0.0819178
2372 0.2 0.0917663
2373 0.35 0.208693
2374 0.25 0.160181
2375 0.3 0.127733
2376 0.3 0.127733
2377 0.25 0.12301
2378 0.2 0.0917663
2379 0.15 0.0819178
2380 0.1 0.0688247
2381 0.1 0.0688247
2382 0.1 0.0688247
2383 0.1 0.0688247
2384 0.15 0.0819178
2385 0.15 0.0819178
2386 0.15 0.0819178
2387 0.2 0.0917663
2388 0.2 0.0917663
2389 0.2 0.0917663
2390 0.25 0.0993399
2391 0.15 0.0819178
2392 0.15 0.0819178
2393 0.25 0.0993399
2394 0.25 0.0993399
2395 0.2 0.0917663
2396 0.2 0.0917663
2397 0.2 0.0917663
2398 0.35 0.166623
2399 0.35 0.166623
2400 0.25 0.12301
2401 0.2 0.11698
2402 0.15 0.109424
2403 0.25 0.14281
2404 0.15 0.0819178
2405 0.15 0.0819178
2406 0.2 0.0917663
2407 0.2 0.0917663
2408 0.2 0.0917663
2409 0.2 0.0917663
2410 0.15 0.0819178
2411 0.05 0.05
2412 0.05 0.05
2413 0.05 0.05
2414 0.05 0.05
2415 0.05 0.05
2416 0.05 0.05
2417 0.1 0.0688247
2418 0.1 0.0688247
2419 0.15 0.0819178
2420 0.2 0.0917663
2421 0.15 0.0819178
2422 0.2 0.0917663
2423 0.15 0.0819178
2424 0.15 0.0819178
2425 0.15 0.109424
2426 0.15 0.109424
2427 0.15 0.0819178
2428 0.15 0.0819178
2429 0.2 0.0917663
2430 0.25 0.160181
2431 0.25 0.160181
2432 0.2 0.11698
2433 0.25 0.0993399
2434 0.2 0.0917663
2435 0.1 0.0688247
2436 0.05 0.05
2437 0.1 0.0688247
2438 0.1 0.0688247
2439 0.25 0.0993399
2440 0.2 0.0917663
2441 0.2 0.0917663
2442 0.2 0.0917663
2443 0.05 0.05
2444 0.1 0.0688247
2445 0.15 0.0819178
2446 0.2 0.0917663
2447 0.15 0.0819178
2448 0.25 0.0993399
2449 0.3 0.127733
2450 0.25 0.12301
2451 0.25 0.12301
2452 0.3 0.146898
2453 0.25 0.12301
2454 0.15 0.0819178
2455 0.1 0.0688247
2456 0.15 0.0819178
2457 0.15 0.0819178
2458 0.1 0.0688247
2459 0.1 0.0688247
2460 0.1 0.0688247
2461 0.1 0.0688247
2462 0.15 0.109424
2463 0.1 0.0688247
2464 0.1 0.0688247
2465 0.15 0.0819178
2466 0.1 0.0688247
2467 0.1 0.0688247
2468 0.1 0.0688247
2469 0.15 0.0819178
2470 0.1 0.0688247
2471 0.15 0.0819178
2472 0.1 0.0688247
2473 0.2 0.11698
2474 0.15 0.0819178
2475 0.25 0.0993399
2476 0.2 0.0917663
2477 0.25 0.12301
2478 0.2 0.11698
2479 0.15 0.0819178
2480 0.15 0.0819178
2481 0.1 0.0688247
2482 0.15 0.0819178
2483 0.1 0.0688247
2484 0.1 0.0688247
2485 0.35 0.15
2486 0.25 0.12301
2487 0.25 0.12301
2488 0.3 0.127733
2489 0.25 0.12301
2490 0.3 0.127733
2491 0.3 0.127733
2492 0.2 0.11698
2493 0.2 0.11698
2494 0.25 0.12301
2495 0.1 0.0688247
2496 0.05 0.05
2497 0.05 0.05
2498 0 0
2499 0.05 0.05
2500 0.1 0.0688247
2501 0.2 0.0917663
2502 0.2 0.0917663
2503 0.1 0.0688247
2504 0 0
2505 0.05 0.05
2506 0.05 0.05
2507 0.1 0.0688247
2508 0.15 0.0819178
2509 0.05 0.05
2510 0.1 0.0688247
2511 0.1 0.0688247
2512 0.1 0.0688247
2513 0.2 0.0917663
2514 0.2 0.0917663
2515 0.1 0.0688247
2516 0.05 0.05
2517 0 0
2518 0.1 0.0688247
2519 0.1 0.0688247
2520 0.05 0.05
2521 0.1 0.0688247
2522 0.15 0.0819178
2523 0.2 0.0917663
2524 0.15 0.0819178
2525 0.15 0.0819178
2526 0.15 0.0819178
2527 0.2 0.0917663
2528 0.3 0.105131
2529 0.2 0.0917663
2530 0.25 0.0993399
2531 0.25 0.0993399
2532 0.2 0.0917663
2533 0.2 0.0917663
2534 0.15 0.0819178
2535 0.05 0.05
2536 0.05 0.05
2537 0.1 0.0688247
2538 0.1 0.0688247
2539 0.15 0.0819178
2540 0.15 0.0819178
2541 0.15 0.0819178
2542 0.25 0.0993399
2543 0.1 0.0688247
2544 0.2 0.0917663
2545 0.1 0.0688247
2546 0.15 0.0819178
2547 0.2 0.11698
2548 0.2 0.11698
2549 0.2 0.0917663
2550 0.2 0.0917663
2551 0.15 0.0819178
2552 0.15 0.0819178
2553 0.15 0.0819178
2554 0.2 0.0917663
2555 0.2 0.11698
2556 0.15 0.0819178
2557 0.15 0.109424
2558 0.1 0.0688247
2559 0.15 0.0819178
2560 0.2 0.11698
2561 0.1 0.0688247
2562 0.05 0.05
2563 0.05 0.05
2564 0.05 0.05
2565 0.1 0.0688247
2566 0.1 0.0688247
2567 0.15 0.0819178
2568 0.2 0.0917663
2569 0.25 0.0993399
2570 0.2 0.0917663
2571 0.25 0.0993399
2572 0.3 0.127733
2573 0.35 0.15
2574 0.2 0.11698
2575 0.1 0.0688247
2576 0.05 0.05
2577 0.05 0.05
2578 0.15 0.109424
2579 0.15 0.109424
2580 0.1 0.1
2581 0.2 0.11698
2582 0.25 0.12301
2583 0.2 0.11698
2584 0.05 0.05
2585 0 0
2586 0.1 0.0688247
2587 0.1 0.0688247
2588 0.15 0.0819178
2589 0.05 0.05
2590 0.05 0.05
2591 0 0
2592 0 0
2593 0 0
2594 0.05 0.05
2595 0.05 0.05
2596 0.1 0.0688247
2597 0.1 0.0688247
2598 0.1 0.0688247
2599 0.25 0.0993399
2600 0.25 0.0993399
2601 0.25 0.0993399
2602 0.25 0.0993399
2603 0.15 0.0819178
2604 0.15 0.0819178
2605 0.1 0.0688247
2606 0.2 0.0917663
2607 0.2 0.0917663
2608 0.1 0.0688247
2609 0.1 0.0688247
2610 0.1 0.0688247
2611 0.15 0.0819178
2612 0.15 0.0819178
2613 0.1 0.0688247
2614 0.15 0.0819178
2615 0.2 0.11698
2616 0.1 0.0688247
2617 0.1 0.0688247
2618 0.1 0.0688247
2619 0.2 0.11698
2620 0.25 0.12301
2621 0.25 0.12301
2622 0.25 0.12301
2623 0.2 0.11698
2624 0.1 0.0688247
2625 0.15 0.0819178
2626 0.1 0.0688247
2627 0.05 0.05
2628 0.2 0.11698
2629 0.1 0.0688247
2630 0.15 0.0819178
2631 0.15 0.0819178
2632 0.05 0.05
2633 0 0
2634 0.05 0.05
2635 0.1 0.0688247
2636 0.05 0.05
2637 0.05 0.05
2638 0.05 0.05
2639 0.05 0.05
2640 0.1 0.0688247
2641 0.05 0.05
2642 0.1 0.0688247
2643 0.05 0.05
2644 0.05 0.05
2645 0.1 0.0688247
2646 0.1 0.0688247
2647 0.05 0.05
2648 0.05 0.05
2649 0.1 0.0688247
2650 0.1 0.0688247
2651 0.05 0.05
2652 0.05 0.05
2653 0.05 0.05
2654 0.05 0.05
2655 0.05 0.05
2656 0.15 0.0819178
2657 0.1 0.0688247
2658 0.1 0.0688247
2659 0.05 0.05
2660 0.05 0.05
2661 0.05 0.05
2662 0.1 0.0688247
2663 0.15 0.0819178
2664 0.2 0.11698
2665 0.1 0.0688247
2666 0.25 0.12301
2667 0.35 0.15
