0 0 0
1 1.25 0.260314
2 0.9 0.203909
3 0.55 0.135239
4 0.45 0.135239
5 0.4 0.152177
6 0.25 0.0993399
7 0.2 0.0917663
8 0.1 0.0688247
9 0.05 0.05
10 0 0
11 0.1 0.0688247
12 0.15 0.0819178
13 0.2 0.0917663
14 0.15 0.0819178
15 0.15 0.109424
16 0.2 0.11698
17 0.25 0.12301
18 0.25 0.12301
19 0.25 0.12301
20 0.35 0.131289
21 0.15 0.0819178
22 0.15 0.0819178
23 0.35 0.109424
24 0.3 0.105131
25 0.2 0.0917663
26 0.15 0.0819178
27 0.1 0.0688247
28 0.1 0.0688247
29 0.05 0.05
30 0.15 0.0819178
31 0.1 0.0688247
32 0.05 0.05
33 0.05 0.05
34 0.2 0.155597
35 0.15 0.15
36 0.2 0.11698
37 0.15 0.0819178
38 0.1 0.0688247
39 0.1 0.0688247
40 0.1 0.0688247
41 0.15 0.0819178
42 0.05 0.05
43 0.05 0.05
44 0.15 0.0819178
45 0.15 0.0819178
46 0.25 0.12301
47 0.15 0.0819178
48 0.1 0.0688247
49 0.2 0.11698
50 0.1 0.1
51 0 0
52 0.05 0.05
53 0.05 0.05
54 0.05 0.05
55 0 0
56 0.05 0.05
57 0.05 0.05
58 0.05 0.05
59 0.05 0.05
60 0.1 0.0688247
61 0.3 0.105131
62 0.05 0.05
63 0.05 0.05
64 0.1 0.0688247
65 0.1 0.0688247
66 0.15 0.0819178
67 0.1 0.0688247
68 0.05 0.05
69 0.05 0.05
70 0.1 0.0688247
71 0 0
72 0.1 0.0688247
73 0.15 0.0819178
74 0.15 0.0819178
75 0.1 0.0688247
76 0.05 0.05
77 0.05 0.05
78 0.05 0.05
79 0.05 0.05
80 0.05 0.05
81 0.05 0.05
82 0 0
83 0.1 0.0688247
84 0.1 0.0688247
85 0.1 0.0688247
86 0.15 0.109424
87 0.15 0.0819178
88 0.15 0.0819178
89 0.15 0.0819178
90 0.05 0.05
91 0.05 0.05
92 0.05 0.05
93 0.1 0.0688247
94 0.1 0.0688247
95 0.15 0.0819178
96 0.2 0.0917663
97 0.25 0.0993399
98 0.15 0.0819178
99 0.1 0.0688247
100 0.1 0.0688247
101 0.05 0.05
102 0.2 0.0917663
103 0.2 0.0917663
104 0.2 0.0917663
105 0.2 0.0917663
106 0.3 0.127733
107 0.25 0.12301
108 0.15 0.0819178
109 0.3 0.127733
110 0.25 0.12301
111 0.2 0.0917663
112 0.15 0.0819178
113 0.25 0.0993399
114 0.2 0.0917663
115 0.2 0.0917663
116 0.25 0.0993399
117 0.3 0.105131
118 0.2 0.0917663
119 0.1 0.0688247
120 0.15 0.0819178
121 0.05 0.05
122 0.1 0.0688247
123 0.1 0.0688247
124 0.05 0.05
125 0.05 0.05
126 0.05 0.05
127 0.1 0.0688247
128 0.15 0.0819178
129 0.1 0.0688247
130 0.1 0.0688247
131 0.05 0.05
132 0.1 0.0688247
133 0.05 0.05
134 0.25 0.12301
135 0.2 0.11698
136 0.05 0.05
137 0.1 0.0688247
138 0.1 0.0688247
139 0.1 0.0688247
140 0.2 0.11698
141 0.25 0.12301
142 0.35 0.131289
143 0.1 0.0688247
144 0.05 0.05
145 0 0
146 0 0
147 0.05 0.05
148 0.05 0.05
149 0.05 0.05
150 0 0
151 0.1 0.1
152 0.15 0.109424
153 0.1 0.0688247
154 0.05 0.05
155 0.2 0.11698
156 0.2 0.0917663
157 0.3 0.105131
158 0.2 0.0917663
159 0.15 0.109424
160 0.25 0.12301
161 0.1 0.0688247
162 0.15 0.0819178
163 0.1 0.0688247
164 0.1 0.0688247
165 0.1 0.0688247
166 0.1 0.0688247
167 0.1 0.0688247
168 0.1 0.0688247
169 0.15 0.109424
170 0.15 0.0819178
171 0 0
172 0.05 0.05
173 0 0
174 0 0
175 0 0
176 0.05 0.05
177 0 0
178 0 0
179 0 0
180 0 0
181 0.05 0.05
182 0.05 0.05
183 0.05 0.05
184 0.05 0.05
185 0.15 0.0819178
186 0.05 0.05
187 0.05 0.05
188 0.1 0.0688247
189 0.05 0.05
190 0.05 0.05
191 0.15 0.0819178
192 0.1 0.0688247
193 0.1 0.0688247
194 0.25 0.12301
195 0.2 0.11698
196 0.15 0.0819178
197 0.1 0.0688247
198 0.05 0.05
199 0.05 0.05
200 0.05 0.05
201 0.1 0.0688247
202 0.15 0.0819178
203 0.2 0.0917663
204 0.25 0.0993399
205 0.3 0.127733
206 0.2 0.11698
207 0.1 0.0688247
208 0.1 0.0688247
209 0.1 0.0688247
210 0.1 0.0688247
211 0.05 0.05
212 0 0
213 0.05 0.05
214 0 0
215 0.1 0.0688247
216 0.1 0.0688247
217 0.05 0.05
218 0.2 0.0917663
219 0.25 0.0993399
220 0.2 0.0917663
221 0.2 0.0917663
222 0.2 0.0917663
223 0.1 0.0688247
224 0.1 0.0688247
225 0.1 0.0688247
226 0.05 0.05
227 0.05 0.05
228 0.05 0.05
229 0.15 0.0819178
230 0.1 0.0688247
231 0.15 0.0819178
232 0.15 0.0819178
233 0.1 0.0688247
234 0.2 0.0917663
235 0.2 0.0917663
236 0.25 0.0993399
237 0.3 0.105131
238 0.25 0.0993399
239 0.2 0.11698
240 0.4 0.133771
241 0.25 0.0993399
242 0.1 0.0688247
243 0.15 0.0819178
244 0.35 0.131289
245 0.55 0.169752
246 0.35 0.131289
247 0.2 0.11698
248 0.15 0.0819178
249 0.2 0.0917663
250 0.1 0.0688247
251 0.1 0.0688247
252 0.05 0.05
253 0.15 0.0819178
254 0.1 0.0688247
255 0.05 0.05
256 0.1 0.0688247
257 0.1 0.0688247
258 0.1 0.0688247
259 0.1 0.0688247
260 0.15 0.0819178
261 0.1 0.0688247
262 0.2 0.0917663
263 0.25 0.160181
264 0.25 0.160181
265 0.2 0.11698
266 0.2 0.11698
267 0.25 0.12301
268 0.15 0.109424
269 0.15 0.109424
270 0.1 0.0688247
271 0.1 0.0688247
272 0 0
273 0.05 0.05
274 0.1 0.0688247
275 0.2 0.0917663
276 0.25 0.0993399
277 0.2 0.0917663
278 0.15 0.0819178
279 0.15 0.0819178
280 0 0
281 0.1 0.0688247
282 0.1 0.0688247
283 0.15 0.0819178
284 0.25 0.12301
285 0.1 0.0688247
286 0.15 0.0819178
287 0.05 0.05
288 0.05 0.05
289 0.1 0.0688247
290 0.25 0.12301
291 0.2 0.11698
292 0.2 0.11698
293 0.25 0.12301
294 0.2 0.11698
295 0.05 0.05
296 0.1 0.0688247
297 0.1 0.0688247
298 0.2 0.0917663
299 0.2 0.0917663
300 0.3 0.127733
301 0.25 0.12301
302 0.2 0.11698
303 0.3 0.127733
304 0.35 0.109424
305 0.25 0.12301
306 0.2 0.0917663
307 0.2 0.0917663
308 0.15 0.0819178
309 0.25 0.12301
310 0.2 0.0917663
311 0.35 0.109424
312 0.25 0.0993399
313 0.25 0.0993399
314 0.15 0.0819178
315 0.15 0.0819178
316 0.15 0.0819178
317 0.2 0.0917663
318 0.15 0.0819178
319 0.15 0.0819178
320 0.05 0.05
321 0.15 0.0819178
322 0.05 0.05
323 0.1 0.0688247
324 0.15 0.0819178
325 0.3 0.105131
326 0.2 0.0917663
327 0.2 0.0917663
328 0.15 0.0819178
329 0.2 0.0917663
330 0.2 0.0917663
331 0.2 0.0917663
332 0.2 0.0917663
333 0.25 0.0993399
334 0.25 0.14281
335 0.3 0.127733
336 0.2 0.0917663
337 0.15 0.0819178
338 0.2 0.0917663
339 0.25 0.12301
340 0.25 0.12301
341 0.25 0.0993399
342 0.25 0.0993399
343 0.2 0.11698
344 0.15 0.0819178
345 0.1 0.0688247
346 0.2 0.0917663
347 0.3 0.105131
348 0.2 0.0917663
349 0.2 0.0917663
350 0.2 0.0917663
351 0.2 0.0917663
352 0.25 0.12301
353 0.15 0.0819178
354 0.2 0.11698
355 0.15 0.0819178
356 0.15 0.0819178
357 0.2 0.0917663
358 0.2 0.0917663
359 0.15 0.0819178
360 0.1 0.0688247
361 0.05 0.05
362 0.05 0.05
363 0.1 0.0688247
364 0.3 0.105131
365 0.2 0.0917663
366 0.2 0.0917663
367 0.15 0.0819178
368 0.2 0.0917663
369 0.2 0.0917663
370 0.2 0.11698
371 0.1 0.0688247
372 0.1 0.0688247
373 0.15 0.0819178
374 0.15 0.0819178
375 0.1 0.0688247
376 0.05 0.05
377 0.05 0.05
378 0.05 0.05
379 0 0
380 0.1 0.0688247
381 0.15 0.0819178
382 0.2 0.0917663
383 0.2 0.0917663
384 0.3 0.127733
385 0.25 0.12301
386 0.3 0.127733
387 0.2 0.11698
388 0.15 0.109424
389 0.2 0.155597
390 0.2 0.155597
391 0.25 0.12301
392 0.25 0.12301
393 0.25 0.0993399
394 0.2 0.0917663
395 0.15 0.0819178
396 0.15 0.0819178
397 0.2 0.0917663
398 0.2 0.0917663
399 0.15 0.0819178
400 0.15 0.0819178
401 0.2 0.0917663
402 0.1 0.0688247
403 0.2 0.0917663
404 0.1 0.0688247
405 0.1 0.0688247
406 0.05 0.05
407 0.1 0.0688247
408 0.1 0.0688247
409 0.05 0.05
410 0.05 0.05
411 0.05 0.05
412 0.25 0.0993399
413 0.2 0.11698
414 0.3 0.127733
415 0.15 0.0819178
416 0.2 0.0917663
417 0.1 0.0688247
418 0.1 0.0688247
419 0.05 0.05
420 0.05 0.05
421 0.2 0.0917663
422 0.15 0.0819178
423 0.25 0.12301
424 0.25 0.12301
425 0.15 0.0819178
426 0.15 0.0819178
427 0.15 0.0819178
428 0.15 0.0819178
429 0.05 0.05
430 0.1 0.0688247
431 0.1 0.0688247
432 0.1 0.0688247
433 0.15 0.0819178
434 0.1 0.0688247
435 0.15 0.0819178
436 0.15 0.0819178
437 0.2 0.0917663
438 0.25 0.0993399
439 0.25 0.12301
440 0.2 0.11698
441 0.2 0.11698
442 0.1 0.0688247
443 0.1 0.0688247
444 0.2 0.11698
445 0.15 0.0819178
446 0.1 0.0688247
447 0.2 0.0917663
448 0.2 0.0917663
449 0.15 0.0819178
450 0.1 0.0688247
451 0.05 0.05
452 0.05 0.05
453 0.1 0.1
454 0.15 0.109424
455 0.15 0.109424
456 0.15 0.0819178
457 0.1 0.0688247
458 0.15 0.0819178
459 0.1 0.0688247
460 0.15 0.0819178
461 0.2 0.0917663
462 0.15 0.0819178
463 0.1 0.0688247
464 0.05 0.05
465 0.1 0.0688247
466 0.15 0.0819178
467 0.2 0.0917663
468 0.1 0.0688247
469 0.1 0.0688247
470 0.05 0.05
471 0.05 0.05
472 0.1 0.0688247
473 0.2 0.0917663
474 0.2 0.0917663
475 0.15 0.0819178
476 0.2 0.0917663
477 0.25 0.0993399
478 0.15 0.0819178
479 0.2 0.0917663
480 0.15 0.0819178
481 0.15 0.0819178
482 0.15 0.0819178
483 0.15 0.0819178
484 0.25 0.12301
485 0.1 0.0688247
486 0 0
487 0 0
488 0 0
489 0.1 0.0688247
490 0.05 0.05
491 0.05 0.05
492 0.1 0.0688247
493 0.15 0.0819178
494 0.05 0.05
495 0.05 0.05
496 0.05 0.05
497 0.15 0.0819178
498 0.1 0.0688247
499 0.1 0.0688247
500 0.05 0.05
501 0.05 0.05
502 0.2 0.0917663
503 0.15 0.0819178
504 0.25 0.0993399
505 0.2 0.0917663
506 0.1 0.0688247
507 0.15 0.0819178
508 0.25 0.0993399
509 0.15 0.0819178
510 0.2 0.0917663
511 0.15 0.0819178
512 0.2 0.0917663
513 0.25 0.0993399
514 0.15 0.0819178
515 0.15 0.0819178
516 0.35 0.131289
517 0.2 0.0917663
518 0.25 0.12301
519 0.25 0.12301
520 0.15 0.109424
521 0.15 0.109424
522 0.1 0.0688247
523 0.15 0.0819178
524 0.15 0.0819178
525 0.2 0.0917663
526 0.1 0.0688247
527 0.15 0.0819178
528 0.15 0.0819178
529 0.25 0.0993399
530 0.2 0.0917663
531 0.2 0.0917663
532 0.2 0.0917663
533 0.3 0.105131
534 0.2 0.0917663
535 0.15 0.0819178
536 0.15 0.0819178
537 0.15 0.0819178
538 0.2 0.11698
539 0.2 0.0917663
540 0.35 0.131289
541 0.25 0.0993399
542 0.2 0.0917663
543 0.2 0.0917663
544 0.15 0.0819178
545 0.2 0.0917663
546 0.15 0.0819178
547 0.25 0.12301
548 0.25 0.12301
549 0.4 0.133771
550 0.35 0.131289
551 0.25 0.12301
552 0.25 0.12301
553 0.25 0.12301
554 0.25 0.0993399
555 0.25 0.12301
556 0.2 0.0917663
557 0.2 0.11698
558 0.25 0.12301
559 0.25 0.12301
560 0.2 0.11698
561 0.15 0.0819178
562 0.2 0.11698
563 0.15 0.0819178
564 0.2 0.0917663
565 0.15 0.0819178
566 0.1 0.0688247
567 0.05 0.05
568 0.1 0.0688247
569 0.05 0.05
570 0.05 0.05
571 0.1 0.0688247
572 0.1 0.0688247
573 0.05 0.05
574 0.05 0.05
575 0.05 0.05
576 0.1 0.0688247
577 0.1 0.0688247
578 0.1 0.0688247
579 0.1 0.0688247
580 0.1 0.0688247
581 0.2 0.0917663
582 0.05 0.05
583 0.15 0.0819178
584 0.1 0.0688247
585 0.2 0.0917663
586 0.25 0.0993399
587 0.3 0.105131
588 0.25 0.0993399
589 0.3 0.127733
590 0.35 0.15
591 0.3 0.146898
592 0.3 0.146898
593 0.15 0.0819178
594 0.2 0.0917663
595 0.15 0.0819178
596 0.1 0.0688247
597 0.15 0.0819178
598 0.15 0.0819178
599 0.1 0.0688247
600 0.1 0.0688247
601 0.1 0.0688247
602 0.1 0.0688247
603 0.05 0.05
604 0.1 0.1
605 0.1 0.1
606 0 0
607 0.1 0.0688247
608 0.15 0.0819178
609 0 0
610 0 0
611 0.05 0.05
612 0.1 0.0688247
613 0.25 0.12301
614 0.25 0.0993399
615 0.35 0.15
616 0.55 0.153469
617 0.45 0.153469
618 0.35 0.15
619 0.45 0.135239
620 0.45 0.135239
621 0.3 0.105131
622 0.25 0.0993399
623 0.25 0.12301
624 0.15 0.0819178
625 0.15 0.0819178
626 0.3 0.127733
627 0.15 0.109424
628 0.2 0.0917663
629 0.2 0.11698
630 0.25 0.12301
631 0.2 0.11698
632 0.2 0.11698
633 0.2 0.11698
634 0.2 0.11698
635 0.25 0.12301
636 0.15 0.15
637 0.05 0.05
638 0.1 0.0688247
639 0.05 0.05
640 0.2 0.11698
641 0.15 0.0819178
642 0.25 0.0993399
643 0.2 0.0917663
644 0.15 0.0819178
645 0.1 0.0688247
646 0.1 0.0688247
647 0.1 0.0688247
648 0.2 0.11698
649 0.2 0.0917663
650 0.25 0.0993399
651 0.25 0.0993399
652 0.4 0.152177
653 0.35 0.15
654 0.25 0.0993399
655 0.2 0.0917663
656 0.15 0.0819178
657 0.2 0.0917663
658 0.25 0.0993399
659 0.25 0.0993399
660 0.2 0.0917663
661 0.15 0.109424
662 0.15 0.109424
663 0.15 0.109424
664 0.2 0.11698
665 0.25 0.12301
666 0.15 0.0819178
667 0.15 0.0819178
668 0.2 0.11698
669 0.1 0.0688247
670 0.1 0.0688247
671 0.1 0.0688247
672 0.05 0.05
673 0.2 0.11698
674 0.2 0.11698
675 0.1 0.0688247
676 0.15 0.0819178
677 0.25 0.0993399
678 0.25 0.0993399
679 0.25 0.0993399
680 0.15 0.0819178
681 0.15 0.0819178
682 0.1 0.0688247
683 0.2 0.11698
684 0.2 0.11698
685 0.2 0.0917663
686 0.25 0.0993399
687 0.25 0.0993399
688 0.25 0.0993399
689 0.3 0.105131
690 0.55 0.135239
691 0.45 0.114133
692 0.2 0.0917663
693 0.25 0.12301
694 0.3 0.127733
695 0.25 0.12301
696 0.15 0.0819178
697 0.15 0.0819178
698 0.15 0.0819178
699 0.15 0.0819178
700 0.25 0.0993399
701 0.15 0.0819178
702 0.15 0.0819178
703 0.2 0.11698
704 0.15 0.0819178
705 0.3 0.146898
706 0.35 0.15
707 0.15 0.0819178
708 0.1 0.0688247
709 0.1 0.0688247
710 0 0
711 0 0
712 0.1 0.0688247
713 0.15 0.0819178
714 0.15 0.0819178
715 0.25 0.12301
716 0.2 0.0917663
717 0.2 0.0917663
718 0.25 0.12301
719 0.2 0.11698
720 0.15 0.0819178
721 0.15 0.0819178
722 0.2 0.0917663
723 0.1 0.0688247
724 0.05 0.05
725 0.05 0.05
726 0.1 0.0688247
727 0.15 0.0819178
728 0.15 0.0819178
729 0.2 0.0917663
730 0.1 0.0688247
731 0.1 0.1
732 0.05 0.05
733 0.1 0.0688247
734 0.15 0.0819178
735 0.15 0.0819178
736 0.15 0.0819178
737 0.15 0.0819178
738 0.2 0.0917663
739 0.15 0.0819178
740 0.15 0.0819178
741 0.15 0.0819178
742 0.1 0.0688247
743 0.2 0.137649
744 0.2 0.11698
745 0.2 0.0917663
746 0.1 0.0688247
747 0 0
748 0.1 0.0688247
749 0.05 0.05
750 0 0
751 0.1 0.0688247
752 0 0
753 0 0
754 0.05 0.05
755 0.05 0.05
756 0.05 0.05
757 0.15 0.0819178
758 0.25 0.0993399
759 0.1 0.0688247
760 0.1 0.0688247
761 0.05 0.05
762 0.1 0.0688247
763 0 0
764 0.1 0.0688247
765 0.2 0.0917663
766 0.15 0.0819178
767 0.05 0.05
768 0.1 0.0688247
769 0.2 0.11698
770 0.1 0.0688247
771 0.15 0.109424
772 0.15 0.0819178
773 0.15 0.0819178
774 0.2 0.0917663
775 0.2 0.11698
776 0.2 0.11698
777 0.25 0.12301
778 0.15 0.0819178
779 0.15 0.0819178
780 0.15 0.0819178
781 0.15 0.0819178
782 0.2 0.0917663
783 0.25 0.0993399
784 0.3 0.105131
785 0.25 0.0993399
786 0.2 0.11698
787 0.15 0.0819178
788 0.1 0.0688247
789 0.15 0.0819178
790 0.2 0.11698
791 0.3 0.179179
792 0.4 0.183533
793 0.25 0.12301
794 0.25 0.12301
795 0.25 0.0993399
796 0.25 0.0993399
797 0.15 0.0819178
798 0.15 0.109424
799 0.05 0.05
800 0.1 0.0688247
801 0.1 0.0688247
802 0.05 0.05
803 0.1 0.1
804 0.25 0.12301
805 0.2 0.0917663
806 0.2 0.0917663
807 0.2 0.0917663
808 0.2 0.0917663
809 0.25 0.0993399
810 0.25 0.0993399
811 0.2 0.0917663
812 0.2 0.0917663
813 0.2 0.0917663
814 0.25 0.0993399
815 0.3 0.127733
816 0.3 0.127733
817 0.25 0.12301
818 0.25 0.12301
819 0.2 0.0917663
820 0.1 0.0688247
821 0.15 0.0819178
822 0.1 0.0688247
823 0.15 0.0819178
824 0.2 0.0917663
825 0.3 0.105131
826 0.2 0.0917663
827 0.25 0.0993399
828 0.25 0.0993399
829 0.25 0.0993399
830 0.25 0.12301
831 0.1 0.0688247
832 0.15 0.0819178
833 0.05 0.05
834 0 0
835 0.05 0.05
836 0.05 0.05
837 0.05 0.05
838 0.1 0.0688247
839 0.05 0.05
840 0.1 0.0688247
841 0.15 0.0819178
842 0.1 0.0688247
843 0.15 0.0819178
844 0.15 0.0819178
845 0.15 0.0819178
846 0.15 0.0819178
847 0.2 0.0917663
848 0.25 0.0993399
849 0.25 0.0993399
850 0.15 0.0819178
851 0.2 0.0917663
852 0.25 0.0993399
853 0.2 0.0917663
854 0.2 0.0917663
855 0.15 0.0819178
856 0.1 0.0688247
857 0.15 0.0819178
858 0.1 0.0688247
859 0.1 0.0688247
860 0.2 0.0917663
861 0.35 0.131289
862 0.25 0.0993399
863 0.2 0.11698
864 0.25 0.12301
865 0.1 0.0688247
866 0.2 0.0917663
867 0.1 0.0688247
868 0.1 0.0688247
869 0.1 0.0688247
870 0.25 0.0993399
871 0.2 0.0917663
872 0.25 0.0993399
873 0.25 0.12301
874 0.15 0.0819178
875 0.15 0.0819178
876 0.15 0.0819178
877 0.15 0.0819178
878 0.25 0.0993399
879 0.25 0.0993399
880 0.15 0.0819178
881 0.15 0.0819178
882 0.05 0.05
883 0 0
884 0.1 0.0688247
885 0 0
886 0.05 0.05
887 0.1 0.0688247
888 0.15 0.0819178
889 0.1 0.0688247
890 0.1 0.0688247
891 0.2 0.0917663
892 0.2 0.0917663
893 0.1 0.0688247
894 0.15 0.0819178
895 0.2 0.0917663
896 0.3 0.105131
897 0.25 0.0993399
898 0.25 0.0993399
899 0.15 0.0819178
900 0.15 0.0819178
901 0.2 0.0917663
902 0.15 0.0819178
903 0.15 0.0819178
904 0.1 0.0688247
905 0.1 0.0688247
906 0.1 0.0688247
907 0.15 0.0819178
908 0.2 0.0917663
909 0.2 0.0917663
910 0.2 0.0917663
911 0.2 0.0917663
912 0.1 0.0688247
913 0.2 0.11698
914 0.2 0.11698
915 0.15 0.0819178
916 0.2 0.0917663
917 0.15 0.0819178
918 0.05 0.05
919 0.1 0.0688247
920 0.2 0.0917663
921 0.05 0.05
922 0.05 0.05
923 0.1 0.0688247
924 0.05 0.05
925 0.25 0.12301
926 0.15 0.109424
927 0.3 0.127733
928 0.25 0.12301
929 0.25 0.12301
930 0.2 0.0917663
931 0.25 0.0993399
932 0.2 0.11698
933 0.3 0.127733
934 0.3 0.127733
935 0.35 0.131289
936 0.35 0.131289
937 0.3 0.127733
938 0.2 0.11698
939 0.4 0.168585
940 0.4 0.168585
941 0.3 0.127733
942 0.15 0.109424
943 0.25 0.12301
944 0.35 0.15
945 0.3 0.127733
946 0.3 0.127733
947 0.3 0.127733
948 0.1 0.0688247
949 0.1 0.0688247
950 0.05 0.05
951 0.05 0.05
952 0.1 0.1
953 0.15 0.0819178
954 0.1 0.0688247
955 0.1 0.0688247
956 0.1 0.0688247
957 0.1 0.0688247
958 0.15 0.0819178
959 0.2 0.0917663
960 0.25 0.12301
961 0.2 0.11698
962 0.25 0.14281
963 0.3 0.146898
964 0.3 0.146898
965 0.4 0.152177
966 0.4 0.152177
967 0.4 0.168585
968 0.45 0.184605
969 0.25 0.160181
970 0.1 0.0688247
971 0.1 0.0688247
972 0.05 0.05
973 0.05 0.05
974 0.25 0.0993399
975 0.1 0.0688247
976 0.15 0.0819178
977 0.15 0.0819178
978 0.1 0.0688247
979 0.1 0.0688247
980 0.05 0.05
981 0.1 0.0688247
982 0 0
983 0.1 0.0688247
984 0.1 0.1
985 0.1 0.0688247
986 0.05 0.05
987 0.05 0.05
988 0.05 0.05
989 0.05 0.05
990 0 0
991 0 0
992 0.05 0.05
993 0.1 0.0688247
994 0.1 0.0688247
995 0.1 0.0688247
996 0.05 0.05
997 0.05 0.05
998 0.05 0.05
999 0.1 0.0688247
1000 0.1 0.0688247
1001 0.05 0.05
1002 0.25 0.0993399
1003 0.2 0.0917663
1004 0.1 0.0688247
1005 0.2 0.0917663
1006 0.2 0.0917663
1007 0.1 0.0688247
1008 0.05 0.05
1009 0.15 0.0819178
1010 0.2 0.0917663
1011 0.15 0.0819178
1012 0.2 0.0917663
1013 0.2 0.0917663
1014 0.1 0.0688247
1015 0.1 0.0688247
1016 0.1 0.0688247
1017 0.2 0.11698
1018 0.25 0.12301
1019 0.25 0.12301
1020 0.3 0.127733
1021 0.25 0.0993399
1022 0.35 0.181731
1023 0.2 0.11698
1024 0.2 0.0917663
1025 0.1 0.0688247
1026 0.05 0.05
1027 0.1 0.0688247
1028 0 0
1029 0.05 0.05
1030 0.15 0.0819178
1031 0.15 0.0819178
1032 0.15 0.0819178
1033 0 0
1034 0.1 0.0688247
1035 0.1 0.0688247
1036 0.1 0.0688247
1037 0.1 0.0688247
1038 0.15 0.0819178
1039 0.15 0.0819178
1040 0.25 0.0993399
1041 0.2 0.0917663
1042 0.25 0.0993399
1043 0.3 0.105131
1044 0.2 0.0917663
1045 0.25 0.0993399
1046 0.2 0.0917663
1047 0.15 0.0819178
1048 0.15 0.0819178
1049 0.1 0.0688247
1050 0.2 0.0917663
1051 0.25 0.0993399
1052 0.15 0.109424
1053 0.15 0.0819178
1054 0.2 0.0917663
1055 0.3 0.105131
1056 0.25 0.0993399
1057 0.1 0.0688247
1058 0.1 0.0688247
1059 0.25 0.0993399
1060 0.3 0.105131
1061 0.2 0.0917663
1062 0.25 0.12301
1063 0.25 0.0993399
1064 0.2 0.0917663
1065 0.2 0.0917663
1066 0.1 0.0688247
1067 0.2 0.0917663
1068 0.15 0.0819178
1069 0.15 0.0819178
1070 0.2 0.0917663
1071 0.2 0.0917663
1072 0.15 0.0819178
1073 0.2 0.0917663
1074 0.35 0.131289
1075 0.3 0.105131
1076 0.3 0.105131
1077 0.1 0.0688247
1078 0.15 0.0819178
1079 0.2 0.0917663
1080 0.25 0.0993399
1081 0.3 0.105131
1082 0.3 0.127733
1083 0.4 0.152177
1084 0.35 0.15
1085 0.3 0.146898
1086 0.35 0.166623
1087 0.35 0.15
1088 0.3 0.127733
1089 0.35 0.166623
1090 0.25 0.0993399
1091 0.1 0.0688247
1092 0.15 0.0819178
1093 0.2 0.0917663
1094 0.25 0.0993399
1095 0.2 0.0917663
1096 0.15 0.0819178
1097 0.25 0.0993399
1098 0.15 0.0819178
1099 0.15 0.0819178
1100 0.15 0.0819178
1101 0.2 0.11698
1102 0.15 0.0819178
1103 0.1 0.0688247
1104 0.15 0.0819178
1105 0.2 0.0917663
1106 0.1 0.0688247
1107 0.15 0.0819178
1108 0.15 0.0819178
1109 0.2 0.11698
1110 0.2 0.0917663
1111 0.2 0.0917663
1112 0.2 0.0917663
1113 0.15 0.0819178
1114 0.15 0.0819178
1115 0.2 0.11698
1116 0.2 0.11698
1117 0.3 0.127733
1118 0.2 0.0917663
1119 0.25 0.0993399
1120 0.3 0.105131
1121 0.3 0.105131
1122 0.35 0.109424
1123 0.25 0.0993399
1124 0.05 0.05
1125 0 0
1126 0 0
1127 0 0
1128 0.05 0.05
1129 0.15 0.0819178
1130 0.25 0.12301
1131 0.2 0.0917663
1132 0.25 0.0993399
1133 0.2 0.0917663
1134 0.15 0.0819178
1135 0.25 0.0993399
1136 0.25 0.0993399
1137 0.2 0.0917663
1138 0.3 0.105131
1139 0.15 0.0819178
1140 0.05 0.05
1141 0.25 0.0993399
1142 0.35 0.109424
1143 0.25 0.0993399
1144 0.25 0.0993399
1145 0.25 0.0993399
1146 0.25 0.0993399
1147 0.2 0.0917663
1148 0.2 0.0917663
1149 0.15 0.0819178
1150 0.2 0.11698
1151 0.3 0.127733
1152 0.3 0.127733
1153 0.3 0.127733
1154 0.35 0.131289
1155 0.2 0.11698
1156 0.15 0.109424
1157 0.1 0.0688247
1158 0.2 0.11698
1159 0.3 0.146898
1160 0.15 0.0819178
1161 0.25 0.12301
1162 0.2 0.0917663
1163 0.1 0.0688247
1164 0.15 0.0819178
1165 0.15 0.0819178
1166 0.25 0.12301
1167 0.3 0.146898
1168 0.3 0.127733
1169 0.25 0.0993399
1170 0.35 0.166623
1171 0.3 0.163836
1172 0.4 0.168585
1173 0.3 0.105131
1174 0.25 0.12301
1175 0.2 0.0917663
1176 0.2 0.0917663
1177 0.25 0.12301
1178 0.3 0.127733
1179 0.15 0.0819178
1180 0.2 0.11698
1181 0.15 0.0819178
1182 0.3 0.146898
1183 0.2 0.11698
1184 0.25 0.12301
1185 0.25 0.0993399
1186 0.4 0.133771
1187 0.35 0.131289
1188 0.25 0.0993399
1189 0.25 0.0993399
1190 0.2 0.0917663
1191 0.1 0.0688247
1192 0.15 0.0819178
1193 0.15 0.0819178
1194 0.1 0.0688247
1195 0.25 0.14281
1196 0.2 0.0917663
1197 0.25 0.0993399
1198 0.3 0.105131
1199 0.3 0.127733
1200 0.25 0.12301
1201 0.25 0.0993399
1202 0.25 0.0993399
1203 0.2 0.0917663
1204 0.2 0.11698
1205 0.2 0.11698
1206 0.15 0.0819178
1207 0.15 0.0819178
1208 0.15 0.0819178
1209 0.1 0.0688247
1210 0.15 0.0819178
1211 0.15 0.0819178
1212 0.1 0.0688247
1213 0.15 0.0819178
1214 0.15 0.0819178
1215 0.2 0.0917663
1216 0.25 0.0993399
1217 0.2 0.0917663
1218 0.3 0.127733
1219 0.3 0.127733
1220 0.3 0.146898
1221 0.4 0.152177
1222 0.4 0.168585
1223 0.45 0.169752
1224 0.5 0.184961
1225 0.5 0.184961
1226 0.45 0.184605
1227 0.15 0.0819178
1228 0.15 0.0819178
1229 0.25 0.0993399
1230 0.25 0.0993399
1231 0.25 0.14281
1232 0.25 0.14281
1233 0.35 0.15
1234 0.2 0.11698
1235 0.1 0.0688247
1236 0.1 0.0688247
1237 0.1 0.0688247
1238 0.1 0.0688247
1239 0.05 0.05
1240 0.05 0.05
1241 0.05 0.05
1242 0.1 0.0688247
1243 0.2 0.0917663
1244 0.25 0.14281
1245 0.2 0.137649
1246 0.25 0.14281
1247 0.35 0.181731
1248 0.2 0.11698
1249 0.25 0.12301
1250 0.2 0.11698
1251 0.05 0.05
1252 0 0
1253 0.05 0.05
1254 0.1 0.0688247
1255 0.15 0.0819178
1256 0.35 0.131289
1257 0.15 0.0819178
1258 0.25 0.0993399
1259 0.35 0.131289
1260 0.25 0.12301
1261 0.35 0.15
1262 0.35 0.15
1263 0.2 0.11698
1264 0.15 0.0819178
1265 0.25 0.12301
1266 0.25 0.0993399
1267 0.2 0.11698
1268 0.1 0.0688247
1269 0.15 0.0819178
1270 0.15 0.0819178
1271 0.1 0.0688247
1272 0.2 0.0917663
1273 0.1 0.0688247
1274 0.2 0.0917663
1275 0.25 0.12301
1276 0.25 0.160181
1277 0.25 0.160181
1278 0.25 0.160181
1279 0.15 0.15
1280 0.15 0.15
1281 0.1 0.0688247
1282 0.05 0.05
1283 0.1 0.0688247
1284 0.15 0.0819178
1285 0.3 0.146898
1286 0.3 0.146898
1287 0.3 0.127733
1288 0.35 0.166623
1289 0.3 0.127733
1290 0.15 0.0819178
1291 0.15 0.0819178
1292 0.2 0.0917663
1293 0.25 0.0993399
1294 0.2 0.0917663
1295 0.2 0.0917663
1296 0.25 0.12301
1297 0.25 0.12301
1298 0.25 0.12301
1299 0.25 0.12301
1300 0.15 0.0819178
1301 0.2 0.0917663
1302 0.2 0.0917663
1303 0.2 0.0917663
1304 0.2 0.0917663
1305 0.15 0.0819178
1306 0.15 0.0819178
1307 0.2 0.11698
1308 0.15 0.0819178
1309 0.2 0.0917663
1310 0.25 0.0993399
1311 0.3 0.105131
1312 0.25 0.0993399
1313 0.4 0.11239
1314 0.35 0.131289
1315 0.2 0.0917663
1316 0.25 0.12301
1317 0.2 0.0917663
1318 0.2 0.0917663
1319 0.2 0.0917663
1320 0.25 0.0993399
1321 0.25 0.0993399
1322 0.25 0.0993399
1323 0.25 0.12301
1324 0.15 0.0819178
1325 0.2 0.0917663
1326 0.15 0.0819178
1327 0.15 0.0819178
1328 0.15 0.0819178
1329 0.2 0.11698
1330 0.4 0.168585
1331 0.25 0.14281
1332 0.1 0.0688247
1333 0.15 0.0819178
1334 0.25 0.12301
1335 0.1 0.0688247
1336 0.1 0.0688247
1337 0.1 0.0688247
1338 0.15 0.0819178
1339 0.1 0.0688247
1340 0.2 0.0917663
1341 0.3 0.105131
1342 0.2 0.0917663
1343 0.2 0.0917663
1344 0.2 0.0917663
1345 0.25 0.0993399
1346 0.15 0.0819178
1347 0.2 0.0917663
1348 0.2 0.0917663
1349 0.2 0.0917663
1350 0.25 0.0993399
1351 0.3 0.127733
1352 0.25 0.0993399
1353 0.15 0.0819178
1354 0.4 0.152177
1355 0.35 0.15
1356 0.35 0.15
1357 0.3 0.146898
1358 0.3 0.146898
1359 0.25 0.12301
1360 0.3 0.127733
1361 0.2 0.0917663
1362 0.1 0.0688247
1363 0.2 0.0917663
1364 0.2 0.11698
1365 0.1 0.0688247
1366 0.15 0.109424
1367 0.2 0.11698
1368 0.15 0.0819178
1369 0.1 0.0688247
1370 0.15 0.0819178
1371 0.25 0.0993399
1372 0.3 0.163836
1373 0.15 0.109424
1374 0.15 0.109424
1375 0.2 0.11698
1376 0.2 0.11698
1377 0.3 0.127733
1378 0.3 0.127733
1379 0.3 0.127733
1380 0.45 0.153469
1381 0.3 0.105131
1382 0.2 0.0917663
1383 0.15 0.0819178
1384 0.05 0.05
1385 0.15 0.0819178
1386 0.1 0.0688247
1387 0.15 0.0819178
1388 0.2 0.0917663
1389 0.3 0.105131
1390 0.25 0.0993399
1391 0.25 0.0993399
1392 0.25 0.0993399
1393 0.15 0.0819178
1394 0.1 0.0688247
1395 0.1 0.0688247
1396 0.25 0.0993399
1397 0.1 0.0688247
1398 0.05 0.05
1399 0.05 0.05
1400 0 0
1401 0.05 0.05
1402 0.15 0.0819178
1403 0.2 0.0917663
1404 0.15 0.0819178
1405 0.2 0.0917663
1406 0.1 0.0688247
1407 0.15 0.0819178
1408 0.1 0.0688247
1409 0.1 0.0688247
1410 0.05 0.05
1411 0.05 0.05
1412 0 0
1413 0.1 0.0688247
1414 0.05 0.05
1415 0.15 0.0819178
1416 0.1 0.0688247
1417 0.05 0.05
1418 0.05 0.05
1419 0.05 0.05
1420 0.15 0.109424
1421 0.1 0.0688247
1422 0.15 0.0819178
1423 0.2 0.11698
1424 0.2 0.11698
1425 0.15 0.0819178
1426 0.15 0.0819178
1427 0.15 0.0819178
1428 0.15 0.0819178
1429 0.15 0.0819178
1430 0.05 0.05
1431 0.1 0.0688247
1432 0.15 0.0819178
1433 0.1 0.0688247
1434 0.1 0.0688247
1435 0.2 0.11698
1436 0.3 0.127733
1437 0.25 0.14281
1438 0.2 0.11698
1439 0.05 0.05
1440 0.15 0.0819178
1441 0.15 0.0819178
1442 0.4 0.11239
1443 0.3 0.105131
1444 0.15 0.0819178
1445 0.2 0.0917663
1446 0.2 0.0917663
1447 0.2 0.0917663
1448 0.25 0.0993399
1449 0.1 0.0688247
1450 0.15 0.0819178
1451 0.1 0.0688247
1452 0.15 0.0819178
1453 0.2 0.0917663
1454 0.2 0.0917663
1455 0.25 0.12301
1456 0.35 0.15
1457 0.25 0.14281
1458 0.25 0.12301
1459 0.25 0.12301
1460 0.45 0.153469
1461 0.35 0.131289
1462 0.15 0.0819178
1463 0.15 0.0819178
1464 0.2 0.0917663
1465 0.2 0.0917663
1466 0.15 0.0819178
1467 0.2 0.0917663
1468 0.2 0.0917663
1469 0.1 0.0688247
1470 0.1 0.0688247
1471 0.1 0.0688247
1472 0.15 0.109424
1473 0.15 0.0819178
1474 0.15 0.0819178
1475 0.2 0.0917663
1476 0.2 0.0917663
1477 0.2 0.0917663
1478 0.25 0.0993399
1479 0.15 0.0819178
1480 0.15 0.0819178
1481 0.1 0.0688247
1482 0.35 0.166623
1483 0.45 0.169752
1484 0.3 0.127733
1485 0.25 0.0993399
1486 0.1 0.0688247
1487 0.05 0.05
1488 0.1 0.0688247
1489 0.1 0.0688247
1490 0.05 0.05
1491 0.1 0.0688247
1492 0.1 0.0688247
1493 0.15 0.0819178
1494 0.15 0.0819178
1495 0.15 0.0819178
1496 0.15 0.0819178
1497 0.2 0.0917663
1498 0.15 0.109424
1499 0.15 0.109424
1500 0.05 0.05
1501 0.1 0.0688247
1502 0.25 0.0993399
1503 0.2 0.0917663
1504 0.15 0.0819178
1505 0.15 0.0819178
1506 0.25 0.12301
1507 0.35 0.166623
1508 0.3 0.146898
1509 0.25 0.12301
1510 0.4 0.133771
1511 0.4 0.133771
1512 0.4 0.152177
1513 0.45 0.153469
1514 0.35 0.15
1515 0.15 0.0819178
1516 0.15 0.0819178
1517 0.05 0.05
1518 0.05 0.05
1519 0.15 0.109424
1520 0.05 0.05
1521 0.1 0.0688247
1522 0.05 0.05
1523 0.05 0.05
1524 0.05 0.05
1525 0.2 0.0917663
1526 0.3 0.105131
1527 0.15 0.0819178
1528 0.15 0.0819178
1529 0.35 0.131289
1530 0.2 0.0917663
1531 0.05 0.05
1532 0.1 0.0688247
1533 0.15 0.0819178
1534 0.1 0.0688247
1535 0.15 0.109424
1536 0.2 0.11698
1537 0.1 0.0688247
1538 0.1 0.0688247
1539 0.1 0.0688247
1540 0.05 0.05
1541 0.15 0.0819178
1542 0.1 0.0688247
1543 0.2 0.0917663
1544 0.1 0.0688247
1545 0.1 0.0688247
1546 0.15 0.109424
1547 0.1 0.0688247
1548 0.1 0.0688247
1549 0.15 0.0819178
1550 0.1 0.0688247
1551 0.1 0.0688247
1552 0.15 0.0819178
1553 0.05 0.05
1554 0.05 0.05
1555 0.05 0.05
1556 0.05 0.05
1557 0.05 0.05
1558 0.2 0.11698
1559 0.2 0.11698
1560 0.2 0.0917663
1561 0.2 0.0917663
1562 0.25 0.0993399
1563 0.2 0.0917663
1564 0.25 0.0993399
1565 0.1 0.0688247
1566 0.15 0.109424
1567 0.25 0.12301
1568 0.2 0.155597
1569 0.05 0.05
1570 0.05 0.05
1571 0.15 0.0819178
1572 0.15 0.0819178
1573 0.1 0.0688247
1574 0.05 0.05
1575 0.05 0.05
1576 0.1 0.0688247
1577 0.05 0.05
1578 0.1 0.0688247
1579 0.15 0.109424
1580 0.1 0.0688247
1581 0 0
1582 0.15 0.0819178
1583 0.1 0.0688247
1584 0.05 0.05
1585 0.05 0.05
1586 0 0
1587 0.05 0.05
1588 0.05 0.05
1589 0.15 0.0819178
1590 0.3 0.105131
1591 0.3 0.105131
1592 0.35 0.131289
1593 0.3 0.127733
1594 0.25 0.0993399
1595 0.2 0.0917663
1596 0.35 0.131289
1597 0.3 0.127733
1598 0.25 0.0993399
1599 0.2 0.0917663
1600 0.2 0.0917663
1601 0.2 0.0917663
1602 0.15 0.0819178
1603 0.2 0.0917663
1604 0.25 0.12301
1605 0.35 0.131289
1606 0.35 0.131289
1607 0.35 0.15
1608 0.15 0.0819178
1609 0.15 0.0819178
1610 0.15 0.0819178
1611 0.15 0.0819178
1612 0.3 0.127733
1613 0.15 0.0819178
1614 0.15 0.0819178
1615 0.15 0.0819178
1616 0.15 0.0819178
1617 0.15 0.0819178
1618 0.1 0.0688247
1619 0.15 0.0819178
1620 0.1 0.0688247
1621 0.05 0.05
1622 0.1 0.0688247
1623 0.1 0.0688247
1624 0.2 0.0917663
1625 0.15 0.0819178
1626 0.15 0.0819178
1627 0.1 0.0688247
1628 0.05 0.05
1629 0.15 0.0819178
1630 0.1 0.0688247
1631 0.2 0.11698
1632 0.2 0.11698
1633 0.15 0.109424
1634 0.15 0.109424
1635 0 0
1636 0 0
1637 0 0
1638 0 0
1639 0.1 0.0688247
1640 0.15 0.0819178
1641 0.25 0.0993399
1642 0.3 0.105131
1643 0.25 0.12301
1644 0.25 0.12301
1645 0.25 0.12301
1646 0.25 0.12301
1647 0.3 0.127733
1648 0.35 0.131289
1649 0.25 0.0993399
1650 0.15 0.0819178
1651 0.4 0.11239
1652 0.3 0.127733
1653 0.25 0.12301
1654 0.3 0.127733
1655 0.15 0.0819178
1656 0.2 0.0917663
1657 0.3 0.105131
1658 0.3 0.105131
1659 0.35 0.109424
1660 0.35 0.131289
1661 0.1 0.0688247
1662 0.15 0.0819178
1663 0.15 0.0819178
1664 0.1 0.0688247
1665 0.05 0.05
1666 0.15 0.0819178
1667 0.15 0.0819178
1668 0.2 0.0917663
1669 0.25 0.0993399
1670 0.45 0.135239
1671 0.35 0.109424
1672 0.35 0.109424
1673 0.3 0.105131
1674 0.3 0.105131
1675 0.3 0.127733
1676 0.2 0.0917663
1677 0.25 0.0993399
1678 0.25 0.0993399
1679 0.3 0.105131
1680 0.25 0.0993399
1681 0.35 0.131289
1682 0.25 0.0993399
1683 0.2 0.0917663
1684 0.1 0.0688247
1685 0.1 0.0688247
1686 0.15 0.0819178
1687 0.15 0.0819178
1688 0.15 0.0819178
1689 0.1 0.0688247
1690 0.1 0.0688247
1691 0.25 0.0993399
1692 0.35 0.166623
1693 0.25 0.0993399
1694 0.35 0.131289
1695 0.3 0.105131
1696 0.15 0.0819178
1697 0.3 0.105131
1698 0.25 0.0993399
1699 0.2 0.0917663
1700 0.25 0.12301
1701 0.15 0.0819178
1702 0.15 0.0819178
1703 0.1 0.0688247
1704 0.1 0.0688247
1705 0.05 0.05
1706 0.05 0.05
1707 0 0
1708 0 0
1709 0.05 0.05
1710 0.05 0.05
1711 0.15 0.0819178
1712 0.1 0.0688247
1713 0.1 0.0688247
1714 0.1 0.0688247
1715 0.1 0.0688247
1716 0.15 0.0819178
1717 0.15 0.0819178
1718 0.25 0.0993399
1719 0.1 0.0688247
1720 0.1 0.0688247
1721 0.15 0.0819178
1722 0.2 0.0917663
1723 0.2 0.0917663
1724 0.15 0.0819178
1725 0.05 0.05
1726 0.1 0.0688247
1727 0.1 0.0688247
1728 0.25 0.0993399
1729 0.35 0.131289
1730 0.2 0.0917663
1731 0.2 0.0917663
1732 0.25 0.0993399
1733 0.25 0.0993399
1734 0.1 0.0688247
1735 0.1 0.1
1736 0.2 0.11698
1737 0.15 0.0819178
1738 0.15 0.0819178
1739 0.2 0.11698
1740 0.2 0.0917663
1741 0.15 0.0819178
1742 0.05 0.05
1743 0.1 0.0688247
1744 0.15 0.0819178
1745 0.2 0.0917663
1746 0.15 0.0819178
1747 0.25 0.0993399
1748 0.25 0.0993399
1749 0.3 0.105131
1750 0.2 0.0917663
1751 0.15 0.0819178
1752 0 0
1753 0.05 0.05
1754 0.1 0.0688247
1755 0.15 0.0819178
1756 0.15 0.0819178
1757 0.15 0.0819178
1758 0.05 0.05
1759 0.15 0.0819178
1760 0.2 0.0917663
1761 0.25 0.0993399
1762 0.2 0.0917663
1763 0.2 0.0917663
1764 0.2 0.0917663
1765 0.2 0.0917663
1766 0.1 0.0688247
1767 0.1 0.0688247
1768 0.1 0.0688247
1769 0.1 0.0688247
1770 0.1 0.0688247
1771 0.1 0.0688247
1772 0.15 0.0819178
1773 0.2 0.0917663
1774 0.2 0.11698
1775 0.2 0.0917663
1776 0.15 0.0819178
1777 0.1 0.0688247
1778 0.15 0.0819178
1779 0.2 0.11698
1780 0.15 0.0819178
1781 0.1 0.0688247
1782 0.15 0.109424
1783 0.2 0.155597
1784 0.1 0.0688247
1785 0.1 0.0688247
1786 0.2 0.0917663
1787 0.25 0.0993399
1788 0.2 0.0917663
1789 0.3 0.105131
1790 0.2 0.0917663
1791 0.25 0.0993399
1792 0.35 0.109424
1793 0.3 0.127733
1794 0.25 0.12301
1795 0.1 0.0688247
1796 0.05 0.05
1797 0.1 0.0688247
1798 0.1 0.0688247
1799 0.1 0.0688247
1800 0.05 0.05
1801 0.05 0.05
1802 0.1 0.0688247
1803 0.2 0.11698
1804 0.2 0.11698
1805 0.2 0.0917663
1806 0.15 0.0819178
1807 0.15 0.0819178
1808 0.1 0.0688247
1809 0.2 0.0917663
1810 0.2 0.0917663
1811 0.25 0.0993399
1812 0.2 0.0917663
1813 0.1 0.0688247
1814 0.05 0.05
1815 0.2 0.0917663
1816 0.2 0.0917663
1817 0.2 0.0917663
1818 0.15 0.0819178
1819 0.15 0.0819178
1820 0.05 0.05
1821 0.05 0.05
1822 0.2 0.0917663
1823 0.15 0.0819178
1824 0.2 0.0917663
1825 0.25 0.0993399
1826 0.25 0.0993399
1827 0.3 0.127733
1828 0.2 0.0917663
1829 0.15 0.0819178
1830 0.05 0.05
1831 0.05 0.05
1832 0 0
1833 0 0
1834 0 0
1835 0.05 0.05
1836 0.05 0.05
1837 0 0
1838 0.05 0.05
1839 0.05 0.05
1840 0.1 0.0688247
1841 0.05 0.05
1842 0.15 0.0819178
1843 0.15 0.0819178
1844 0.05 0.05
1845 0.1 0.0688247
1846 0.15 0.0819178
1847 0.1 0.0688247
1848 0.2 0.11698
1849 0.15 0.0819178
1850 0.2 0.0917663
1851 0.2 0.0917663
1852 0.25 0.0993399
1853 0.25 0.12301
1854 0.2 0.11698
1855 0.15 0.0819178
1856 0.2 0.11698
1857 0.1 0.0688247
1858 0.1 0.0688247
1859 0.15 0.0819178
1860 0.2 0.0917663
1861 0.05 0.05
1862 0.1 0.0688247
1863 0.05 0.05
1864 0.1 0.0688247
1865 0.1 0.0688247
1866 0.15 0.0819178
1867 0.1 0.0688247
1868 0.15 0.0819178
1869 0.15 0.0819178
1870 0.1 0.0688247
1871 0.1 0.1
1872 0.1 0.1
1873 0.1 0.0688247
1874 0.1 0.0688247
1875 0.05 0.05
1876 0.05 0.05
1877 0.1 0.0688247
1878 0.05 0.05
1879 0 0
1880 0.1 0.0688247
1881 0.05 0.05
1882 0.1 0.0688247
1883 0.1 0.0688247
1884 0.25 0.0993399
1885 0.2 0.0917663
1886 0.15 0.0819178
1887 0.15 0.0819178
1888 0.1 0.0688247
1889 0.05 0.05
1890 0.05 0.05
1891 0.05 0.05
1892 0.15 0.109424
1893 0.15 0.109424
1894 0.05 0.05
1895 0.15 0.0819178
1896 0.1 0.0688247
1897 0.1 0.0688247
1898 0.15 0.0819178
1899 0.15 0.0819178
1900 0.2 0.11698
1901 0.15 0.109424
1902 0.25 0.12301
1903 0.1 0.0688247
1904 0.25 0.14281
1905 0.25 0.14281
1906 0.15 0.109424
1907 0.15 0.0819178
1908 0.05 0.05
1909 0.1 0.0688247
1910 0.1 0.0688247
1911 0.1 0.0688247
1912 0 0
1913 0.1 0.0688247
1914 0.15 0.0819178
1915 0.15 0.0819178
1916 0.1 0.0688247
1917 0.05 0.05
1918 0.1 0.0688247
1919 0 0
1920 0.05 0.05
1921 0.05 0.05
1922 0.05 0.05
1923 0.1 0.0688247
1924 0.1 0.0688247
1925 0.15 0.0819178
1926 0.1 0.0688247
1927 0.1 0.0688247
1928 0.1 0.0688247
1929 0.15 0.0819178
1930 0.05 0.05
1931 0.05 0.05
1932 0.1 0.0688247
1933 0.15 0.0819178
1934 0.15 0.0819178
1935 0.1 0.0688247
1936 0.05 0.05
1937 0.15 0.0819178
1938 0 0
1939 0.1 0.0688247
1940 0.05 0.05
1941 0.05 0.05
1942 0.05 0.05
1943 0.15 0.0819178
1944 0.05 0.05
1945 0 0
1946 0.05 0.05
1947 0.05 0.05
1948 0.15 0.0819178
1949 0.15 0.0819178
1950 0.1 0.0688247
1951 0.2 0.0917663
1952 0.05 0.05
1953 0.05 0.05
1954 0.1 0.0688247
1955 0.15 0.0819178
1956 0.2 0.0917663
1957 0.15 0.0819178
1958 0.35 0.131289
1959 0.2 0.11698
1960 0.25 0.12301
1961 0.2 0.11698
1962 0.25 0.12301
1963 0.25 0.12301
1964 0.2 0.0917663
1965 0.2 0.0917663
1966 0.3 0.105131
1967 0.25 0.12301
1968 0.15 0.109424
1969 0.1 0.0688247
1970 0.05 0.05
1971 0.1 0.0688247
1972 0 0
1973 0.15 0.0819178
1974 0.05 0.05
1975 0.05 0.05
1976 0.1 0.0688247
1977 0.05 0.05
1978 0.1 0.0688247
1979 0.25 0.12301
1980 0.3 0.127733
1981 0.2 0.0917663
1982 0.2 0.11698
1983 0.15 0.0819178
1984 0.1 0.0688247
1985 0.1 0.0688247
1986 0.1 0.0688247
1987 0.1 0.0688247
1988 0.05 0.05
1989 0.15 0.0819178
1990 0 0
1991 0 0
1992 0 0
1993 0.05 0.05
1994 0.05 0.05
1995 0.1 0.0688247
1996 0.05 0.05
1997 0.1 0.0688247
1998 0.1 0.0688247
1999 0.2 0.0917663
2000 0.25 0.0993399
2001 0.35 0.131289
2002 0.4 0.133771
2003 0.4 0.133771
2004 0.25 0.12301
2005 0.25 0.12301
2006 0.15 0.0819178
2007 0.15 0.0819178
2008 0.1 0.0688247
2009 0.15 0.0819178
2010 0.15 0.0819178
2011 0.15 0.0819178
2012 0.15 0.0819178
2013 0.1 0.0688247
2014 0.25 0.0993399
2015 0.2 0.0917663
2016 0.2 0.0917663
2017 0.2 0.0917663
2018 0.3 0.105131
2019 0.25 0.0993399
2020 0.25 0.0993399
2021 0.1 0.0688247
2022 0.1 0.0688247
2023 0.1 0.0688247
2024 0.05 0.05
2025 0.1 0.0688247
2026 0.25 0.0993399
2027 0.1 0.0688247
2028 0.1 0.0688247
2029 0.1 0.1
2030 0.1 0.1
2031 0.1 0.1
2032 0.15 0.0819178
2033 0.1 0.0688247
2034 0.1 0.0688247
2035 0.15 0.0819178
2036 0.15 0.0819178
2037 0.15 0.0819178
2038 0.2 0.0917663
2039 0.25 0.0993399
2040 0.2 0.0917663
2041 0.2 0.0917663
2042 0.1 0.0688247
2043 0.15 0.0819178
2044 0.15 0.109424
2045 0.15 0.15
2046 0.15 0.15
2047 0.05 0.05
2048 0.05 0.05
2049 0.1 0.0688247
2050 0.15 0.0819178
2051 0.05 0.05
2052 0.1 0.0688247
2053 0.15 0.0819178
2054 0.2 0.0917663
2055 0.2 0.0917663
2056 0.25 0.0993399
2057 0.25 0.0993399
2058 0.35 0.131289
2059 0.2 0.0917663
2060 0.15 0.0819178
2061 0.2 0.0917663
2062 0.1 0.0688247
2063 0.1 0.0688247
2064 0.15 0.0819178
2065 0.1 0.0688247
2066 0.05 0.05
2067 0.05 0.05
2068 0.05 0.05
2069 0 0
2070 0.05 0.05
2071 0.2 0.11698
2072 0.15 0.0819178
2073 0.05 0.05
2074 0.1 0.0688247
2075 0.1 0.0688247
2076 0.1 0.0688247
2077 0 0
2078 0 0
2079 0.05 0.05
2080 0.05 0.05
2081 0.1 0.0688247
2082 0.1 0.0688247
2083 0.05 0.05
2084 0 0
2085 0.05 0.05
2086 0.15 0.0819178
2087 0.25 0.12301
2088 0.15 0.0819178
2089 0.25 0.12301
2090 0.3 0.127733
2091 0.25 0.12301
2092 0.3 0.127733
2093 0.25 0.12301
2094 0.25 0.12301
2095 0.3 0.127733
2096 0.25 0.0993399
2097 0.25 0.0993399
2098 0.15 0.0819178
2099 0.15 0.109424
2100 0.1 0.0688247
2101 0.1 0.0688247
2102 0 0
2103 0 0
2104 0 0
2105 0 0
2106 0.05 0.05
2107 0.05 0.05
2108 0.05 0.05
2109 0.05 0.05
2110 0.05 0.05
2111 0.15 0.0819178
2112 0.05 0.05
2113 0.05 0.05
2114 0.25 0.0993399
2115 0.25 0.0993399
2116 0.15 0.0819178
2117 0.15 0.0819178
2118 0.1 0.0688247
2119 0.15 0.0819178
2120 0 0
2121 0.1 0.0688247
2122 0.1 0.0688247
2123 0.2 0.0917663
2124 0.25 0.12301
2125 0.3 0.127733
2126 0.25 0.12301
2127 0.3 0.163836
2128 0.2 0.11698
2129 0.05 0.05
2130 0.05 0.05
2131 0 0
2132 0.05 0.05
2133 0.1 0.0688247
2134 0.15 0.0819178
2135 0.15 0.0819178
2136 0.3 0.127733
2137 0.3 0.105131
2138 0.2 0.0917663
2139 0.3 0.105131
2140 0.25 0.0993399
2141 0.3 0.127733
2142 0.4 0.152177
2143 0.35 0.131289
2144 0.4 0.133771
2145 0.3 0.105131
2146 0.25 0.0993399
2147 0.25 0.0993399
2148 0.15 0.0819178
2149 0.15 0.0819178
2150 0.1 0.0688247
2151 0 0
2152 0 0
2153 0.05 0.05
2154 0.05 0.05
2155 0.05 0.05
2156 0.05 0.05
2157 0.1 0.0688247
2158 0.1 0.0688247
2159 0.2 0.11698
2160 0.1 0.0688247
2161 0.1 0.0688247
2162 0.1 0.0688247
2163 0.05 0.05
2164 0.1 0.0688247
2165 0.1 0.0688247
2166 0.1 0.0688247
2167 0.1 0.0688247
2168 0.15 0.0819178
2169 0.25 0.0993399
2170 0.4 0.168585
2171 0.4 0.168585
2172 0.2 0.0917663
2173 0.3 0.105131
2174 0.2 0.0917663
2175 0.1 0.0688247
2176 0.15 0.0819178
2177 0.15 0.0819178
2178 0.15 0.0819178
2179 0.2 0.0917663
2180 0.25 0.12301
2181 0.3 0.105131
2182 0.35 0.131289
2183 0.2 0.0917663
2184 0.1 0.0688247
2185 0.1 0.0688247
2186 0.2 0.0917663
2187 0.15 0.0819178
2188 0.1 0.0688247
2189 0.1 0.0688247
2190 0.05 0.05
2191 0.05 0.05
2192 0.05 0.05
2193 0.1 0.0688247
2194 0.05 0.05
2195 0.15 0.0819178
2196 0.2 0.0917663
2197 0.3 0.127733
2198 0.15 0.0819178
2199 0.1 0.0688247
2200 0.2 0.11698
2201 0.2 0.11698
2202 0.05 0.05
2203 0.2 0.0917663
2204 0.15 0.0819178
2205 0.15 0.0819178
2206 0.2 0.11698
2207 0.1 0.0688247
2208 0.2 0.0917663
2209 0.25 0.12301
2210 0.2 0.0917663
2211 0.3 0.105131
2212 0.25 0.0993399
2213 0.25 0.12301
2214 0.25 0.12301
2215 0.45 0.153469
2216 0.3 0.127733
2217 0.25 0.12301
2218 0.15 0.0819178
2219 0.1 0.0688247
2220 0.05 0.05
2221 0.1 0.0688247
2222 0.05 0.05
2223 0 0
2224 0.1 0.0688247
2225 0.15 0.109424
2226 0.2 0.11698
2227 0.2 0.0917663
2228 0.15 0.0819178
2229 0.2 0.11698
2230 0.2 0.11698
2231 0.25 0.0993399
2232 0.25 0.0993399
2233 0.25 0.0993399
2234 0.15 0.0819178
2235 0.25 0.0993399
2236 0.2 0.0917663
2237 0.15 0.0819178
2238 0.15 0.0819178
2239 0.1 0.0688247
2240 0.1 0.0688247
2241 0.15 0.0819178
2242 0.15 0.109424
2243 0.1 0.0688247
2244 0.15 0.0819178
2245 0.2 0.0917663
2246 0.2 0.0917663
2247 0.2 0.0917663
2248 0.2 0.0917663
2249 0.25 0.0993399
2250 0.3 0.127733
2251 0.25 0.0993399
2252 0.25 0.0993399
2253 0.15 0.0819178
2254 0.2 0.0917663
2255 0.2 0.0917663
2256 0.2 0.11698
2257 0.25 0.12301
2258 0.3 0.127733
2259 0.35 0.131289
2260 0.45 0.153469
2261 0.3 0.105131
2262 0.2 0.0917663
2263 0.25 0.14281
2264 0.3 0.146898
2265 0.2 0.11698
2266 0.1 0.0688247
2267 0.15 0.0819178
2268 0.15 0.0819178
2269 0.1 0.0688247
2270 0.15 0.0819178
2271 0.1 0.0688247
2272 0.05 0.05
2273 0.15 0.0819178
2274 0.1 0.0688247
2275 0.1 0.0688247
2276 0.1 0.1
2277 0.2 0.11698
2278 0.2 0.11698
2279 0.15 0.109424
2280 0.3 0.105131
2281 0.15 0.0819178
2282 0.1 0.0688247
2283 0.25 0.0993399
2284 0.35 0.131289
2285 0.2 0.0917663
2286 0.2 0.0917663
2287 0.25 0.0993399
2288 0.2 0.0917663
2289 0.2 0.0917663
2290 0.3 0.127733
2291 0.2 0.0917663
2292 0.15 0.109424
2293 0.1 0.1
2294 0.25 0.12301
2295 0.2 0.0917663
2296 0.1 0.0688247
2297 0.1 0.0688247
2298 0.2 0.0917663
2299 0.25 0.0993399
2300 0.1 0.0688247
2301 0.1 0.0688247
2302 0.15 0.0819178
2303 0.1 0.0688247
2304 0.05 0.05
2305 0.05 0.05
2306 0.05 0.05
2307 0 0
2308 0.05 0.05
2309 0.05 0.05
2310 0.1 0.0688247
2311 0.1 0.0688247
2312 0.15 0.0819178
2313 0.1 0.0688247
2314 0.25 0.12301
2315 0.15 0.0819178
2316 0.2 0.0917663
2317 0.2 0.0917663
2318 0.4 0.152177
2319 0.4 0.168585
2320 0.3 0.127733
2321 0.3 0.127733
2322 0.25 0.12301
2323 0.2 0.0917663
2324 0.1 0.0688247
2325 0.15 0.0819178
2326 0.1 0.0688247
2327 0.1 0.0688247
2328 0.1 0.0688247
2329 0.15 0.0819178
2330 0.15 0.0819178
2331 0.1 0.0688247
2332 0.1 0.1
2333 0.1 0.0688247
2334 0.15 0.109424
2335 0.2 0.11698
2336 0.2 0.155597
2337 0.3 0.163836
2338 0.2 0.155597
2339 0.15 0.15
2340 0.2 0.155597
2341 0.2 0.155597
2342 0.2 0.155597
2343 0.2 0.11698
2344 0.3 0.146898
2345 0.35 0.166623
2346 0.35 0.166623
2347 0.25 0.12301
2348 0.3 0.127733
2349 0.4 0.152177
2350 0.45 0.153469
2351 0.25 0.0993399
2352 0.3 0.105131
2353 0.35 0.131289
2354 0.4 0.133771
2355 0.4 0.133771
2356 0.4 0.11239
2357 0.35 0.109424
2358 0.3 0.105131
2359 0.2 0.0917663
2360 0.15 0.0819178
2361 0.15 0.0819178
2362 0.15 0.0819178
2363 0.25 0.0993399
2364 0.1 0.0688247
2365 0.15 0.0819178
2366 0 0
2367 0.05 0.05
2368 0.05 0.05
2369 0.05 0.05
2370 0.15 0.0819178
2371 0.15 0.0819178
2372 0.3 0.127733
2373 0.1 0.0688247
2374 0.1 0.0688247
2375 0.2 0.0917663
2376 0.2 0.0917663
2377 0.1 0.0688247
2378 0.05 0.05
2379 0.1 0.0688247
2380 0.1 0.0688247
2381 0.05 0.05
2382 0 0
2383 0.05 0.05
2384 0.1 0.0688247
2385 0.3 0.146898
2386 0.3 0.146898
2387 0.2 0.11698
2388 0.25 0.0993399
2389 0.15 0.0819178
2390 0.2 0.0917663
2391 0.15 0.0819178
2392 0.1 0.1
2393 0.05 0.05
2394 0.15 0.109424
2395 0.15 0.0819178
2396 0.1 0.0688247
2397 0.35 0.15
2398 0.25 0.12301
2399 0.25 0.12301
2400 0.35 0.166623
2401 0.35 0.166623
2402 0.3 0.105131
2403 0.2 0.0917663
2404 0.35 0.109424
2405 0.25 0.0993399
2406 0.2 0.0917663
2407 0.15 0.0819178
2408 0.25 0.12301
2409 0.1 0.0688247
2410 0.15 0.0819178
2411 0.15 0.0819178
2412 0.1 0.0688247
2413 0.1 0.0688247
2414 0.15 0.0819178
2415 0.1 0.0688247
2416 0.1 0.0688247
2417 0.15 0.0819178
2418 0.15 0.0819178
2419 0.05 0.05
2420 0.1 0.0688247
2421 0.05 0.05
2422 0.05 0.05
2423 0.1 0.0688247
2424 0.05 0.05
2425 0.05 0.05
2426 0.05 0.05
2427 0.05 0.05
2428 0.05 0.05
2429 0.05 0.05
2430 0 0
2431 0.1 0.0688247
2432 0.2 0.0917663
2433 0.2 0.0917663
2434 0.25 0.0993399
2435 0.2 0.0917663
2436 0.2 0.0917663
2437 0.25 0.0993399
2438 0.2 0.0917663
2439 0.2 0.0917663
2440 0.3 0.127733
2441 0.35 0.131289
2442 0.35 0.131289
2443 0.2 0.11698
2444 0.2 0.0917663
2445 0.25 0.12301
2446 0.3 0.127733
2447 0.2 0.11698
2448 0.2 0.11698
2449 0.3 0.105131
2450 0.3 0.105131
2451 0.25 0.0993399
2452 0.25 0.0993399
2453 0.1 0.0688247
2454 0.05 0.05
2455 0.05 0.05
2456 0.2 0.0917663
2457 0.1 0.0688247
2458 0.25 0.12301
2459 0.25 0.12301
2460 0.15 0.0819178
2461 0.1 0.0688247
2462 0.05 0.05
2463 0.05 0.05
2464 0.15 0.0819178
2465 0.15 0.109424
2466 0.1 0.0688247
2467 0.15 0.0819178
2468 0.25 0.0993399
2469 0.2 0.0917663
2470 0.3 0.105131
2471 0.2 0.0917663
2472 0.25 0.0993399
2473 0.15 0.0819178
2474 0.2 0.0917663
2475 0.2 0.0917663
2476 0.25 0.0993399
2477 0.15 0.0819178
2478 0.3 0.127733
2479 0.35 0.15
2480 0.25 0.12301
2481 0.2 0.11698
2482 0.3 0.127733
2483 0.3 0.127733
2484 0.3 0.127733
2485 0.25 0.12301
2486 0.4 0.152177
2487 0.25 0.12301
2488 0.3 0.127733
2489 0.2 0.11698
2490 0.15 0.0819178
2491 0.15 0.0819178
2492 0.2 0.11698
2493 0.15 0.0819178
2494 0.15 0.0819178
2495 0.15 0.109424
2496 0.15 0.0819178
2497 0.1 0.0688247
2498 0.2 0.11698
2499 0.25 0.0993399
2500 0.2 0.0917663
2501 0.2 0.0917663
2502 0.2 0.0917663
2503 0.15 0.0819178
2504 0.2 0.0917663
2505 0.3 0.105131
2506 0.25 0.12301
2507 0.25 0.12301
2508 0.2 0.0917663
2509 0.2 0.0917663
2510 0.2 0.0917663
2511 0.25 0.0993399
2512 0.5 0.170139
2513 0.4 0.133771
2514 0.3 0.127733
2515 0.3 0.127733
2516 0.3 0.127733
2517 0.15 0.0819178
2518 0.2 0.11698
2519 0.05 0.05
2520 0.05 0.05
2521 0.1 0.0688247
2522 0.1 0.0688247
2523 0.05 0.05
2524 0.05 0.05
2525 0 0
2526 0 0
2527 0 0
2528 0.15 0.0819178
2529 0.1 0.0688247
2530 0.1 0.0688247
2531 0.05 0.05
2532 0.1 0.1
2533 0.2 0.11698
2534 0.25 0.12301
2535 0.3 0.127733
2536 0.2 0.11698
2537 0.25 0.0993399
2538 0.3 0.105131
2539 0.3 0.127733
2540 0.3 0.105131
2541 0.25 0.12301
2542 0.2 0.11698
2543 0.15 0.109424
2544 0.25 0.12301
2545 0.4 0.152177
2546 0.35 0.15
2547 0.25 0.12301
2548 0.15 0.0819178
2549 0.25 0.0993399
2550 0.25 0.0993399
2551 0.2 0.0917663
2552 0.2 0.11698
2553 0.2 0.11698
2554 0.15 0.0819178
2555 0.15 0.0819178
2556 0.1 0.0688247
2557 0.1 0.0688247
2558 0.15 0.0819178
2559 0.15 0.0819178
2560 0.2 0.0917663
2561 0.3 0.127733
2562 0.25 0.0993399
2563 0.25 0.0993399
2564 0.15 0.0819178
2565 0.2 0.0917663
2566 0.2 0.0917663
2567 0.2 0.0917663
2568 0.15 0.0819178
2569 0.2 0.0917663
2570 0.15 0.0819178
2571 0.15 0.0819178
2572 0.2 0.11698
2573 0.2 0.11698
2574 0.2 0.11698
2575 0.2 0.11698
2576 0.3 0.127733
2577 0.25 0.12301
2578 0.2 0.11698
2579 0.05 0.05
2580 0.2 0.0917663
2581 0.2 0.0917663
2582 0.2 0.11698
2583 0.2 0.11698
2584 0.25 0.14281
2585 0.2 0.11698
2586 0.1 0.0688247
2587 0.1 0.0688247
2588 0.15 0.0819178
2589 0.05 0.05
2590 0.05 0.05
2591 0.05 0.05
2592 0.15 0.0819178
2593 0.2 0.0917663
2594 0.15 0.0819178
2595 0.15 0.0819178
2596 0.15 0.0819178
2597 0.2 0.0917663
2598 0.2 0.11698
2599 0.25 0.12301
2600 0.2 0.0917663
2601 0.15 0.0819178
2602 0.2 0.11698
2603 0.15 0.0819178
2604 0.15 0.0819178
2605 0.15 0.0819178
2606 0.2 0.11698
2607 0.2 0.11698
2608 0.2 0.11698
2609 0.2 0.155597
2610 0.2 0.11698
2611 0.25 0.12301
2612 0.2 0.11698
2613 0.2 0.11698
2614 0.1 0.0688247
2615 0.05 0.05
2616 0.05 0.05
2617 0.05 0.05
2618 0 0
2619 0.05 0.05
2620 0.2 0.11698
2621 0.2 0.11698
2622 0.1 0.0688247
2623 0.2 0.0917663
2624 0.1 0.0688247
2625 0.1 0.0688247
2626 0.15 0.0819178
2627 0.1 0.0688247
2628 0.1 0.1
2629 0.05 0.05
2630 0.15 0.0819178
2631 0.15 0.0819178
2632 0.15 0.0819178
2633 0.1 0.0688247
2634 0.1 0.0688247
2635 0.15 0.0819178
2636 0.15 0.109424
2637 0.15 0.0819178
2638 0.15 0.109424
2639 0.2 0.11698
2640 0.25 0.12301
2641 0.2 0.11698
2642 0.2 0.11698
2643 0.1 0.0688247
2644 0.1 0.0688247
2645 0.2 0.0917663
2646 0.2 0.0917663
2647 0.25 0.0993399
2648 0.3 0.127733
2649 0.2 0.11698
2650 0.25 0.0993399
2651 0.2 0.0917663
2652 0.05 0.05
2653 0.05 0.05
2654 0.1 0.0688247
2655 0.05 0.05
2656 0.05 0.05
2657 0.1 0.0688247
2658 0 0
2659 0 0
2660 0 0
2661 0.05 0.05
2662 0.05 0.05
2663 0.1 0.0688247
2664 0.1 0.0688247
2665 0.25 0.0993399
2666 0.3 0.105131
2667 0.2 0.0917663
