0 0 0
1 3.33333 0.300702
2 6.46667 0.446528
3 7.8 0.547513
4 8.3 0.565584
5 6.93333 0.559008
6 6.1 0.487428
7 5.03333 0.393871
8 4.73333 0.400957
9 4.46667 0.385762
10 3.66667 0.346852
11 3.43333 0.290395
12 3.03333 0.251356
13 2.8 0.231933
14 2.43333 0.233333
15 2.2 0.231933
16 1.86667 0.23358
17 1.7 0.209817
18 1.5 0.223607
19 1.23333 0.183725
20 1.16667 0.179932
21 1.1 0.168496
22 0.966667 0.139649
23 0.933333 0.143305
24 0.866667 0.141692
25 0.8 0.130428
26 0.8 0.130428
27 0.733333 0.135046
28 0.733333 0.135046
29 0.7 0.136878
30 0.666667 0.138409
31 0.566667 0.132902
32 0.566667 0.132902
33 0.566667 0.132902
34 0.533333 0.114805
35 0.433333 0.103761
36 0.4 0.0909718
37 0.366667 0.0894855
38 0.3 0.0850963
39 0.3 0.0850963
40 0.3 0.0850963
41 0.3 0.0850963
42 0.3 0.0850963
43 0.233333 0.0785403
44 0.233333 0.0785403
45 0.2 0.0742781
46 0.166667 0.0692046
47 0.166667 0.0692046
48 0.166667 0.0692046
49 0.133333 0.0631243
50 0.1 0.0557086
51 0.1 0.0557086
52 0.1 0.0557086
53 0.133333 0.0631243
54 0.1 0.0557086
55 0.1 0.0557086
56 0.1 0.0557086
57 0.0666667 0.0463206
58 0.0333333 0.0333333
59 0.0333333 0.0333333
60 0.0333333 0.0333333
61 0.0333333 0.0333333
62 0.0333333 0.0333333
63 0.0333333 0.0333333
64 0.0333333 0.0333333
65 0.0333333 0.0333333
66 0.0333333 0.0333333
67 0.0333333 0.0333333
68 0.0333333 0.0333333
69 0.0333333 0.0333333
70 0.0333333 0.0333333
71 0.0333333 0.0333333
72 0.0333333 0.0333333
73 0.0333333 0.0333333
74 0.0333333 0.0333333
75 0.0333333 0.0333333
76 0.0333333 0.0333333
77 0.0333333 0.0333333
78 0.0333333 0.0333333
79 0.0333333 0.0333333
80 0.0333333 0.0333333
81 0.0333333 0.0333333
82 0.0333333 0.0333333
83 0.0333333 0.0333333
84 0.0333333 0.0333333
85 0.0333333 0.0333333
86 0.0333333 0.0333333
87 0.0333333 0.0333333
88 0.0333333 0.0333333
89 0.0333333 0.0333333
90 0.0333333 0.0333333
91 0.0333333 0.0333333
92 0.0333333 0.0333333
93 0.0333333 0.0333333
94 0.0333333 0.0333333
95 0.0333333 0.0333333
96 0.0333333 0.0333333
97 0.0333333 0.0333333
98 0.0333333 0.0333333
99 0.0333333 0.0333333
100 0.0333333 0.0333333
101 0.0333333 0.0333333
102 0.0333333 0.0333333
103 0.0333333 0.0333333
104 0.0333333 0.0333333
105 0.0333333 0.0333333
106 0.0333333 0.0333333
107 0.0333333 0.0333333
108 0 0
109 0 0
110 0 0
111 0 0
112 0 0
113 0 0
114 0 0
115 0 0
116 0.0333333 0.0333333
117 0.0333333 0.0333333
118 0.0333333 0.0333333
119 0.0333333 0.0333333
120 0.0333333 0.0333333
121 0.0333333 0.0333333
122 0.0333333 0.0333333
123 0.0333333 0.0333333
124 0.0333333 0.0333333
125 0 0
126 0 0
127 0 0
128 0 0
129 0 0
130 0 0
131 0 0
132 0 0
133 0 0
134 0 0
135 0 0
136 0 0
137 0 0
138 0 0
139 0 0
140 0 0
141 0 0
142 0 0
143 0 0
144 0 0
145 0 0
146 0 0
147 0 0
148 0 0
149 0 0
150 0 0
151 0 0
152 0 0
153 0 0
154 0 0
155 0 0
156 0 0
157 0 0
158 0 0
159 0 0
160 0 0
161 0 0
162 0 0
163 0 0
164 0 0
165 0 0
166 0 0
167 0 0
168 0 0
169 0 0
170 0 0
171 0 0
172 0 0
173 0 0
174 0 0
175 0 0
176 0 0
177 0 0
178 0 0
179 0 0
180 0 0
181 0 0
182 0 0
183 0 0
184 0 0
185 0 0
186 0 0
187 0 0
188 0 0
189 0 0
190 0 0
191 0 0
192 0 0
193 0 0
194 0 0
195 0 0
196 0 0
197 0 0
198 0 0
199 0 0
200 0 0
201 0 0
202 0 0
203 0 0
204 0 0
205 0 0
206 0 0
207 0 0
208 0 0
209 0 0
210 0 0
211 0 0
212 0 0
213 0 0
214 0 0
215 0 0
216 0 0
217 0 0
218 0 0
219 0 0
220 0 0
221 0 0
222 0 0
223 0 0
224 0 0
225 0 0
226 0 0
227 0 0
228 0 0
229 0 0
230 0 0
231 0 0
232 0 0
233 0 0
234 0 0
235 0 0
236 0 0
237 0 0
238 0 0
239 0.0333333 0.0333333
240 0.0333333 0.0333333
241 0.0333333 0.0333333
242 0.0333333 0.0333333
243 0 0
244 0 0
245 0 0
246 0 0
247 0 0
248 0 0
249 0 0
250 0 0
251 0 0
252 0 0
253 0 0
254 0 0
255 0 0
256 0 0
257 0 0
258 0 0
259 0 0
260 0 0
261 0 0
262 0 0
263 0 0
264 0 0
265 0 0
266 0 0
267 0 0
268 0 0
269 0 0
270 0 0
271 0 0
272 0 0
273 0 0
274 0 0
275 0 0
276 0 0
277 0 0
278 0 0
279 0 0
280 0 0
281 0 0
282 0 0
283 0 0
284 0 0
285 0 0
286 0 0
287 0 0
288 0 0
289 0 0
290 0 0
291 0 0
292 0 0
293 0 0
294 0 0
295 0 0
296 0 0
297 0 0
298 0 0
299 0 0
300 0 0
301 0 0
302 0 0
303 0 0
304 0 0
305 0.0333333 0.0333333
306 0.0333333 0.0333333
307 0.0333333 0.0333333
308 0.0333333 0.0333333
309 0.0333333 0.0333333
310 0.0666667 0.0463206
311 0.0666667 0.0463206
312 0.0666667 0.0463206
313 0.0666667 0.0463206
314 0.0666667 0.0463206
315 0.0666667 0.0463206
316 0.0666667 0.0463206
317 0.0333333 0.0333333
318 0.0333333 0.0333333
319 0.0333333 0.0333333
320 0.0333333 0.0333333
321 0.0333333 0.0333333
322 0.0333333 0.0333333
323 0.0333333 0.0333333
324 0.0333333 0.0333333
325 0.0333333 0.0333333
326 0.0333333 0.0333333
327 0.0333333 0.0333333
328 0.0333333 0.0333333
329 0.0333333 0.0333333
330 0.0333333 0.0333333
331 0 0
332 0 0
333 0 0
334 0 0
335 0 0
336 0 0
337 0 0
338 0 0
339 0 0
340 0 0
341 0 0
342 0 0
343 0 0
344 0 0
345 0 0
346 0 0
347 0 0
348 0 0
349 0 0
350 0 0
351 0 0
352 0 0
353 0 0
354 0 0
355 0 0
356 0 0
357 0 0
358 0 0
359 0 0
360 0 0
361 0 0
362 0 0
363 0 0
364 0 0
365 0 0
366 0 0
367 0 0
368 0 0
369 0 0
370 0 0
371 0 0
372 0 0
373 0 0
374 0 0
375 0 0
376 0 0
377 0 0
378 0 0
379 0 0
380 0 0
381 0 0
382 0 0
383 0 0
384 0 0
385 0 0
386 0 0
387 0 0
388 0 0
389 0 0
390 0 0
391 0 0
392 0 0
393 0 0
394 0 0
395 0 0
396 0 0
397 0 0
398 0 0
399 0 0
400 0 0
401 0 0
402 0 0
403 0 0
404 0 0
405 0 0
406 0 0
407 0 0
408 0 0
409 0 0
410 0 0
411 0 0
412 0 0
413 0 0
414 0 0
415 0 0
416 0 0
417 0 0
418 0 0
419 0 0
420 0 0
421 0 0
422 0 0
423 0 0
424 0 0
425 0 0
426 0 0
427 0 0
428 0 0
429 0 0
430 0 0
431 0 0
432 0 0
433 0 0
434 0 0
435 0 0
436 0 0
437 0 0
438 0 0
439 0 0
440 0 0
441 0 0
442 0 0
443 0 0
444 0 0
445 0 0
446 0 0
447 0 0
448 0 0
449 0 0
450 0 0
451 0.0333333 0.0333333
452 0 0
453 0 0
454 0 0
455 0 0
456 0 0
457 0 0
458 0 0
459 0 0
460 0 0
461 0 0
462 0 0
463 0 0
464 0 0
465 0 0
466 0 0
467 0 0
468 0 0
469 0 0
470 0 0
471 0 0
472 0 0
473 0 0
474 0 0
475 0 0
476 0 0
477 0 0
478 0 0
479 0 0
480 0 0
481 0 0
482 0 0
483 0 0
484 0 0
485 0 0
486 0 0
487 0 0
488 0 0
489 0 0
490 0 0
491 0 0
492 0 0
493 0 0
494 0 0
495 0 0
496 0 0
497 0 0
498 0 0
499 0 0
500 0 0
501 0 0
502 0 0
503 0 0
504 0.0333333 0.0333333
505 0.0333333 0.0333333
506 0.133333 0.0631243
507 0.133333 0.0631243
508 0.166667 0.0692046
509 0.266667 0.0821176
510 0.3 0.0850963
511 0.3 0.0850963
512 0.266667 0.0821176
513 0.333333 0.0998082
514 0.266667 0.0821176
515 0.266667 0.0821176
516 0.266667 0.0821176
517 0.3 0.0850963
518 0.3 0.0850963
519 0.266667 0.0950902
520 0.366667 0.13116
521 0.333333 0.129839
522 0.433333 0.132902
523 0.566667 0.1492
524 0.5 0.157203
525 0.6 0.163299
526 0.566667 0.177358
527 0.6 0.170193
528 0.6 0.170193
529 0.633333 0.162476
530 0.533333 0.133333
531 0.6 0.132179
532 0.666667 0.146478
533 0.766667 0.141286
534 0.833333 0.159621
535 0.866667 0.164235
536 0.833333 0.159621
537 0.933333 0.165629
538 0.833333 0.15225
539 0.8 0.154622
540 0.766667 0.163885
541 0.7 0.136878
542 0.733333 0.143305
543 0.766667 0.1492
544 0.833333 0.159621
545 0.966667 0.169403
546 0.866667 0.171091
547 0.933333 0.172429
548 0.933333 0.172429
549 1.06667 0.1973
550 0.966667 0.182469
551 0.966667 0.200478
552 1 0.208993
553 0.9 0.199712
554 0.966667 0.200478
555 0.933333 0.185282
556 0.9 0.168496
557 0.933333 0.172429
558 1 0.172873
559 0.9 0.146609
560 0.866667 0.114805
561 0.966667 0.139649
562 0.933333 0.151113
563 0.933333 0.143305
564 0.866667 0.141692
565 0.8 0.154622
566 0.833333 0.166667
567 0.966667 0.169403
568 0.966667 0.162476
569 1 0.179399
570 0.866667 0.177682
571 1 0.179399
572 1.1 0.187849
573 1.06667 0.191385
574 0.966667 0.147651
575 0.933333 0.135046
576 0.8 0.130428
577 0.866667 0.141692
578 0.933333 0.151113
579 0.966667 0.169403
580 0.9 0.168496
581 0.733333 0.151113
582 0.8 0.161885
583 0.766667 0.163885
584 0.833333 0.173426
585 0.833333 0.144503
586 0.733333 0.126249
587 0.766667 0.114303
588 0.733333 0.11679
589 0.733333 0.126249
590 0.733333 0.143305
591 0.6 0.132179
592 0.533333 0.114805
593 0.5 0.114971
594 0.433333 0.103761
595 0.466667 0.104313
596 0.566667 0.132902
597 0.666667 0.146478
598 0.666667 0.146478
599 0.833333 0.166667
600 0.8 0.161885
601 0.666667 0.154126
602 0.866667 0.141692
603 0.833333 0.15225
604 0.833333 0.166667
605 0.7 0.145033
606 0.8 0.161885
607 0.833333 0.144503
608 0.8 0.161885
609 0.7 0.136878
610 0.866667 0.177682
611 0.9 0.168496
612 0.866667 0.157081
613 0.9 0.16153
614 0.866667 0.171091
615 0.833333 0.159621
616 0.9 0.168496
617 0.9 0.168496
618 0.866667 0.157081
619 0.933333 0.165629
620 0.966667 0.176057
621 0.9 0.16153
622 0.733333 0.151113
623 0.8 0.154622
624 0.9 0.187849
625 0.966667 0.200478
626 1.03333 0.176057
627 0.933333 0.165629
628 0.766667 0.156714
629 0.6 0.123176
630 0.666667 0.120662
631 0.466667 0.104313
632 0.6 0.113462
633 0.633333 0.139649
634 0.766667 0.163885
635 0.833333 0.15225
636 0.8 0.161885
637 0.7 0.136878
638 0.733333 0.135046
639 0.7 0.152753
640 0.8 0.168836
641 0.8 0.168836
642 0.833333 0.173426
643 0.833333 0.179932
644 0.933333 0.172429
645 1.06667 0.219369
646 1.03333 0.211635
647 1.06667 0.185282
648 1.1 0.187849
649 1.1 0.216291
650 1.06667 0.214065
651 1 0.203419
652 1.1 0.22667
653 1.1 0.175185
654 1.06667 0.158537
655 1.03333 0.162476
656 1 0.15902
657 0.9 0.138547
658 0.833333 0.127607
659 0.8 0.130428
660 0.833333 0.136317
661 0.933333 0.151113
662 0.866667 0.157081
663 0.866667 0.171091
664 1.03333 0.206132
665 1 0.185695
666 1.03333 0.182469
667 0.966667 0.182469
668 0.9 0.181627
669 0.933333 0.178971
670 1 0.185695
671 1 0.172873
672 1 0.15902
673 1.06667 0.172429
674 1.06667 0.191385
675 1.1 0.199712
676 1.13333 0.201907
677 1.2 0.194168
678 1.06667 0.191385
679 0.933333 0.178971
680 0.933333 0.172429
681 1 0.185695
682 0.866667 0.157081
683 0.866667 0.141692
684 0.766667 0.141286
685 0.8 0.154622
686 0.7 0.152753
687 0.866667 0.164235
688 0.966667 0.200478
689 1.03333 0.176057
690 1 0.166091
691 0.9 0.138547
692 0.8 0.130428
693 0.866667 0.157081
694 0.766667 0.141286
695 0.533333 0.114805
696 0.6 0.123176
697 0.666667 0.146478
698 0.633333 0.139649
699 0.633333 0.139649
700 0.666667 0.146478
701 0.666667 0.129839
702 0.766667 0.141286
703 0.7 0.152753
704 0.833333 0.18621
705 0.8 0.188155
706 0.733333 0.185282
707 0.833333 0.192284
708 0.933333 0.214065
709 0.966667 0.216998
710 0.9 0.193872
711 0.833333 0.166667
712 0.8 0.181944
713 0.833333 0.173426
714 0.9 0.168496
715 0.966667 0.176057
716 0.966667 0.176057
717 0.833333 0.173426
718 0.8 0.168836
719 0.9 0.168496
720 1 0.208993
721 1.03333 0.188663
722 1.13333 0.177682
723 0.933333 0.158537
724 0.966667 0.169403
725 0.933333 0.165629
726 0.866667 0.171091
727 0.7 0.145033
728 0.666667 0.129839
729 0.566667 0.123952
730 0.566667 0.132902
731 0.6 0.132179
732 0.6 0.123176
733 0.633333 0.162476
734 0.666667 0.187747
735 0.733333 0.224547
736 0.666667 0.221455
737 0.633333 0.200478
738 0.7 0.198558
739 0.633333 0.194661
740 0.666667 0.193773
741 0.633333 0.194661
742 0.633333 0.200478
743 0.533333 0.171091
744 0.566667 0.183725
745 0.633333 0.182469
746 0.6 0.156102
747 0.666667 0.168382
748 0.733333 0.178971
749 0.633333 0.147651
750 0.666667 0.146478
751 0.7 0.160101
752 0.766667 0.163885
753 0.7 0.160101
754 0.766667 0.177358
755 0.633333 0.155241
756 0.566667 0.132902
757 0.566667 0.132902
758 0.533333 0.124414
759 0.533333 0.149584
760 0.666667 0.129839
761 0.7 0.118903
762 0.7 0.108808
763 0.666667 0.110727
764 0.7 0.128206
765 0.7 0.128206
766 0.833333 0.144503
767 0.6 0.140606
768 0.566667 0.141286
769 0.533333 0.124414
770 0.433333 0.114303
771 0.433333 0.114303
772 0.5 0.124568
773 0.533333 0.124414
774 0.6 0.140606
775 0.5 0.114971
776 0.566667 0.123952
777 0.566667 0.123952
778 0.5 0.114971
779 0.566667 0.114303
780 0.633333 0.122083
781 0.733333 0.151113
782 0.733333 0.135046
783 0.766667 0.132902
784 0.733333 0.135046
785 0.7 0.167126
786 0.866667 0.177682
787 0.933333 0.172429
788 0.866667 0.149584
789 1.03333 0.188663
790 0.966667 0.162476
791 1.03333 0.200478
792 1 0.214423
793 1.1 0.199712
794 0.9 0.199712
795 0.866667 0.196131
796 0.833333 0.198172
797 0.9 0.193872
798 0.866667 0.19018
799 0.8 0.154622
800 0.633333 0.139649
801 0.7 0.180357
802 0.7 0.180357
803 0.666667 0.193773
804 0.633333 0.162476
805 0.633333 0.176057
806 0.666667 0.154126
807 0.666667 0.154126
808 0.6 0.140606
809 0.7 0.136878
810 0.7 0.128206
811 0.666667 0.138409
812 0.666667 0.138409
813 0.933333 0.172429
814 1.1 0.210909
815 1.03333 0.211635
816 1.06667 0.1973
817 1.03333 0.176057
818 1.03333 0.194661
819 1 0.197688
820 0.966667 0.194661
821 0.966667 0.206132
822 1.1 0.216291
823 0.966667 0.194661
824 1.06667 0.208626
825 1.03333 0.188663
826 1.1 0.187849
827 1.03333 0.169403
828 1.03333 0.176057
829 1.13333 0.184037
830 1.03333 0.162476
831 1.13333 0.171091
832 1.13333 0.157081
833 1 0.143839
834 1.16667 0.166667
835 1.1 0.168496
836 1.03333 0.139649
837 1.03333 0.139649
838 1 0.135613
839 0.966667 0.13116
840 0.933333 0.126249
841 0.9 0.129987
842 0.9 0.129987
843 0.833333 0.127607
844 0.933333 0.143305
845 0.8 0.121296
846 0.833333 0.127607
847 0.9 0.15425
848 0.866667 0.157081
849 1 0.15902
850 0.866667 0.141692
851 0.933333 0.151113
852 0.866667 0.133333
853 0.866667 0.133333
854 0.9 0.120821
855 0.966667 0.155241
856 0.833333 0.144503
857 1.06667 0.172429
858 1 0.15162
859 1.03333 0.162476
860 0.966667 0.155241
861 1 0.143839
862 0.9 0.146609
863 1 0.15902
864 0.966667 0.169403
865 1.03333 0.169403
866 0.966667 0.188663
867 0.866667 0.157081
868 0.666667 0.138409
869 0.6 0.132179
870 0.633333 0.13116
871 0.666667 0.129839
872 0.7 0.128206
873 0.6 0.132179
874 0.633333 0.139649
875 0.833333 0.15225
876 0.866667 0.177682
877 0.733333 0.172429
878 0.866667 0.212988
879 0.8 0.194168
880 0.666667 0.146478
881 0.833333 0.159621
882 0.833333 0.159621
883 0.766667 0.156714
884 0.733333 0.158537
885 0.8 0.154622
886 0.6 0.123176
887 0.566667 0.114303
888 0.766667 0.141286
889 0.9 0.168496
890 0.9 0.146609
891 0.933333 0.143305
892 0.9 0.129987
893 1 0.15162
894 1.03333 0.155241
895 1.06667 0.158537
896 1 0.15902
897 1.06667 0.178971
898 1.2 0.147001
899 1.23333 0.177358
900 1.2 0.175512
901 1.03333 0.176057
902 1.1 0.168496
903 1.1 0.168496
904 1.06667 0.158537
905 1.23333 0.156714
906 1.2 0.147001
907 1.13333 0.141692
908 1.1 0.15425
909 1.13333 0.157081
910 1.06667 0.172429
911 1.16667 0.179932
912 1.16667 0.173426
913 1.2 0.161885
914 1.23333 0.170754
915 1.2 0.175512
916 1.16667 0.173426
917 1.06667 0.172429
918 1 0.172873
919 0.966667 0.169403
920 0.9 0.15425
921 1 0.15902
922 0.9 0.146609
923 0.933333 0.135046
924 0.933333 0.165629
925 0.8 0.161885
926 0.8 0.161885
927 0.933333 0.208626
928 0.866667 0.201907
929 0.933333 0.185282
930 0.966667 0.169403
931 0.866667 0.164235
932 0.733333 0.151113
933 0.766667 0.141286
934 0.833333 0.136317
935 0.833333 0.136317
936 0.733333 0.143305
937 0.766667 0.132902
938 0.766667 0.141286
939 0.8 0.154622
940 0.766667 0.156714
941 0.7 0.160101
942 0.766667 0.156714
943 0.933333 0.158537
944 0.966667 0.147651
945 0.833333 0.144503
946 0.833333 0.136317
947 0.766667 0.141286
948 0.9 0.16153
949 0.866667 0.164235
950 0.833333 0.166667
951 0.866667 0.184037
952 0.833333 0.179932
953 0.933333 0.203042
954 0.933333 0.214065
955 0.866667 0.184037
956 0.9 0.216291
957 0.866667 0.196131
958 0.8 0.175512
959 0.8 0.161885
960 0.633333 0.139649
961 0.7 0.145033
962 0.733333 0.158537
963 0.933333 0.178971
964 1 0.197688
965 1.06667 0.203042
966 1.1 0.199712
967 1.13333 0.184037
968 0.966667 0.182469
969 0.933333 0.191385
970 1.03333 0.188663
971 1 0.208993
972 1.1 0.22667
973 1.1 0.22667
974 1 0.208993
975 0.933333 0.185282
976 1 0.191785
977 1 0.179399
978 0.766667 0.177358
979 0.8 0.181944
980 0.8 0.181944
981 0.766667 0.170754
982 0.733333 0.158537
983 0.766667 0.156714
984 0.6 0.140606
985 0.566667 0.141286
986 0.7 0.160101
987 0.8 0.154622
988 0.666667 0.138409
989 0.733333 0.143305
990 0.766667 0.163885
991 0.8 0.175512
992 0.666667 0.129839
993 0.8 0.161885
994 0.633333 0.122083
995 0.666667 0.129839
996 0.7 0.128206
997 0.666667 0.129839
998 0.733333 0.158537
999 0.633333 0.147651
1000 0.733333 0.151113
1001 0.733333 0.135046
1002 0.733333 0.135046
1003 0.733333 0.143305
1004 0.733333 0.143305
1005 0.833333 0.159621
1006 0.933333 0.165629
1007 0.9 0.168496
1008 0.733333 0.172429
1009 0.7 0.160101
1010 0.7 0.160101
1011 0.7 0.152753
1012 0.633333 0.155241
1013 0.6 0.140606
1014 0.466667 0.114805
1015 0.466667 0.114805
1016 0.466667 0.114805
1017 0.433333 0.114303
1018 0.433333 0.114303
1019 0.433333 0.114303
1020 0.333333 0.0998082
1021 0.333333 0.0998082
1022 0.333333 0.0998082
1023 0.333333 0.0998082
1024 0.333333 0.0998082
1025 0.333333 0.0998082
1026 0.333333 0.0998082
1027 0.3 0.0850963
1028 0.3 0.0850963
1029 0.3 0.0850963
1030 0.3 0.0850963
1031 0.266667 0.0821176
1032 0.3 0.0850963
1033 0.3 0.0850963
1034 0.233333 0.0785403
1035 0.2 0.0742781
1036 0.166667 0.0692046
1037 0.166667 0.0692046
1038 0.166667 0.0692046
1039 0.166667 0.0692046
1040 0.166667 0.0692046
1041 0.133333 0.0631243
1042 0.1 0.0557086
1043 0.0666667 0.0463206
1044 0.0666667 0.0463206
1045 0.0666667 0.0463206
1046 0.0666667 0.0463206
1047 0.0666667 0.0463206
1048 0.1 0.0557086
1049 0.0666667 0.0463206
1050 0.0666667 0.0463206
1051 0.0666667 0.0463206
1052 0.0666667 0.0463206
1053 0.0666667 0.0463206
1054 0.0333333 0.0333333
1055 0.0666667 0.0463206
1056 0.0666667 0.0463206
1057 0.0666667 0.0463206
1058 0.0666667 0.0463206
1059 0.0666667 0.0463206
1060 0.0666667 0.0463206
1061 0.0666667 0.0463206
1062 0.0333333 0.0333333
1063 0.0333333 0.0333333
1064 0.0333333 0.0333333
1065 0.0333333 0.0333333
1066 0.0333333 0.0333333
1067 0.0333333 0.0333333
1068 0.0666667 0.0463206
1069 0.0666667 0.0463206
1070 0.0666667 0.0463206
1071 0.0666667 0.0463206
1072 0.0666667 0.0463206
1073 0.0666667 0.0463206
1074 0.0666667 0.0463206
1075 0.0666667 0.0463206
1076 0.0333333 0.0333333
1077 0.0333333 0.0333333
1078 0.0333333 0.0333333
1079 0.0333333 0.0333333
1080 0.0333333 0.0333333
1081 0.0333333 0.0333333
1082 0.0333333 0.0333333
1083 0.0333333 0.0333333
1084 0.0333333 0.0333333
1085 0.0333333 0.0333333
1086 0.0333333 0.0333333
1087 0.0333333 0.0333333
1088 0.0333333 0.0333333
1089 0.0333333 0.0333333
1090 0.0333333 0.0333333
1091 0.0333333 0.0333333
1092 0.0333333 0.0333333
1093 0.0333333 0.0333333
1094 0.0333333 0.0333333
1095 0.0333333 0.0333333
1096 0.0333333 0.0333333
1097 0.0333333 0.0333333
1098 0 0
1099 0 0
1100 0 0
1101 0 0
1102 0 0
1103 0.0333333 0.0333333
1104 0.0333333 0.0333333
1105 0.0333333 0.0333333
1106 0.0333333 0.0333333
1107 0 0
1108 0 0
1109 0 0
1110 0 0
1111 0 0
1112 0 0
1113 0 0
1114 0 0
1115 0 0
1116 0 0
1117 0 0
1118 0 0
1119 0 0
1120 0.0333333 0.0333333
1121 0 0
1122 0 0
1123 0 0
1124 0 0
1125 0 0
1126 0 0
1127 0 0
1128 0 0
1129 0 0
1130 0 0
1131 0 0
1132 0 0
1133 0 0
1134 0 0
1135 0 0
1136 0 0
1137 0 0
1138 0 0
1139 0 0
1140 0 0
1141 0 0
1142 0 0
1143 0 0
1144 0 0
1145 0 0
1146 0.0333333 0.0333333
1147 0.0333333 0.0333333
1148 0.0333333 0.0333333
1149 0.0333333 0.0333333
1150 0.0333333 0.0333333
1151 0.0333333 0.0333333
1152 0.0333333 0.0333333
1153 0.0333333 0.0333333
1154 0.0666667 0.0463206
1155 0.0666667 0.0463206
1156 0.0666667 0.0463206
1157 0.0666667 0.0463206
1158 0.0666667 0.0463206
1159 0.0666667 0.0463206
1160 0.1 0.0557086
1161 0.0666667 0.0463206
1162 0.0666667 0.0463206
1163 0.0666667 0.0463206
1164 0.0666667 0.0463206
1165 0.0666667 0.0463206
1166 0.0666667 0.0463206
1167 0.0666667 0.0463206
1168 0.0666667 0.0463206
1169 0.0333333 0.0333333
1170 0.0333333 0.0333333
1171 0.0333333 0.0333333
1172 0.0333333 0.0333333
1173 0 0
1174 0 0
1175 0 0
1176 0 0
1177 0 0
1178 0 0
1179 0 0
1180 0 0
1181 0 0
1182 0 0
1183 0 0
1184 0 0
1185 0 0
1186 0 0
1187 0 0
1188 0 0
1189 0 0
1190 0 0
1191 0 0
1192 0 0
1193 0 0
1194 0 0
1195 0 0
1196 0 0
1197 0 0
1198 0 0
1199 0 0
1200 0 0
1201 0 0
1202 0 0
1203 0 0
1204 0 0
1205 0 0
1206 0 0
1207 0 0
1208 0 0
1209 0 0
1210 0 0
1211 0 0
1212 0 0
1213 0 0
1214 0 0
1215 0 0
1216 0 0
1217 0 0
1218 0 0
1219 0 0
1220 0 0
1221 0 0
1222 0 0
1223 0 0
1224 0 0
1225 0 0
1226 0 0
1227 0 0
1228 0 0
1229 0 0
1230 0 0
1231 0 0
1232 0 0
1233 0 0
1234 0 0
1235 0 0
1236 0 0
1237 0 0
1238 0 0
1239 0 0
1240 0 0
1241 0 0
1242 0 0
1243 0 0
1244 0 0
1245 0 0
1246 0 0
1247 0 0
1248 0 0
1249 0 0
1250 0 0
1251 0 0
1252 0 0
1253 0 0
1254 0 0
1255 0 0
1256 0 0
1257 0 0
1258 0 0
1259 0 0
1260 0 0
1261 0 0
1262 0 0
1263 0 0
1264 0 0
1265 0 0
1266 0 0
1267 0 0
1268 0 0
1269 0 0
1270 0 0
1271 0 0
1272 0 0
1273 0 0
1274 0 0
1275 0 0
1276 0 0
1277 0 0
1278 0 0
1279 0 0
1280 0 0
1281 0 0
1282 0 0
1283 0 0
1284 0 0
1285 0 0
1286 0 0
1287 0 0
1288 0 0
1289 0 0
1290 0 0
1291 0 0
1292 0 0
1293 0 0
1294 0 0
1295 0 0
1296 0 0
1297 0 0
1298 0 0
1299 0 0
1300 0 0
1301 0 0
1302 0 0
1303 0 0
1304 0 0
1305 0 0
1306 0 0
1307 0 0
1308 0 0
1309 0 0
1310 0 0
1311 0 0
1312 0 0
1313 0 0
1314 0 0
1315 0 0
1316 0 0
1317 0 0
1318 0 0
1319 0 0
1320 0 0
1321 0 0
1322 0 0
1323 0 0
1324 0 0
1325 0 0
1326 0 0
1327 0 0
1328 0 0
1329 0 0
1330 0 0
1331 0 0
1332 0 0
1333 0 0
1334 0 0
1335 0 0
1336 0 0
1337 0 0
1338 0 0
1339 0 0
1340 0 0
1341 0 0
1342 0 0
1343 0 0
1344 0.0333333 0.0333333
1345 0.0333333 0.0333333
1346 0.0333333 0.0333333
1347 0.0666667 0.0463206
1348 0.0666667 0.0463206
1349 0.0333333 0.0333333
1350 0.0333333 0.0333333
1351 0.0333333 0.0333333
1352 0.0333333 0.0333333
1353 0.0333333 0.0333333
1354 0.0333333 0.0333333
1355 0.0333333 0.0333333
1356 0.0333333 0.0333333
1357 0.0333333 0.0333333
1358 0.0333333 0.0333333
1359 0.0333333 0.0333333
1360 0.0333333 0.0333333
1361 0.0333333 0.0333333
1362 0.0333333 0.0333333
1363 0.0333333 0.0333333
1364 0.0333333 0.0333333
1365 0.0333333 0.0333333
1366 0.0333333 0.0333333
1367 0.0333333 0.0333333
1368 0.0333333 0.0333333
1369 0.0333333 0.0333333
1370 0.0333333 0.0333333
1371 0.0333333 0.0333333
1372 0.0333333 0.0333333
1373 0.0333333 0.0333333
1374 0.0333333 0.0333333
1375 0.0333333 0.0333333
1376 0.0333333 0.0333333
1377 0.0333333 0.0333333
1378 0.0333333 0.0333333
1379 0.0333333 0.0333333
1380 0.0333333 0.0333333
1381 0.0333333 0.0333333
1382 0.0333333 0.0333333
1383 0.0333333 0.0333333
1384 0.0333333 0.0333333
1385 0.0333333 0.0333333
1386 0.0333333 0.0333333
1387 0.0333333 0.0333333
1388 0.0333333 0.0333333
1389 0.0333333 0.0333333
1390 0.0333333 0.0333333
1391 0.0333333 0.0333333
1392 0.0333333 0.0333333
1393 0.0333333 0.0333333
1394 0.0333333 0.0333333
1395 0 0
1396 0 0
1397 0 0
1398 0 0
1399 0 0
1400 0 0
1401 0 0
1402 0 0
1403 0 0
1404 0 0
1405 0 0
1406 0 0
1407 0 0
1408 0 0
1409 0 0
1410 0 0
1411 0 0
1412 0 0
1413 0 0
1414 0 0
1415 0 0
1416 0 0
1417 0 0
1418 0 0
1419 0 0
1420 0 0
1421 0 0
1422 0 0
1423 0 0
1424 0 0
1425 0 0
1426 0 0
1427 0 0
1428 0 0
1429 0 0
1430 0 0
1431 0 0
1432 0 0
1433 0 0
1434 0 0
1435 0 0
1436 0 0
1437 0 0
1438 0 0
1439 0 0
1440 0 0
1441 0 0
1442 0 0
1443 0 0
1444 0 0
1445 0 0
1446 0 0
1447 0 0
1448 0 0
1449 0 0
1450 0 0
1451 0 0
1452 0 0
1453 0 0
1454 0 0
1455 0 0
1456 0 0
1457 0 0
1458 0 0
1459 0 0
1460 0 0
1461 0 0
1462 0 0
1463 0 0
1464 0 0
1465 0 0
1466 0 0
1467 0 0
1468 0 0
1469 0 0
1470 0 0
1471 0 0
1472 0 0
1473 0 0
1474 0 0
1475 0 0
1476 0 0
1477 0 0
1478 0 0
1479 0 0
1480 0 0
1481 0 0
1482 0.0333333 0.0333333
1483 0 0
1484 0 0
1485 0 0
1486 0 0
1487 0 0
1488 0 0
1489 0 0
1490 0 0
1491 0 0
1492 0 0
1493 0 0
1494 0 0
1495 0 0
1496 0 0
1497 0 0
1498 0 0
1499 0 0
1500 0 0
1501 0 0
1502 0 0
1503 0 0
1504 0 0
1505 0 0
1506 0 0
1507 0 0
1508 0 0
1509 0 0
1510 0 0
1511 0.0666667 0.0463206
1512 0.0333333 0.0333333
1513 0.0333333 0.0333333
1514 0.0666667 0.0463206
1515 0.0333333 0.0333333
1516 0.133333 0.0631243
1517 0.2 0.0742781
1518 0.2 0.0742781
1519 0.333333 0.0875376
1520 0.333333 0.0875376
1521 0.466667 0.104313
1522 0.366667 0.101521
1523 0.3 0.0976741
1524 0.333333 0.0998082
1525 0.5 0.114971
1526 0.466667 0.104313
1527 0.466667 0.104313
1528 0.566667 0.114303
1529 0.7 0.118903
1530 0.7 0.118903
1531 0.733333 0.11679
1532 0.733333 0.126249
1533 0.733333 0.143305
1534 0.733333 0.151113
1535 0.766667 0.195838
1536 0.766667 0.189878
1537 0.8 0.168836
1538 0.833333 0.15225
1539 0.8 0.154622
1540 0.833333 0.159621
1541 1 0.208993
1542 0.933333 0.1973
1543 1 0.197688
1544 0.9 0.199712
1545 0.833333 0.192284
1546 0.866667 0.19018
1547 0.9 0.193872
1548 0.966667 0.200478
1549 1.03333 0.194661
1550 1.13333 0.207521
1551 1.03333 0.188663
1552 1 0.191785
1553 0.966667 0.182469
1554 1 0.185695
1555 0.833333 0.173426
1556 0.8 0.175512
1557 0.966667 0.200478
1558 0.833333 0.173426
1559 0.833333 0.166667
1560 0.833333 0.179932
1561 0.766667 0.163885
1562 0.7 0.160101
1563 0.833333 0.159621
1564 0.866667 0.157081
1565 0.933333 0.158537
1566 0.8 0.194168
1567 0.766667 0.183725
1568 0.866667 0.207521
1569 0.8 0.194168
1570 0.766667 0.183725
1571 0.8 0.188155
1572 0.666667 0.168382
1573 0.766667 0.177358
1574 0.766667 0.177358
1575 0.833333 0.192284
1576 0.8 0.181944
1577 0.8 0.194168
1578 0.8 0.188155
1579 0.8 0.168836
1580 0.733333 0.191385
1581 0.8 0.211182
1582 0.833333 0.209451
1583 0.8 0.181944
1584 0.866667 0.196131
1585 0.933333 0.172429
1586 0.766667 0.170754
1587 0.733333 0.172429
1588 0.8 0.188155
1589 0.8 0.181944
1590 0.733333 0.172429
1591 0.7 0.167126
1592 0.8 0.161885
1593 0.766667 0.177358
1594 0.8 0.175512
1595 0.666667 0.168382
1596 0.766667 0.183725
1597 0.866667 0.196131
1598 0.9 0.187849
1599 0.966667 0.169403
1600 1.1 0.187849
1601 1.06667 0.172429
1602 1 0.15162
1603 1.1 0.181627
1604 1.2 0.181944
1605 1.13333 0.19018
1606 1.13333 0.201907
1607 1.26667 0.203042
1608 1.26667 0.214065
1609 1.16667 0.220153
1610 1.06667 0.214065
1611 1.13333 0.201907
1612 0.966667 0.162476
1613 0.966667 0.169403
1614 1 0.15162
1615 0.9 0.15425
1616 0.866667 0.171091
1617 0.966667 0.182469
1618 0.966667 0.169403
1619 0.933333 0.151113
1620 0.733333 0.151113
1621 0.766667 0.156714
1622 0.9 0.175185
1623 0.9 0.168496
1624 0.833333 0.15225
1625 0.833333 0.159621
1626 0.9 0.146609
1627 1 0.15902
1628 1.03333 0.176057
1629 1.03333 0.169403
1630 1.13333 0.184037
1631 1.16667 0.18621
1632 1.13333 0.164235
1633 1.06667 0.165629
1634 0.9 0.138547
1635 1.03333 0.155241
1636 1.06667 0.185282
1637 1 0.191785
1638 1.06667 0.203042
1639 1 0.179399
1640 1.1 0.199712
1641 1.23333 0.207244
1642 1.23333 0.195838
1643 1.3 0.186622
1644 1.13333 0.177682
1645 1.13333 0.177682
1646 1.2 0.2
1647 1.16667 0.203889
1648 1.1 0.199712
1649 1.1 0.22667
1650 1.26667 0.244166
1651 1.23333 0.233333
1652 1.1 0.22667
1653 1.06667 0.224547
1654 1.2 0.246353
1655 1.23333 0.252269
1656 1.23333 0.218055
1657 1.13333 0.23358
1658 1.13333 0.23845
1659 1.1 0.246119
1660 1.23333 0.247671
1661 1.26667 0.262321
1662 1.33333 0.255214
1663 1.16667 0.230359
1664 1.1 0.221541
1665 1.06667 0.203042
1666 1.1 0.181627
1667 1.13333 0.184037
1668 1.03333 0.169403
1669 1.1 0.175185
1670 1.1 0.15425
1671 1.16667 0.159621
1672 1.13333 0.177682
1673 1.13333 0.196131
1674 1.26667 0.214065
1675 1.06667 0.191385
1676 1 0.179399
1677 1.06667 0.178971
1678 0.933333 0.191385
1679 0.766667 0.1492
1680 0.833333 0.144503
1681 0.833333 0.18621
1682 0.9 0.205387
1683 1 0.191785
1684 1 0.185695
1685 0.933333 0.1973
1686 0.966667 0.194661
1687 0.9 0.187849
1688 0.866667 0.19018
1689 0.933333 0.191385
1690 0.933333 0.191385
1691 0.9 0.168496
1692 0.9 0.175185
1693 0.933333 0.165629
1694 1 0.172873
1695 1.13333 0.177682
1696 1.23333 0.189878
1697 1.13333 0.177682
1698 1.13333 0.19018
1699 1.13333 0.19018
1700 1.1 0.193872
1701 1.06667 0.172429
1702 1.06667 0.178971
1703 1.06667 0.185282
1704 1.06667 0.172429
1705 1.2 0.161885
1706 1.3 0.192682
1707 1.16667 0.18621
1708 1.16667 0.192284
1709 1.06667 0.185282
1710 1.03333 0.169403
1711 1 0.166091
1712 1 0.191785
1713 1.03333 0.200478
1714 1.13333 0.207521
1715 1.2 0.211182
1716 1.23333 0.212718
1717 1.13333 0.184037
1718 1.06667 0.178971
1719 1.06667 0.1973
1720 1 0.172873
1721 1.03333 0.216998
1722 1 0.191785
1723 1.03333 0.169403
1724 0.966667 0.182469
1725 0.866667 0.164235
1726 0.933333 0.178971
1727 1 0.185695
1728 1.06667 0.185282
1729 1.03333 0.200478
1730 1 0.185695
1731 1.06667 0.203042
1732 0.933333 0.158537
1733 0.966667 0.169403
1734 0.833333 0.15225
1735 0.766667 0.132902
1736 0.666667 0.129839
1737 0.666667 0.138409
1738 0.766667 0.156714
1739 0.666667 0.146478
1740 0.733333 0.135046
1741 0.733333 0.135046
1742 0.666667 0.138409
1743 0.8 0.154622
1744 0.733333 0.143305
1745 0.7 0.136878
1746 0.766667 0.1492
1747 0.666667 0.146478
1748 0.7 0.145033
1749 0.733333 0.143305
1750 0.633333 0.122083
1751 0.6 0.123176
1752 0.7 0.128206
1753 0.666667 0.120662
1754 0.7 0.118903
1755 0.666667 0.110727
1756 0.633333 0.122083
1757 0.633333 0.139649
1758 0.7 0.160101
1759 0.733333 0.143305
1760 0.8 0.154622
1761 0.833333 0.159621
1762 0.6 0.123176
1763 0.633333 0.139649
1764 0.666667 0.138409
1765 0.7 0.145033
1766 0.766667 0.163885
1767 0.733333 0.151113
1768 0.8 0.161885
1769 0.766667 0.170754
1770 0.8 0.175512
1771 0.633333 0.155241
1772 0.666667 0.161411
1773 0.6 0.156102
1774 0.7 0.173867
1775 0.733333 0.165629
1776 0.833333 0.173426
1777 0.833333 0.179932
1778 0.833333 0.192284
1779 0.833333 0.166667
1780 0.866667 0.157081
1781 0.9 0.181627
1782 0.866667 0.177682
1783 0.8 0.175512
1784 0.766667 0.177358
1785 0.666667 0.168382
1786 0.866667 0.212988
1787 0.733333 0.185282
1788 0.733333 0.185282
1789 0.733333 0.185282
1790 0.8 0.175512
1791 0.8 0.181944
1792 0.733333 0.165629
1793 0.7 0.152753
1794 0.8 0.154622
1795 0.866667 0.171091
1796 0.833333 0.166667
1797 0.933333 0.172429
1798 1 0.179399
1799 1 0.179399
1800 0.933333 0.151113
1801 1 0.179399
1802 0.933333 0.191385
1803 1 0.203419
1804 0.9 0.168496
1805 0.8 0.168836
1806 0.733333 0.165629
1807 0.833333 0.179932
1808 0.833333 0.173426
1809 0.766667 0.132902
1810 0.6 0.123176
1811 0.6 0.123176
1812 0.633333 0.13116
1813 0.633333 0.122083
1814 0.7 0.128206
1815 0.733333 0.135046
1816 0.833333 0.15225
1817 0.7 0.128206
1818 0.8 0.147001
1819 0.966667 0.147651
1820 0.9 0.15425
1821 0.9 0.16153
1822 1 0.185695
1823 0.933333 0.191385
1824 0.933333 0.165629
1825 0.933333 0.172429
1826 0.866667 0.157081
1827 0.866667 0.149584
1828 0.9 0.129987
1829 1.03333 0.176057
1830 1.06667 0.191385
1831 0.933333 0.185282
1832 1 0.185695
1833 1.1 0.187849
1834 1 0.172873
1835 1.06667 0.191385
1836 0.9 0.175185
1837 0.866667 0.177682
1838 0.933333 0.172429
1839 0.833333 0.173426
1840 0.8 0.175512
1841 0.833333 0.179932
1842 0.766667 0.170754
1843 0.766667 0.163885
1844 0.933333 0.1973
1845 1 0.197688
1846 0.933333 0.172429
1847 0.933333 0.178971
1848 0.8 0.175512
1849 0.866667 0.171091
1850 0.966667 0.182469
1851 0.966667 0.194661
1852 1 0.203419
1853 0.966667 0.200478
1854 0.8 0.168836
1855 0.866667 0.171091
1856 0.766667 0.177358
1857 0.866667 0.19018
1858 0.9 0.205387
1859 0.9 0.216291
1860 0.966667 0.200478
1861 1 0.203419
1862 0.933333 0.1973
1863 0.933333 0.191385
1864 1.06667 0.1973
1865 0.933333 0.185282
1866 1.06667 0.191385
1867 1 0.191785
1868 0.9 0.175185
1869 0.9 0.187849
1870 0.866667 0.171091
1871 0.833333 0.15225
1872 0.766667 0.132902
1873 0.833333 0.127607
1874 0.9 0.138547
1875 0.9 0.138547
1876 0.966667 0.139649
1877 0.933333 0.143305
1878 0.933333 0.143305
1879 0.866667 0.141692
1880 0.933333 0.158537
1881 0.833333 0.127607
1882 0.8 0.130428
1883 0.966667 0.13116
1884 1.13333 0.171091
1885 1.2 0.181944
1886 1.16667 0.173426
1887 1.03333 0.139649
1888 0.9 0.129987
1889 0.9 0.146609
1890 0.8 0.168836
1891 1.03333 0.182469
1892 0.966667 0.139649
1893 0.933333 0.143305
1894 1.23333 0.247671
1895 1.13333 0.261443
1896 1 0.214423
1897 1.06667 0.214065
1898 1.03333 0.200478
1899 1.1 0.199712
1900 1.2 0.205667
1901 1.03333 0.206132
1902 1.03333 0.176057
1903 1.03333 0.162476
1904 1 0.15162
1905 1.06667 0.185282
1906 1.06667 0.1973
1907 1.1 0.221541
1908 1.06667 0.208626
1909 1.06667 0.208626
1910 1.06667 0.203042
1911 1.16667 0.179932
1912 1.1 0.181627
1913 1 0.185695
1914 1.06667 0.191385
1915 1.06667 0.178971
1916 1 0.179399
1917 1.03333 0.169403
1918 0.966667 0.147651
1919 0.933333 0.143305
1920 0.9 0.129987
1921 0.866667 0.141692
1922 0.8 0.138962
1923 0.966667 0.162476
1924 1.03333 0.155241
1925 0.966667 0.139649
1926 0.966667 0.13116
1927 1 0.143839
1928 0.933333 0.158537
1929 1 0.172873
1930 1 0.15162
1931 1.2 0.154622
1932 1.1 0.16153
1933 0.933333 0.135046
1934 1.03333 0.162476
1935 1 0.15902
1936 0.933333 0.158537
1937 1.03333 0.188663
1938 1.2 0.194168
1939 1.03333 0.169403
1940 1 0.15162
1941 1 0.172873
1942 1.03333 0.200478
1943 1.03333 0.206132
1944 1 0.166091
1945 1.1 0.181627
1946 1 0.185695
1947 1.1 0.199712
1948 1.03333 0.188663
1949 0.9 0.181627
1950 0.933333 0.178971
1951 0.933333 0.172429
1952 0.8 0.168836
1953 0.833333 0.179932
1954 1.06667 0.224547
1955 1.1 0.22667
1956 1.1 0.216291
1957 1.13333 0.19018
1958 1.1 0.187849
1959 1.1 0.216291
1960 1.16667 0.230359
1961 1.2 0.216556
1962 1.16667 0.198172
1963 1.16667 0.209451
1964 1 0.172873
1965 0.9 0.168496
1966 1 0.15902
1967 1 0.179399
1968 1.2 0.2
1969 1.13333 0.184037
1970 1.13333 0.184037
1971 1.23333 0.183725
1972 1.3 0.173867
1973 1.3 0.186622
1974 1.3 0.167126
1975 1.36667 0.169403
1976 1.33333 0.181522
1977 1.26667 0.178971
1978 1.23333 0.163885
1979 1.4 0.201146
1980 1.23333 0.212718
1981 1.16667 0.209451
1982 1.23333 0.223264
1983 1.23333 0.201622
1984 1.2 0.205667
1985 1.2 0.194168
1986 1.1 0.16153
1987 1.1 0.181627
1988 1.23333 0.177358
1989 1.2 0.161885
1990 1.2 0.168836
1991 1.13333 0.164235
1992 1 0.166091
1993 1.1 0.221541
1994 1.2 0.246353
1995 1.26667 0.244166
1996 1.23333 0.212718
1997 1.2 0.188155
1998 1.2 0.194168
1999 1.1 0.193872
2000 0.966667 0.139649
2001 0.866667 0.171091
2002 0.933333 0.178971
2003 0.866667 0.164235
2004 0.833333 0.159621
2005 0.9 0.15425
2006 0.9 0.175185
2007 0.9 0.187849
2008 0.966667 0.176057
2009 0.9 0.175185
2010 1 0.197688
2011 0.9 0.187849
2012 0.9 0.175185
2013 0.9 0.175185
2014 0.133333 0.0926411
2015 0.1 0.0735003
2016 0.133333 0.0926411
