0 0 0
1 0.166667 0.0692046
2 0.8 0.147001
3 1.3 0.186622
4 1.9 0.205387
5 2.5 0.228689
6 2.93333 0.266667
7 3.03333 0.269027
8 3.26667 0.270943
9 3.46667 0.298399
10 3.83333 0.288011
11 4.2 0.340385
12 4.33333 0.378543
13 4.4 0.373243
14 4.46667 0.376717
15 4.6 0.357514
16 4.8 0.360077
17 4.9 0.375546
18 4.96667 0.378998
19 5.03333 0.357138
20 5.13333 0.354716
21 5.23333 0.370409
22 5.23333 0.370409
23 5.36667 0.372884
24 5.5 0.35477
25 5.66667 0.356655
26 5.7 0.352821
27 5.73333 0.352115
28 5.8 0.363255
29 5.8 0.363255
30 5.83333 0.355849
31 5.86667 0.348175
32 5.9 0.340216
33 5.9 0.340216
34 5.9 0.340216
35 5.93333 0.331951
36 5.93333 0.331951
37 5.96667 0.330389
38 5.96667 0.330389
39 5.96667 0.330389
40 5.96667 0.330389
41 5.96667 0.330389
42 6 0.332182
43 6 0.332182
44 6.03333 0.326892
45 6.03333 0.326892
46 6.03333 0.326892
47 6.03333 0.326892
48 6.03333 0.326892
49 6.03333 0.326892
50 6.03333 0.326892
51 6.06667 0.331951
52 6.1 0.333391
53 6.1 0.333391
54 6.1 0.333391
55 6.1 0.333391
56 6.1 0.333391
57 6.1 0.333391
58 6.06667 0.331951
59 6.1 0.333391
60 6.1 0.333391
61 6.1 0.333391
62 6.1 0.333391
63 6.1 0.333391
64 6.1 0.333391
65 6.1 0.333391
66 6.1 0.333391
67 6.1 0.333391
68 6.1 0.333391
69 6.1 0.333391
70 6.13333 0.341509
71 6.13333 0.341509
72 6.13333 0.341509
73 6.13333 0.341509
74 6.13333 0.341509
75 6.13333 0.341509
76 6.13333 0.341509
77 6.13333 0.341509
78 6.13333 0.341509
79 6.13333 0.341509
80 6.16667 0.339314
81 6.16667 0.339314
82 6.16667 0.339314
83 6.16667 0.339314
84 6.16667 0.339314
85 6.16667 0.339314
86 6.16667 0.339314
87 6.16667 0.339314
88 6.16667 0.339314
89 6.16667 0.339314
90 6.16667 0.339314
91 6.16667 0.339314
92 6.16667 0.339314
93 6.16667 0.339314
94 6.16667 0.339314
95 6.16667 0.339314
96 6.16667 0.339314
97 6.16667 0.339314
98 6.16667 0.339314
99 6.16667 0.339314
100 6.16667 0.339314
101 6.16667 0.339314
102 6.16667 0.339314
103 6.16667 0.339314
104 6.16667 0.339314
105 6.16667 0.339314
106 6.16667 0.339314
107 6.16667 0.339314
108 6.16667 0.339314
109 6.16667 0.339314
110 6.16667 0.339314
111 6.16667 0.339314
112 6.16667 0.339314
113 6.16667 0.339314
114 6.16667 0.339314
115 6.16667 0.339314
116 6.16667 0.339314
117 6.16667 0.339314
118 6.16667 0.339314
119 6.16667 0.339314
120 6.16667 0.339314
121 6.16667 0.339314
122 6.16667 0.339314
123 6.16667 0.339314
124 6.16667 0.339314
125 6.16667 0.339314
126 6.16667 0.339314
127 6.16667 0.339314
128 6.16667 0.339314
129 6.16667 0.339314
130 6.16667 0.339314
131 6.16667 0.339314
132 6.16667 0.339314
133 6.16667 0.339314
134 6.16667 0.339314
135 6.16667 0.339314
136 6.16667 0.339314
137 6.16667 0.339314
138 6.16667 0.339314
139 6.16667 0.339314
140 6.16667 0.339314
141 6.16667 0.339314
142 6.16667 0.339314
143 6.16667 0.339314
144 6.16667 0.339314
145 6.16667 0.339314
146 6.16667 0.339314
147 6.16667 0.339314
148 6.16667 0.339314
149 6.16667 0.339314
150 6.16667 0.339314
151 6.16667 0.339314
152 6.16667 0.339314
153 6.16667 0.339314
154 6.16667 0.339314
155 6.16667 0.339314
156 6.16667 0.339314
157 6.16667 0.339314
158 6.16667 0.339314
159 6.16667 0.339314
160 6.16667 0.339314
161 6.16667 0.339314
162 6.16667 0.339314
163 6.16667 0.339314
164 6.16667 0.339314
165 6.16667 0.339314
166 6.16667 0.339314
167 6.16667 0.339314
168 6.16667 0.339314
169 6.16667 0.339314
170 6.16667 0.339314
171 6.16667 0.339314
172 6.16667 0.339314
173 6.16667 0.339314
174 6.16667 0.339314
175 6.16667 0.339314
176 6.16667 0.339314
177 6.16667 0.339314
178 6.16667 0.339314
179 6.16667 0.339314
180 6.16667 0.339314
181 6.16667 0.339314
182 6.16667 0.339314
183 6.16667 0.339314
184 6.16667 0.339314
185 6.16667 0.339314
186 6.16667 0.339314
187 6.16667 0.339314
188 6.16667 0.339314
189 6.16667 0.339314
190 6.16667 0.339314
191 6.16667 0.339314
192 6.16667 0.339314
193 6.16667 0.339314
194 6.16667 0.339314
195 6.16667 0.339314
196 6.16667 0.339314
197 6.16667 0.339314
198 6.16667 0.339314
199 6.16667 0.339314
200 6.16667 0.339314
201 6.16667 0.339314
202 6.16667 0.339314
203 6.16667 0.339314
204 6.16667 0.339314
205 6.16667 0.339314
206 6.16667 0.339314
207 6.16667 0.339314
208 6.16667 0.339314
209 6.16667 0.339314
210 6.16667 0.339314
211 6.16667 0.339314
212 6.16667 0.339314
213 6.16667 0.339314
214 6.16667 0.339314
215 6.16667 0.339314
216 6.16667 0.339314
217 6.16667 0.339314
218 6.16667 0.339314
219 6.16667 0.339314
220 6.16667 0.339314
221 6.16667 0.339314
222 6.16667 0.339314
223 6.16667 0.339314
224 6.16667 0.339314
225 6.16667 0.339314
226 6.16667 0.339314
227 6.16667 0.339314
228 6.16667 0.339314
229 6.16667 0.339314
230 6.16667 0.339314
231 6.16667 0.339314
232 6.16667 0.339314
233 6.16667 0.339314
234 6.16667 0.339314
235 6.16667 0.339314
236 6.16667 0.339314
237 6.16667 0.339314
238 6.16667 0.339314
239 6.16667 0.339314
240 6.16667 0.339314
241 6.16667 0.339314
242 6.16667 0.339314
243 6.16667 0.339314
244 6.16667 0.339314
245 6.16667 0.339314
246 6.16667 0.339314
247 6.16667 0.339314
248 6.16667 0.339314
249 6.13333 0.331258
250 6.13333 0.331258
251 6.13333 0.331258
252 6.13333 0.331258
253 6.13333 0.331258
254 6.13333 0.331258
255 6.13333 0.341509
256 6.13333 0.341509
257 6.13333 0.341509
258 6.13333 0.341509
259 6.13333 0.341509
260 6.13333 0.341509
261 6.13333 0.341509
262 6.13333 0.341509
263 6.13333 0.341509
264 6.13333 0.341509
265 6.13333 0.341509
266 6.13333 0.341509
267 6.13333 0.341509
268 6.13333 0.341509
269 6.13333 0.341509
270 6.13333 0.341509
271 6.13333 0.341509
272 6.13333 0.341509
273 6.13333 0.341509
274 6.13333 0.341509
275 6.13333 0.341509
276 6.13333 0.341509
277 6.13333 0.341509
278 6.13333 0.341509
279 6.13333 0.341509
280 6.13333 0.341509
281 6.13333 0.341509
282 6.13333 0.341509
283 6.13333 0.341509
284 6.13333 0.341509
285 6.13333 0.341509
286 6.13333 0.341509
287 6.13333 0.341509
288 6.13333 0.341509
289 6.13333 0.341509
290 6.13333 0.341509
291 6.13333 0.341509
292 6.13333 0.341509
293 6.13333 0.341509
294 6.13333 0.341509
295 6.13333 0.341509
296 6.13333 0.341509
297 6.13333 0.341509
298 6.13333 0.341509
299 6.13333 0.341509
300 6.13333 0.341509
301 6.13333 0.341509
302 6.13333 0.341509
303 6.13333 0.341509
304 6.13333 0.341509
305 6.13333 0.341509
306 6.13333 0.341509
307 6.13333 0.341509
308 6.13333 0.341509
309 6.13333 0.341509
310 6.13333 0.341509
311 6.13333 0.341509
312 6.13333 0.341509
313 6.13333 0.341509
314 6.13333 0.341509
315 6.13333 0.341509
316 6.13333 0.341509
317 6.13333 0.341509
318 6.13333 0.341509
319 6.13333 0.341509
320 6.13333 0.341509
321 6.13333 0.341509
322 6.13333 0.341509
323 6.13333 0.341509
324 6.13333 0.341509
325 6.13333 0.341509
326 6.13333 0.341509
327 6.13333 0.341509
328 6.13333 0.341509
329 6.13333 0.341509
330 6.13333 0.341509
331 6.13333 0.341509
332 6.13333 0.341509
333 6.13333 0.341509
334 6.13333 0.341509
335 6.13333 0.341509
336 6.13333 0.341509
337 6.13333 0.341509
338 6.13333 0.341509
339 6.13333 0.341509
340 6.13333 0.341509
341 6.13333 0.341509
342 6.13333 0.341509
343 6.13333 0.341509
344 6.13333 0.341509
345 6.13333 0.341509
346 6.13333 0.341509
347 6.13333 0.341509
348 6.13333 0.341509
349 6.13333 0.341509
350 6.13333 0.341509
351 6.13333 0.341509
352 6.13333 0.341509
353 6.13333 0.341509
354 6.13333 0.341509
355 6.13333 0.341509
356 6.13333 0.341509
357 6.13333 0.341509
358 6.13333 0.341509
359 6.13333 0.341509
360 6.13333 0.341509
361 6.13333 0.341509
362 6.13333 0.341509
363 6.13333 0.341509
364 6.13333 0.341509
365 6.13333 0.341509
366 6.13333 0.341509
367 6.13333 0.341509
368 6.13333 0.341509
369 6.13333 0.341509
370 6.13333 0.341509
371 6.13333 0.341509
372 6.13333 0.341509
373 6.13333 0.341509
374 6.13333 0.341509
375 6.13333 0.341509
376 6.13333 0.341509
377 6.13333 0.341509
378 6.13333 0.341509
379 6.13333 0.341509
380 6.13333 0.341509
381 6.13333 0.341509
382 6.13333 0.341509
383 6.13333 0.341509
384 6.13333 0.341509
385 6.13333 0.341509
386 6.13333 0.341509
387 6.13333 0.341509
388 6.13333 0.341509
389 6.13333 0.341509
390 6.13333 0.341509
391 6.13333 0.341509
392 6.13333 0.341509
393 6.13333 0.341509
394 6.13333 0.341509
395 6.13333 0.341509
396 6.13333 0.341509
397 6.13333 0.341509
398 6.13333 0.341509
399 6.13333 0.341509
400 6.13333 0.341509
401 6.13333 0.341509
402 6.13333 0.341509
403 6.13333 0.341509
404 6.13333 0.341509
405 6.13333 0.341509
406 6.13333 0.341509
407 6.13333 0.341509
408 6.13333 0.341509
409 6.13333 0.341509
410 6.13333 0.341509
411 6.13333 0.341509
412 6.13333 0.341509
413 6.13333 0.341509
414 6.13333 0.341509
415 6.13333 0.341509
416 6.13333 0.341509
417 6.13333 0.341509
418 6.13333 0.341509
419 6.13333 0.341509
420 6.13333 0.341509
421 6.13333 0.341509
422 6.13333 0.341509
423 6.13333 0.341509
424 6.13333 0.341509
425 6.13333 0.341509
426 6.13333 0.341509
427 6.13333 0.341509
428 6.13333 0.341509
429 6.13333 0.341509
430 6.13333 0.341509
431 6.13333 0.341509
432 6.13333 0.341509
433 6.13333 0.341509
434 6.13333 0.341509
435 6.13333 0.341509
436 6.13333 0.341509
437 6.13333 0.341509
438 6.13333 0.341509
439 6.13333 0.341509
440 6.13333 0.341509
441 6.13333 0.341509
442 6.13333 0.341509
443 6.13333 0.341509
444 6.13333 0.341509
445 6.13333 0.341509
446 6.13333 0.341509
447 6.13333 0.341509
448 6.13333 0.341509
449 6.13333 0.341509
450 6.13333 0.341509
451 6.13333 0.341509
452 6.13333 0.341509
453 6.13333 0.341509
454 6.13333 0.341509
455 6.1 0.346908
456 6.1 0.346908
457 6.1 0.346908
458 6.1 0.346908
459 6.1 0.346908
460 6.1 0.346908
461 6.1 0.346908
462 6.1 0.346908
463 6.1 0.346908
464 6.1 0.346908
465 6.1 0.346908
466 6.1 0.346908
467 6.1 0.346908
468 6.1 0.346908
469 6.1 0.346908
470 6.1 0.346908
471 6.1 0.346908
472 6.1 0.346908
473 6.1 0.346908
474 6.1 0.346908
475 6.1 0.346908
476 6.1 0.346908
477 6.1 0.346908
478 6.1 0.346908
479 6.1 0.346908
480 6.1 0.346908
481 6.1 0.346908
482 6.1 0.346908
483 6.1 0.346908
484 6.1 0.346908
485 6.1 0.346908
486 6.1 0.346908
487 6.1 0.346908
488 6.1 0.346908
489 6.1 0.346908
490 6.1 0.346908
491 6.1 0.346908
492 6.1 0.346908
493 6.1 0.346908
494 6.1 0.346908
495 6.1 0.346908
496 6.1 0.346908
497 6.1 0.346908
498 6.1 0.346908
499 6.1 0.346908
500 6.1 0.346908
501 6.1 0.346908
502 6.1 0.346908
503 6.06667 0.352115
504 6.1 0.346908
505 6.06667 0.338806
506 6.1 0.346908
507 6.1 0.346908
508 6.13333 0.341509
509 6.13333 0.341509
510 6.1 0.343578
511 6.06667 0.348835
512 6.03333 0.353905
513 6 0.342405
514 6.03333 0.347349
515 5.96667 0.344024
516 6 0.339032
517 6.03333 0.330389
518 5.96667 0.347349
519 5.96667 0.344024
520 6 0.335624
521 6.13333 0.364308
522 6.13333 0.364308
523 6.16667 0.371648
524 6.13333 0.379756
525 6.16667 0.374729
526 6.16667 0.374729
527 6.16667 0.368543
528 6.2 0.35687
529 6.23333 0.351298
530 6.23333 0.351298
531 6.23333 0.351298
532 6.2 0.350369
533 6.2 0.350369
534 6.23333 0.344692
535 6.3 0.346244
536 6.26667 0.348835
537 6.3 0.349548
538 6.3 0.349548
539 6.3 0.349548
540 6.26667 0.352115
541 6.3 0.349548
542 6.4 0.363887
543 6.36667 0.369788
544 6.36667 0.369788
545 6.36667 0.369788
546 6.4 0.379352
547 6.43333 0.376564
548 6.46667 0.382771
549 6.46667 0.382771
550 6.43333 0.385613
551 6.46667 0.382771
552 6.46667 0.382771
553 6.46667 0.38873
554 6.5 0.39755
555 6.5 0.39755
556 6.5 0.39755
557 6.5 0.39755
558 6.53333 0.3946
559 6.56667 0.394454
560 6.56667 0.394454
561 6.63333 0.390941
562 6.7 0.38402
563 6.73333 0.383371
564 6.76667 0.376564
565 6.76667 0.376564
566 6.76667 0.379605
567 6.86667 0.38873
568 6.83333 0.392702
569 6.86667 0.38873
570 6.9 0.384618
571 6.93333 0.380361
572 6.93333 0.380361
573 6.96667 0.375953
574 7 0.371391
575 7.06667 0.371184
576 7.13333 0.379756
577 7.16667 0.377783
578 7.16667 0.377783
579 7.2 0.378746
580 7.2 0.378746
581 7.16667 0.389764
582 7.2 0.399425
583 7.13333 0.403244
584 7.13333 0.403244
585 7.13333 0.403244
586 7.13333 0.403244
587 7.2 0.402292
588 7.23333 0.405942
589 7.2 0.413563
590 7.23333 0.427995
591 7.16667 0.420955
592 7.16667 0.420955
593 7.13333 0.411706
594 7.16667 0.392702
595 7.13333 0.397502
596 7.16667 0.395618
597 7.2 0.393627
598 7.26667 0.395182
599 7.26667 0.395182
600 7.33333 0.402102
601 7.3 0.395811
602 7.3 0.395811
603 7.36667 0.40253
604 7.4 0.414119
605 7.43333 0.417115
606 7.43333 0.417115
607 7.43333 0.417115
608 7.46667 0.406084
609 7.4 0.405706
610 7.36667 0.405376
611 7.4 0.4
612 7.4 0.4
613 7.36667 0.40253
614 7.43333 0.41435
615 7.53333 0.417252
616 7.53333 0.417252
617 7.6 0.422363
618 7.6 0.422363
619 7.6 0.422363
620 7.6 0.422363
621 7.6 0.422363
622 7.56667 0.417115
623 7.6 0.422363
624 7.63333 0.422046
625 7.73333 0.425976
626 7.73333 0.425976
627 7.73333 0.425976
628 7.6 0.433112
629 7.53333 0.43611
630 7.56667 0.441219
631 7.56667 0.435978
632 7.56667 0.42259
633 7.56667 0.425301
634 7.56667 0.425301
635 7.53333 0.419998
636 7.53333 0.419998
637 7.56667 0.435978
638 7.53333 0.422726
639 7.56667 0.425301
640 7.53333 0.441349
641 7.56667 0.438606
642 7.6 0.443601
643 7.63333 0.43545
644 7.63333 0.43545
645 7.66667 0.437688
646 7.66667 0.437688
647 7.66667 0.437688
648 7.66667 0.437688
649 7.73333 0.436636
650 7.76667 0.443817
651 7.83333 0.44226
652 7.83333 0.44226
653 7.93333 0.462212
654 7.96667 0.456079
655 8 0.459885
656 8 0.452325
657 8 0.452325
658 7.96667 0.453551
659 8 0.467323
660 8.1 0.455742
661 8.13333 0.454184
662 8.2 0.45334
663 8.2 0.450798
664 8.23333 0.451519
665 8.23333 0.448966
666 8.26667 0.449606
667 8.3 0.457756
668 8.3 0.457756
669 8.26667 0.464692
670 8.26667 0.464692
671 8.33333 0.470591
672 8.33333 0.470591
673 8.36667 0.473392
674 8.4 0.476095
675 8.4 0.483284
676 8.36667 0.490093
677 8.46667 0.481218
678 8.5 0.493055
679 8.53333 0.493016
680 8.6 0.483284
681 8.6 0.483284
682 8.56667 0.471445
683 8.56667 0.471445
684 8.56667 0.471445
685 8.5 0.45926
686 8.56667 0.464073
687 8.73333 0.491148
688 8.8 0.496887
689 8.9 0.496771
690 8.93333 0.495806
691 8.96667 0.490093
692 8.96667 0.490093
693 8.96667 0.490093
694 8.9 0.49908
695 8.9 0.49908
696 8.96667 0.50851
697 9 0.511927
698 8.96667 0.515246
699 9 0.516398
700 8.93333 0.518471
701 8.93333 0.522886
702 8.9 0.528172
703 8.96667 0.543474
704 8.96667 0.543474
705 8.9 0.545304
706 8.9 0.545304
707 8.96667 0.549782
708 8.96667 0.549782
709 8.96667 0.537092
710 8.96667 0.545585
711 8.96667 0.541355
712 9.06667 0.535913
713 9 0.536056
714 8.9 0.536806
715 8.9 0.536806
716 8.96667 0.543474
717 8.96667 0.543474
718 8.93333 0.538054
719 8.93333 0.538054
720 8.93333 0.538054
721 9 0.542451
722 8.96667 0.534947
723 8.86667 0.529005
724 8.86667 0.529005
725 8.9 0.523801
726 9.03333 0.499387
727 9.06667 0.507265
728 9.03333 0.506245
729 9.06667 0.509526
730 9.1 0.503665
731 9.13333 0.513571
732 9.1 0.530344
733 9.1 0.530344
734 9.13333 0.529005
735 9.16667 0.536235
736 9.1 0.534661
737 9.16667 0.561368
738 9.16667 0.567477
739 9.2 0.566092
740 9.2 0.564058
741 9.2 0.541178
742 9.16667 0.542627
743 9.23333 0.537519
744 9.33333 0.541036
745 9.26667 0.533764
746 9.23333 0.513459
747 9.23333 0.520131
748 9.26667 0.520683
749 9.23333 0.522336
750 9.16667 0.498465
751 9.16667 0.498465
752 9.16667 0.500766
753 9.16667 0.505336
754 9.23333 0.522336
755 9.23333 0.513459
756 9.3 0.500919
757 9.36667 0.499387
758 9.36667 0.503969
759 9.36667 0.506245
760 9.36667 0.510765
761 9.46667 0.511328
762 9.5 0.511365
763 9.46667 0.513571
764 9.5 0.513608
765 9.46667 0.502255
766 9.53333 0.490679
767 9.53333 0.490679
768 9.56667 0.497542
769 9.53333 0.495342
770 9.6 0.495033
771 9.63333 0.503969
772 9.66667 0.494413
773 9.63333 0.49708
774 9.63333 0.49708
775 9.7 0.498619
776 9.66667 0.494413
777 9.7 0.489311
778 9.76667 0.490562
779 9.73333 0.488802
780 9.7 0.489311
781 9.73333 0.491148
782 9.73333 0.509526
783 9.7 0.507756
784 9.73333 0.511777
785 9.76667 0.513459
786 9.76667 0.513459
787 9.8 0.53905
788 9.83333 0.538374
789 9.83333 0.538374
790 9.96667 0.558082
791 10.1 0.57205
792 10.0333 0.564227
793 10.1 0.559865
794 10.1 0.559865
795 10.1667 0.581483
796 10.1 0.574056
797 10.1 0.574056
798 10.0667 0.565143
799 10.0667 0.563106
800 10.0667 0.563106
801 10.1667 0.567477
802 10.2 0.557911
803 10.2333 0.574723
804 10.2333 0.574723
805 10.2333 0.574723
806 10.2667 0.573221
807 10.3 0.593354
808 10.3333 0.585914
809 10.3 0.587514
810 10.3667 0.576321
811 10.3333 0.567984
812 10.3 0.571648
813 10.2333 0.562595
814 10.2 0.559967
815 10.2667 0.563106
816 10.2667 0.554881
817 10.2667 0.554881
818 10.3 0.571648
819 10.3333 0.570004
820 10.3333 0.570004
821 10.3333 0.570004
822 10.4 0.582504
823 10.4333 0.584637
824 10.4333 0.584637
825 10.4333 0.60016
826 10.4333 0.603978
827 10.5 0.596445
828 10.5 0.596445
829 10.5 0.596445
830 10.5 0.596445
831 10.5 0.592579
832 10.5333 0.590603
833 10.5333 0.590603
834 10.5333 0.590603
835 10.5667 0.590506
836 10.5667 0.590506
837 10.6 0.588393
838 10.6333 0.584244
839 10.6667 0.593709
840 10.6333 0.599776
841 10.6 0.603819
842 10.7 0.621733
843 10.7667 0.624561
844 10.8333 0.610414
845 10.8333 0.610414
846 10.8 0.614761
847 10.8 0.60534
848 10.8 0.60534
849 10.7333 0.608245
850 10.7333 0.608245
851 10.8333 0.619758
852 10.8 0.625879
853 10.8333 0.639834
854 10.8 0.643982
855 10.7667 0.635507
856 10.8 0.640402
857 10.9 0.642105
858 10.9333 0.637764
859 10.8667 0.631971
860 10.8667 0.631971
861 10.9333 0.621332
862 10.9667 0.629693
863 10.9667 0.638755
864 10.9333 0.63415
865 10.9333 0.641359
866 10.9667 0.656503
867 10.9333 0.660779
868 10.9333 0.66942
869 10.9667 0.656503
870 11.0333 0.649462
871 11.0667 0.650258
872 11.1 0.656269
873 11.1333 0.655189
874 11.0667 0.6677
875 11.1333 0.669076
876 11.1333 0.677611
877 11.1667 0.679897
878 11.1 0.680348
879 11.1 0.668417
880 11.1 0.666695
881 11.0667 0.6677
882 11.1 0.666695
883 11.0667 0.660779
884 11.1 0.671848
885 11.0667 0.679644
886 11 0.681445
887 11 0.676366
888 11.1 0.678657
889 11.1333 0.679305
890 11.0667 0.66942
891 11.0667 0.66942
892 11.1667 0.676508
893 11.1667 0.655802
894 11.1667 0.661039
895 11.2 0.652845
896 11.1667 0.655802
897 11.1667 0.648754
898 11.1667 0.6452
899 11.2333 0.640911
900 11.2 0.643982
901 11.2333 0.655101
902 11.2 0.663325
903 11.2 0.640402
904 11.1667 0.646979
905 11.1667 0.662776
906 11.1667 0.652287
907 11.2667 0.659037
908 11.2 0.666782
909 11.2333 0.662082
910 11.2667 0.659037
911 11.3 0.650641
912 11.3333 0.650965
913 11.4667 0.655189
914 11.3667 0.652992
915 11.4333 0.648045
916 11.4667 0.641
917 11.4333 0.646268
918 11.4667 0.641
919 11.5 0.6517
920 11.5 0.662198
921 11.5 0.662198
922 11.5 0.662198
923 11.5 0.662198
924 11.5 0.662198
925 11.5333 0.665631
926 11.6333 0.658251
927 11.6 0.651435
928 11.5667 0.655101
929 11.5 0.65697
930 11.4667 0.644577
931 11.6333 0.651229
932 11.6333 0.651229
933 11.7 0.662892
934 11.7333 0.653784
935 11.7 0.647098
936 11.6667 0.647423
937 11.6667 0.647423
938 11.7 0.657669
939 11.7333 0.664248
940 11.7667 0.663816
941 11.7333 0.671134
942 11.7333 0.653784
943 11.7 0.662892
944 11.7667 0.679221
945 11.7333 0.683018
946 11.7 0.678318
947 11.7333 0.674551
948 11.7333 0.696351
949 11.7333 0.696351
950 11.7667 0.704148
951 11.8 0.708568
952 11.8 0.710189
953 11.7667 0.705778
954 11.7667 0.697588
955 11.8 0.70041
956 11.8667 0.68604
957 11.8 0.683803
958 11.8 0.683803
959 11.7667 0.656853
960 11.7667 0.656853
961 11.7667 0.648045
962 11.7333 0.650258
963 11.7333 0.650258
964 11.7 0.647098
965 11.7 0.647098
966 11.7333 0.653784
967 11.7667 0.656853
968 11.7667 0.656853
969 11.7333 0.648488
970 11.7333 0.637764
971 11.8 0.651082
972 11.8 0.654604
973 11.8333 0.657553
974 11.9667 0.670363
975 11.9667 0.673784
976 11.9333 0.672845
977 11.9667 0.677187
978 11.9667 0.666925
979 11.9667 0.666925
980 12 0.666092
981 12 0.666092
982 12.0333 0.6652
983 12.0667 0.676253
984 12.0333 0.668646
985 12.0667 0.662516
986 12.0667 0.676253
987 12.0667 0.676253
988 12.1 0.682035
989 12.1 0.676961
990 12.1 0.670135
991 12.1 0.682035
992 12 0.667815
993 12.0333 0.666925
994 12.0333 0.656503
995 12.0333 0.645913
996 12 0.643268
997 12 0.643268
998 12.0333 0.658251
999 12.0333 0.658251
1000 12 0.657407
1001 11.9667 0.644131
1002 11.9667 0.644131
1003 12 0.652141
1004 12 0.63427
1005 12.0333 0.651229
1006 11.9667 0.64769
1007 12 0.643268
1008 12.0667 0.635959
1009 12.1 0.642105
1010 12.1 0.642105
1011 12.1333 0.644577
1012 12.1333 0.644577
1013 12.2 0.642195
1014 12.2 0.642195
1015 12.2667 0.641359
1016 12.2667 0.641359
1017 12.2667 0.641359
1018 12.2667 0.641359
1019 12.2667 0.641359
1020 12.2667 0.641359
1021 12.3 0.638155
1022 12.4 0.644339
1023 12.4333 0.642701
1024 12.4333 0.642701
1025 12.4333 0.642701
1026 12.4667 0.649904
1027 12.4667 0.649904
1028 12.4667 0.649904
1029 12.4667 0.649904
1030 12.4667 0.649904
1031 12.4333 0.653344
1032 12.4667 0.642791
1033 12.5 0.64103
1034 12.5 0.64103
1035 12.5333 0.641
1036 12.5333 0.641
1037 12.5333 0.641
1038 12.5333 0.641
1039 12.5333 0.641
1040 12.5333 0.641
1041 12.5333 0.641
1042 12.5333 0.641
1043 12.5667 0.633696
1044 12.5667 0.633696
1045 12.5667 0.633696
1046 12.5667 0.633696
1047 12.6 0.649668
1048 12.6 0.649668
1049 12.6 0.649668
1050 12.6 0.649668
1051 12.6 0.649668
1052 12.6333 0.645913
1053 12.6333 0.645913
1054 12.6333 0.645913
1055 12.6333 0.645913
1056 12.6333 0.645913
1057 12.6333 0.645913
1058 12.6333 0.645913
1059 12.6333 0.645913
1060 12.6333 0.645913
1061 12.6333 0.645913
1062 12.6333 0.645913
1063 12.6333 0.645913
1064 12.6667 0.645646
1065 12.7 0.647098
1066 12.7 0.647098
1067 12.7 0.647098
1068 12.7 0.647098
1069 12.7 0.647098
1070 12.7 0.647098
1071 12.7 0.647098
1072 12.7 0.647098
1073 12.7 0.647098
1074 12.7 0.647098
1075 12.7 0.647098
1076 12.7 0.647098
1077 12.7 0.647098
1078 12.7333 0.643148
1079 12.7333 0.643148
1080 12.7333 0.643148
1081 12.7333 0.643148
1082 12.7333 0.643148
1083 12.7333 0.643148
1084 12.7333 0.643148
1085 12.7333 0.643148
1086 12.7333 0.643148
1087 12.7333 0.643148
1088 12.7333 0.643148
1089 12.7333 0.643148
1090 12.7333 0.643148
1091 12.7333 0.643148
1092 12.7333 0.643148
1093 12.7333 0.643148
1094 12.7333 0.643148
1095 12.7333 0.643148
1096 12.7333 0.643148
1097 12.7333 0.643148
1098 12.7333 0.643148
1099 12.7333 0.643148
1100 12.7333 0.643148
1101 12.7333 0.643148
1102 12.7333 0.643148
1103 12.7333 0.643148
1104 12.7333 0.643148
1105 12.7333 0.643148
1106 12.7333 0.643148
1107 12.7333 0.643148
1108 12.7333 0.643148
1109 12.7333 0.643148
1110 12.7333 0.643148
1111 12.7333 0.643148
1112 12.7333 0.643148
1113 12.7333 0.643148
1114 12.7333 0.643148
1115 12.7333 0.643148
1116 12.7333 0.643148
1117 12.7333 0.643148
1118 12.7333 0.643148
1119 12.7333 0.643148
1120 12.7333 0.643148
1121 12.7333 0.643148
1122 12.7333 0.643148
1123 12.7333 0.643148
1124 12.7333 0.643148
1125 12.7333 0.643148
1126 12.7333 0.643148
1127 12.7333 0.643148
1128 12.7333 0.643148
1129 12.7333 0.643148
1130 12.7333 0.643148
1131 12.7333 0.643148
1132 12.7333 0.643148
1133 12.7333 0.643148
1134 12.7333 0.643148
1135 12.7333 0.643148
1136 12.7333 0.643148
1137 12.7333 0.643148
1138 12.7333 0.643148
1139 12.7333 0.643148
1140 12.7333 0.643148
1141 12.7667 0.653344
1142 12.7667 0.653344
1143 12.7667 0.653344
1144 12.7667 0.653344
1145 12.7667 0.653344
1146 12.7667 0.653344
1147 12.7667 0.653344
1148 12.7667 0.653344
1149 12.7667 0.653344
1150 12.7667 0.653344
1151 12.7667 0.653344
1152 12.7667 0.653344
1153 12.7667 0.653344
1154 12.7667 0.653344
1155 12.7667 0.653344
1156 12.7667 0.653344
1157 12.7667 0.653344
1158 12.7667 0.653344
1159 12.7667 0.653344
1160 12.7667 0.653344
1161 12.7667 0.653344
1162 12.7667 0.653344
1163 12.7667 0.653344
1164 12.7667 0.653344
1165 12.7667 0.653344
1166 12.7667 0.653344
1167 12.7667 0.653344
1168 12.7333 0.659037
1169 12.7333 0.659037
1170 12.7333 0.659037
1171 12.7333 0.659037
1172 12.7333 0.659037
1173 12.7333 0.659037
1174 12.7333 0.659037
1175 12.7333 0.659037
1176 12.7333 0.659037
1177 12.7333 0.659037
1178 12.7333 0.659037
1179 12.7333 0.659037
1180 12.7333 0.659037
1181 12.7333 0.659037
1182 12.7333 0.659037
1183 12.7333 0.659037
1184 12.7333 0.659037
1185 12.7333 0.659037
1186 12.7333 0.659037
1187 12.7333 0.659037
1188 12.7333 0.659037
1189 12.7333 0.659037
1190 12.7333 0.659037
1191 12.7333 0.659037
1192 12.7333 0.659037
1193 12.7333 0.659037
1194 12.7333 0.659037
1195 12.7333 0.659037
1196 12.7333 0.659037
1197 12.7333 0.659037
1198 12.7333 0.659037
1199 12.7333 0.659037
1200 12.7333 0.659037
1201 12.7333 0.659037
1202 12.7333 0.659037
1203 12.7333 0.659037
1204 12.7333 0.659037
1205 12.7333 0.659037
1206 12.7333 0.659037
1207 12.7333 0.659037
1208 12.7333 0.659037
1209 12.7333 0.659037
1210 12.7333 0.659037
1211 12.7667 0.653344
1212 12.7667 0.653344
1213 12.7667 0.653344
1214 12.7667 0.653344
1215 12.7667 0.653344
1216 12.7667 0.653344
1217 12.7667 0.653344
1218 12.7667 0.653344
1219 12.7667 0.653344
1220 12.7667 0.653344
1221 12.7667 0.653344
1222 12.7667 0.653344
1223 12.7667 0.653344
1224 12.7667 0.653344
1225 12.7667 0.653344
1226 12.7667 0.653344
1227 12.7667 0.653344
1228 12.7667 0.653344
1229 12.7667 0.653344
1230 12.7667 0.653344
1231 12.7667 0.653344
1232 12.7667 0.653344
1233 12.7667 0.653344
1234 12.7667 0.653344
1235 12.7667 0.653344
1236 12.7667 0.653344
1237 12.7667 0.653344
1238 12.7667 0.653344
1239 12.7667 0.653344
1240 12.7667 0.653344
1241 12.7667 0.653344
1242 12.7667 0.653344
1243 12.7667 0.653344
1244 12.7667 0.653344
1245 12.7667 0.653344
1246 12.7667 0.653344
1247 12.7667 0.653344
1248 12.7667 0.653344
1249 12.7667 0.653344
1250 12.7667 0.653344
1251 12.7667 0.653344
1252 12.7667 0.653344
1253 12.7667 0.653344
1254 12.7667 0.653344
1255 12.7667 0.653344
1256 12.7667 0.653344
1257 12.7667 0.653344
1258 12.7667 0.653344
1259 12.7667 0.653344
1260 12.7667 0.653344
1261 12.7667 0.653344
1262 12.7667 0.653344
1263 12.7667 0.653344
1264 12.7667 0.653344
1265 12.7667 0.653344
1266 12.7667 0.653344
1267 12.7667 0.653344
1268 12.7667 0.653344
1269 12.7667 0.653344
1270 12.7667 0.653344
1271 12.7667 0.653344
1272 12.7667 0.653344
1273 12.8 0.647542
1274 12.8 0.647542
1275 12.8 0.647542
1276 12.8 0.647542
1277 12.8 0.647542
1278 12.8 0.647542
1279 12.8 0.647542
1280 12.8 0.647542
1281 12.8 0.647542
1282 12.8 0.647542
1283 12.8 0.647542
1284 12.8 0.647542
1285 12.8 0.647542
1286 12.8 0.647542
1287 12.8 0.647542
1288 12.8 0.647542
1289 12.8 0.647542
1290 12.8 0.647542
1291 12.8 0.647542
1292 12.8 0.647542
1293 12.8 0.647542
1294 12.8 0.647542
1295 12.8 0.647542
1296 12.8 0.647542
1297 12.8 0.647542
1298 12.8 0.647542
1299 12.8 0.647542
1300 12.8 0.647542
1301 12.8 0.647542
1302 12.8 0.647542
1303 12.8 0.647542
1304 12.8 0.647542
1305 12.8 0.647542
1306 12.8 0.647542
1307 12.8 0.647542
1308 12.8 0.647542
1309 12.8 0.647542
1310 12.8 0.647542
1311 12.8 0.647542
1312 12.8 0.647542
1313 12.8 0.647542
1314 12.8 0.647542
1315 12.8 0.647542
1316 12.8 0.647542
1317 12.8 0.647542
1318 12.8 0.647542
1319 12.8 0.647542
1320 12.8 0.647542
1321 12.8 0.647542
1322 12.8 0.647542
1323 12.8 0.647542
1324 12.8 0.647542
1325 12.8 0.647542
1326 12.8 0.647542
1327 12.8 0.647542
1328 12.8 0.647542
1329 12.8 0.647542
1330 12.8 0.647542
1331 12.8 0.647542
1332 12.8 0.647542
1333 12.8 0.647542
1334 12.8 0.647542
1335 12.8 0.647542
1336 12.8 0.647542
1337 12.8 0.647542
1338 12.8 0.647542
1339 12.8 0.647542
1340 12.8 0.647542
1341 12.8 0.647542
1342 12.8 0.647542
1343 12.8 0.647542
1344 12.8 0.647542
1345 12.8 0.647542
1346 12.8 0.647542
1347 12.8 0.647542
1348 12.8 0.647542
1349 12.8 0.647542
1350 12.8 0.647542
1351 12.8 0.647542
1352 12.8 0.647542
1353 12.8 0.647542
1354 12.8 0.647542
1355 12.8 0.647542
1356 12.8 0.647542
1357 12.8 0.647542
1358 12.8 0.647542
1359 12.8 0.647542
1360 12.8 0.647542
1361 12.8 0.647542
1362 12.8 0.647542
1363 12.8 0.647542
1364 12.8 0.647542
1365 12.8 0.647542
1366 12.8 0.647542
1367 12.8 0.647542
1368 12.8 0.647542
1369 12.8 0.647542
1370 12.8 0.647542
1371 12.8 0.647542
1372 12.8 0.647542
1373 12.8 0.647542
1374 12.8 0.647542
1375 12.8 0.647542
1376 12.8 0.647542
1377 12.8 0.647542
1378 12.8 0.647542
1379 12.8 0.647542
1380 12.8 0.647542
1381 12.8 0.647542
1382 12.8 0.647542
1383 12.8 0.647542
1384 12.8 0.647542
1385 12.8 0.647542
1386 12.8 0.647542
1387 12.8 0.647542
1388 12.8 0.647542
1389 12.8 0.647542
1390 12.8 0.647542
1391 12.8 0.647542
1392 12.8 0.647542
1393 12.8 0.647542
1394 12.8 0.647542
1395 12.7667 0.648045
1396 12.7667 0.648045
1397 12.7667 0.648045
1398 12.7667 0.648045
1399 12.7667 0.648045
1400 12.7667 0.648045
1401 12.7667 0.648045
1402 12.7667 0.648045
1403 12.7667 0.648045
1404 12.7667 0.648045
1405 12.7667 0.648045
1406 12.7667 0.648045
1407 12.7667 0.648045
1408 12.7667 0.648045
1409 12.7667 0.648045
1410 12.7667 0.648045
1411 12.7667 0.648045
1412 12.7667 0.648045
1413 12.7667 0.648045
1414 12.7667 0.648045
1415 12.7667 0.648045
1416 12.7667 0.648045
1417 12.7667 0.648045
1418 12.7667 0.648045
1419 12.7667 0.648045
1420 12.7667 0.648045
1421 12.7667 0.648045
1422 12.7667 0.648045
1423 12.7667 0.648045
1424 12.7667 0.648045
1425 12.8 0.647542
1426 12.8 0.647542
1427 12.8 0.647542
1428 12.8 0.647542
1429 12.8 0.647542
1430 12.8 0.647542
1431 12.8 0.647542
1432 12.8 0.647542
1433 12.8 0.647542
1434 12.8 0.647542
1435 12.8 0.647542
1436 12.8 0.647542
1437 12.8 0.647542
1438 12.8 0.647542
1439 12.8 0.647542
1440 12.8 0.647542
1441 12.8 0.647542
1442 12.8 0.647542
1443 12.8 0.647542
1444 12.8 0.647542
1445 12.8 0.647542
1446 12.8 0.647542
1447 12.8 0.647542
1448 12.8 0.647542
1449 12.8 0.647542
1450 12.8 0.647542
1451 12.8 0.647542
1452 12.8 0.647542
1453 12.8 0.647542
1454 12.8 0.647542
1455 12.8 0.647542
1456 12.8 0.647542
1457 12.8 0.647542
1458 12.8 0.647542
1459 12.8 0.647542
1460 12.8 0.647542
1461 12.8 0.647542
1462 12.8 0.647542
1463 12.8 0.647542
1464 12.8 0.647542
1465 12.8 0.647542
1466 12.8 0.647542
1467 12.8 0.647542
1468 12.8 0.647542
1469 12.8 0.647542
1470 12.8 0.647542
1471 12.8 0.647542
1472 12.8 0.647542
1473 12.8 0.647542
1474 12.8 0.647542
1475 12.8 0.647542
1476 12.8 0.647542
1477 12.8 0.647542
1478 12.8 0.647542
1479 12.8 0.647542
1480 12.8 0.647542
1481 12.8 0.647542
1482 12.8 0.647542
1483 12.8 0.647542
1484 12.8 0.647542
1485 12.8 0.647542
1486 12.8 0.647542
1487 12.7667 0.648045
1488 12.7667 0.648045
1489 12.8 0.647542
1490 12.8 0.647542
1491 12.8 0.647542
1492 12.8 0.647542
1493 12.8 0.647542
1494 12.8 0.647542
1495 12.8 0.647542
1496 12.8 0.647542
1497 12.8 0.647542
1498 12.8 0.647542
1499 12.8 0.647542
1500 12.7667 0.648045
1501 12.7667 0.648045
1502 12.7667 0.648045
1503 12.7667 0.648045
1504 12.7667 0.648045
1505 12.7667 0.648045
1506 12.8 0.647542
1507 12.8 0.647542
1508 12.8 0.647542
1509 12.8 0.647542
1510 12.8 0.647542
1511 12.7667 0.649816
1512 12.7333 0.641359
1513 12.7333 0.641359
1514 12.7333 0.641359
1515 12.7333 0.641359
1516 12.7333 0.641359
1517 12.7333 0.630514
1518 12.7 0.619881
1519 12.7 0.619881
1520 12.6 0.618861
1521 12.6 0.618861
1522 12.6 0.618861
1523 12.6 0.618861
1524 12.5667 0.619015
1525 12.5333 0.619108
1526 12.5333 0.619108
1527 12.5333 0.615384
1528 12.5 0.620993
1529 12.5333 0.619108
1530 12.6 0.618861
1531 12.6 0.618861
1532 12.6 0.618861
1533 12.5333 0.619108
1534 12.5 0.622841
1535 12.5 0.626521
1536 12.4667 0.626491
1537 12.4667 0.635598
1538 12.4667 0.624653
1539 12.5 0.620993
1540 12.4667 0.62281
1541 12.4333 0.626399
1542 12.4333 0.63188
1543 12.4333 0.620869
1544 12.5 0.61728
1545 12.5333 0.619108
1546 12.5333 0.619108
1547 12.5333 0.630149
1548 12.5 0.622841
1549 12.5333 0.617249
1550 12.5 0.619139
1551 12.5 0.63018
1552 12.5 0.63018
1553 12.4333 0.624561
1554 12.3333 0.616504
1555 12.4 0.637163
1556 12.4333 0.61342
1557 12.4 0.613263
1558 12.4333 0.605878
1559 12.4 0.601913
1560 12.4 0.590344
1561 12.4 0.6
1562 12.3333 0.603311
1563 12.3 0.587514
1564 12.3 0.587514
1565 12.4 0.598081
1566 12.4 0.598081
1567 12.3667 0.597857
1568 12.2667 0.613888
1569 12.2667 0.610132
1570 12.2 0.616628
1571 12.1667 0.614169
1572 12.1667 0.614169
1573 12.2 0.622195
1574 12.2 0.620345
1575 12.1667 0.623456
1576 12.2 0.638605
1577 12.2333 0.63188
1578 12.2333 0.626399
1579 12.2667 0.625021
1580 12.2667 0.625021
1581 12.3 0.623579
1582 12.2667 0.623179
1583 12.3333 0.618365
1584 12.3333 0.625756
1585 12.3667 0.627865
1586 12.3667 0.627865
1587 12.3333 0.629419
1588 12.3667 0.629693
1589 12.3667 0.618644
1590 12.3667 0.618644
1591 12.5 0.613544
1592 12.5333 0.609755
1593 12.5667 0.605878
1594 12.6667 0.593709
1595 12.7667 0.602072
1596 12.7 0.595288
1597 12.6333 0.613045
1598 12.6333 0.618644
1599 12.7 0.604865
1600 12.7333 0.626857
1601 12.7333 0.617621
1602 12.7667 0.61342
1603 12.7333 0.604453
1604 12.7333 0.604453
1605 12.7333 0.604453
1606 12.7 0.604865
1607 12.7667 0.60966
1608 12.6667 0.597569
1609 12.7333 0.59487
1610 12.7333 0.59487
1611 12.7333 0.59487
1612 12.7333 0.581187
1613 12.7 0.577649
1614 12.7333 0.583161
1615 12.7667 0.590506
1616 12.7667 0.590506
1617 12.7667 0.590506
1618 12.7333 0.579205
1619 12.8 0.597697
1620 12.8667 0.609755
1621 12.9 0.609032
1622 12.9 0.607141
1623 12.9 0.609032
1624 12.7333 0.617621
1625 12.8 0.633182
1626 12.8 0.633182
1627 12.8667 0.630149
1628 12.8667 0.635598
1629 12.9 0.62945
1630 12.9 0.610916
1631 13 0.612138
1632 13.0667 0.606352
1633 13.0667 0.612013
1634 13.0667 0.612013
1635 13.0333 0.614917
1636 12.9 0.610916
1637 12.8 0.595771
1638 12.8333 0.573522
1639 12.9 0.587905
1640 12.8667 0.592546
1641 12.9333 0.608245
1642 12.8667 0.605973
1643 13 0.602676
1644 13 0.608371
1645 13 0.606478
1646 13.0333 0.607394
1647 13.0333 0.599776
1648 13 0.602676
1649 12.9667 0.597857
1650 13 0.600766
1651 12.9667 0.595931
1652 12.9667 0.593999
1653 13.0333 0.595931
1654 12.9667 0.613045
1655 12.9333 0.606352
1656 13 0.623302
1657 13 0.623302
1658 12.9667 0.627865
1659 12.9667 0.627865
1660 13.0333 0.622349
1661 13.0333 0.622349
1662 13 0.619603
1663 12.9667 0.618644
1664 12.9667 0.618644
1665 13.0333 0.614917
1666 13.0333 0.614917
1667 12.9333 0.630514
1668 12.9333 0.643148
1669 12.9 0.636712
1670 12.9 0.636712
1671 12.9 0.642105
1672 12.9333 0.650258
1673 12.8667 0.635598
1674 12.9333 0.659037
1675 12.9333 0.659037
1676 12.9333 0.639564
1677 12.8667 0.626491
1678 12.8667 0.642791
1679 12.8667 0.642791
1680 12.8667 0.642791
1681 12.9 0.631273
1682 12.9333 0.639564
1683 12.9 0.634904
1684 12.9 0.634904
1685 12.9 0.634904
1686 12.8333 0.6179
1687 12.8333 0.6179
1688 12.8667 0.617249
1689 12.9333 0.625021
1690 12.9333 0.615757
1691 12.9333 0.621332
1692 13 0.617745
1693 13 0.617745
1694 13.0667 0.639564
1695 13.0667 0.639564
1696 13.0333 0.64769
1697 13.0333 0.645913
1698 13 0.652141
1699 13.0333 0.64769
1700 13.0667 0.655539
1701 13.1 0.647453
1702 13.1 0.647453
1703 13.0667 0.643148
1704 13.1 0.631273
1705 13.1 0.631273
1706 13.0667 0.630514
1707 13.2 0.634995
1708 13.1667 0.636231
1709 13.1667 0.636231
1710 13.2 0.652845
1711 13.2 0.634995
1712 13.2 0.634995
1713 13.1667 0.627132
1714 13.1333 0.617249
1715 13.1333 0.615384
1716 13.1 0.614667
1717 13.1 0.601435
1718 13.1 0.593741
1719 13.0667 0.59487
1720 13.1333 0.598337
1721 13.1333 0.598337
1722 13.1 0.593741
1723 13.1333 0.598337
1724 13.2 0.601531
1725 13.1333 0.607867
1726 13.1667 0.614169
1727 13.1 0.610916
1728 13.1333 0.602167
1729 13.1 0.601435
1730 13 0.58722
1731 12.9333 0.59487
1732 12.9 0.601435
1733 12.9 0.601435
1734 12.9333 0.604453
1735 12.9 0.614667
1736 12.9333 0.623179
1737 12.9667 0.618644
1738 12.9333 0.621332
1739 12.9667 0.620499
1740 13 0.619603
1741 12.9333 0.600638
1742 13.0333 0.588166
1743 13.0667 0.600638
1744 13.0667 0.59487
1745 13.0667 0.59487
1746 13.1 0.576055
1747 13.0667 0.577218
1748 13.1333 0.582767
1749 13.1667 0.593225
1750 13.1 0.585947
1751 13.2333 0.598241
1752 13.1667 0.591284
1753 13.1333 0.586698
1754 13.1333 0.580791
1755 13.1333 0.586698
1756 13.2 0.588003
1757 13.1667 0.587383
1758 13.2 0.601531
1759 13.2333 0.611543
1760 13.3 0.623579
1761 13.2667 0.648488
1762 13.2 0.588003
1763 13.1667 0.585423
1764 13.1667 0.585423
1765 13.2 0.574156
1766 13.1667 0.571514
1767 13.2333 0.578709
1768 13.2333 0.578709
1769 13.2667 0.571212
1770 13.2 0.578146
1771 13.2667 0.589044
1772 13.2333 0.588556
1773 13.2 0.58408
1774 13.1 0.580032
1775 13.1333 0.582767
1776 13.1 0.589857
1777 13.1333 0.586698
1778 13.1333 0.586698
1779 13.0667 0.589044
1780 13.0333 0.590117
1781 13 0.589174
1782 13 0.589174
1783 12.9333 0.575223
1784 12.9667 0.576321
1785 12.9 0.56599
1786 12.9333 0.575223
1787 13.0333 0.584244
1788 13 0.593063
1789 13.0333 0.593999
1790 13.0333 0.593999
1791 13.0333 0.607394
1792 13.0333 0.618644
1793 12.9333 0.604453
1794 12.9333 0.598721
1795 12.9667 0.592061
1796 12.9667 0.597857
1797 13.1 0.616535
1798 13.2 0.607236
1799 13.2 0.607236
1800 13.1333 0.602167
1801 13.1 0.601435
1802 13.1333 0.602167
1803 13.1667 0.604739
1804 13.1667 0.623456
1805 13.1333 0.62281
1806 13.1667 0.62161
1807 13.1333 0.615384
1808 13.1667 0.614169
1809 13.1 0.603343
1810 13.0667 0.602549
1811 13.1 0.612795
1812 13.1667 0.604739
1813 13.3 0.627255
1814 13.3 0.630909
1815 13.2333 0.63188
1816 13.3 0.625419
1817 13.2667 0.632334
1818 13.2333 0.63188
1819 13.2667 0.635959
1820 13.2667 0.639564
1821 13.3 0.625419
1822 13.2667 0.632334
1823 13.2 0.636802
1824 13.2 0.631364
1825 13.2667 0.626857
1826 13.2667 0.626857
1827 13.2667 0.644933
1828 13.2667 0.643148
1829 13.3333 0.633061
1830 13.3 0.636351
1831 13.2667 0.632334
1832 13.2 0.634995
1833 13.2333 0.640911
1834 13.3 0.641747
1835 13.2667 0.643148
1836 13.3333 0.643863
1837 13.3333 0.640283
1838 13.3 0.639953
1839 13.3 0.639953
1840 13.3333 0.633061
1841 13.3333 0.633061
1842 13.3333 0.623917
1843 13.3333 0.612763
1844 13.3667 0.622349
1845 13.4667 0.620962
1846 13.4333 0.626399
1847 13.5 0.620993
1848 13.4667 0.615384
1849 13.4333 0.620869
1850 13.4 0.618861
1851 13.4 0.618861
1852 13.3667 0.622349
1853 13.3333 0.620221
1854 13.3667 0.622349
1855 13.3 0.602962
1856 13.3 0.602962
1857 13.2 0.591899
1858 13.1667 0.589337
1859 13.2 0.58408
1860 13.3 0.583588
1861 13.3667 0.595931
1862 13.3667 0.595931
1863 13.3333 0.585914
1864 13.3667 0.588166
1865 13.3667 0.578312
1866 13.3667 0.599776
1867 13.4 0.596156
1868 13.4667 0.592546
1869 13.5 0.592579
1870 13.5667 0.602072
1871 13.5333 0.611637
1872 13.6 0.626246
1873 13.6333 0.626032
1874 13.7333 0.632334
1875 13.7333 0.646713
1876 13.7 0.648872
1877 13.7 0.648872
1878 13.7333 0.662516
1879 13.7667 0.658601
1880 13.8 0.66159
1881 13.7667 0.653344
1882 13.7 0.655919
1883 13.8 0.656357
1884 13.8 0.656357
1885 13.8 0.656357
1886 13.8 0.645764
1887 13.7667 0.655101
1888 13.7 0.655919
1889 13.7 0.668073
1890 13.5667 0.6893
1891 13.5667 0.694284
1892 13.6333 0.700547
1893 13.6667 0.703576
1894 13.7667 0.702513
1895 13.8 0.713418
1896 13.8333 0.706429
1897 13.7667 0.709028
1898 13.7667 0.709028
1899 13.7667 0.709028
1900 13.7333 0.712666
1901 13.8 0.697121
1902 13.8333 0.694946
1903 13.7667 0.695938
1904 13.7667 0.695938
1905 13.8333 0.689966
1906 13.8 0.687156
1907 13.8 0.677046
1908 13.8 0.677046
1909 13.8333 0.688298
1910 13.8333 0.69163
1911 13.8667 0.69271
1912 13.8333 0.699891
1913 13.7667 0.68763
1914 13.7667 0.68763
1915 13.7333 0.689716
1916 13.7 0.7
1917 13.7 0.7
1918 13.6667 0.700301
1919 13.6667 0.700301
1920 13.6667 0.700301
1921 13.5333 0.699315
1922 13.6 0.690827
1923 13.7 0.690077
1924 13.7 0.693401
1925 13.8 0.666782
1926 13.8 0.665056
1927 13.8333 0.661039
1928 13.8333 0.661039
1929 13.7667 0.658601
1930 13.7333 0.679644
1931 13.7 0.678318
1932 13.7333 0.693041
1933 13.7667 0.6893
1934 13.7333 0.706185
1935 13.7667 0.700875
1936 13.8 0.713418
1937 13.7667 0.713875
1938 13.7333 0.723868
1939 13.7333 0.733333
1940 13.7667 0.729798
1941 13.7 0.728958
1942 13.7333 0.717488
1943 13.7667 0.717088
1944 13.8 0.703685
1945 13.9 0.697038
1946 13.8667 0.702595
1947 13.9333 0.689716
1948 13.8 0.693815
1949 13.7667 0.702513
1950 13.8333 0.712908
1951 13.7667 0.680911
1952 13.8333 0.674807
1953 13.8 0.663325
1954 13.8 0.663325
1955 13.6333 0.659995
1956 13.6667 0.65624
1957 13.8333 0.625297
1958 13.9 0.610916
1959 13.8667 0.605973
1960 13.8 0.60534
1961 13.8 0.597697
1962 13.8333 0.597087
1963 13.9 0.612795
1964 13.8667 0.611637
1965 13.9333 0.608245
1966 13.9 0.638515
1967 13.8667 0.641
1968 13.8667 0.635598
1969 13.9333 0.632334
1970 13.8333 0.646979
1971 13.8667 0.649904
1972 13.9333 0.644933
1973 14.1 0.647453
1974 14.1 0.647453
1975 14.0667 0.653784
1976 14.1333 0.648133
1977 14.1 0.636712
1978 14 0.630636
1979 14 0.630636
1980 14.0333 0.631516
1981 14.0333 0.629693
1982 14.0333 0.629693
1983 14.1667 0.634421
1984 14.1667 0.650523
1985 14.2 0.665056
1986 14.2 0.673642
1987 14.2333 0.672418
1988 14.2333 0.672418
1989 14.2333 0.672418
1990 14.1667 0.68495
1991 14.1667 0.68495
1992 14.1333 0.69602
1993 14.2333 0.692627
1994 14.2667 0.681333
1995 14.2667 0.664248
1996 14.2333 0.660344
1997 14.2333 0.660344
1998 14.2667 0.660779
1999 14.3 0.668073
2000 14.3 0.668073
2001 14.3 0.657669
2002 14.3667 0.670363
2003 14.3 0.652405
2004 14.3333 0.65799
2005 14.4333 0.658601
2006 14.4333 0.658601
2007 14.4333 0.640911
2008 14.4667 0.628323
2009 14.3667 0.618644
2010 14.4 0.622564
2011 14.3333 0.623917
2012 14.2333 0.626399
2013 14.2333 0.626399
2014 1.96667 0.93401
2015 1.96667 0.93401
2016 1.96667 0.93401
