0 239.867 0.0926411
1 108.1 1.9531
2 60.6 1.1652
3 40.1667 0.916118
4 28 0.898274
5 19.6667 0.629419
6 14.8333 0.555191
7 11.8333 0.551035
8 10.1 0.532507
9 8.3 0.434569
10 6.9 0.402149
11 5.5 0.344914
12 4.96667 0.344024
13 4.16667 0.249521
14 3.73333 0.248829
15 3.46667 0.261443
16 3.1 0.241404
17 2.8 0.255514
18 2.4 0.217615
19 2.13333 0.212988
20 1.76667 0.201622
21 1.66667 0.193773
22 1.56667 0.183725
23 1.53333 0.177682
24 1.5 0.17779
25 1.4 0.176817
26 1.26667 0.165629
27 1.2 0.154622
28 1.13333 0.157081
29 1.06667 0.158537
30 1.03333 0.155241
31 0.966667 0.155241
32 0.933333 0.158537
33 0.933333 0.158537
34 0.866667 0.157081
35 0.833333 0.15225
36 0.7 0.145033
37 0.7 0.145033
38 0.666667 0.129839
39 0.666667 0.129839
40 0.666667 0.129839
41 0.633333 0.13116
42 0.566667 0.123952
43 0.5 0.124568
44 0.5 0.124568
45 0.433333 0.114303
46 0.366667 0.112274
47 0.4 0.113462
48 0.366667 0.112274
49 0.366667 0.112274
50 0.333333 0.110727
51 0.3 0.0976741
52 0.3 0.0976741
53 0.3 0.0976741
54 0.3 0.0976741
55 0.266667 0.0950902
56 0.266667 0.0950902
57 0.233333 0.0920187
58 0.233333 0.0920187
59 0.233333 0.0920187
60 0.266667 0.0950902
61 0.266667 0.0950902
62 0.266667 0.0950902
63 0.266667 0.0950902
64 0.266667 0.0950902
65 0.266667 0.0950902
66 0.266667 0.0950902
67 0.266667 0.0950902
68 0.266667 0.0950902
69 0.233333 0.0785403
70 0.233333 0.0785403
71 0.233333 0.0785403
72 0.233333 0.0785403
73 0.233333 0.0785403
74 0.233333 0.0785403
75 0.233333 0.0785403
76 0.2 0.0742781
77 0.166667 0.0692046
78 0.166667 0.0692046
79 0.166667 0.0692046
80 0.166667 0.0692046
81 0.166667 0.0692046
82 0.166667 0.0692046
83 0.133333 0.0631243
84 0.133333 0.0631243
85 0.133333 0.0631243
86 0.133333 0.0631243
87 0.133333 0.0631243
88 0.133333 0.0631243
89 0.133333 0.0631243
90 0.133333 0.0631243
91 0.133333 0.0631243
92 0.133333 0.0631243
93 0.133333 0.0631243
94 0.1 0.0557086
95 0.1 0.0557086
96 0.1 0.0557086
97 0.1 0.0557086
98 0.1 0.0557086
99 0.1 0.0557086
100 0.1 0.0557086
101 0.1 0.0557086
102 0.1 0.0557086
103 0.0666667 0.0463206
104 0.0666667 0.0463206
105 0.0666667 0.0463206
106 0.0666667 0.0463206
107 0.0666667 0.0463206
108 0.0666667 0.0463206
109 0.0666667 0.0463206
110 0.0666667 0.0463206
111 0.0666667 0.0463206
112 0.0666667 0.0463206
113 0.0666667 0.0463206
114 0.0666667 0.0463206
115 0.0666667 0.0463206
116 0.0666667 0.0463206
117 0.0666667 0.0463206
118 0.0666667 0.0463206
119 0.0666667 0.0463206
120 0.0666667 0.0463206
121 0.0666667 0.0463206
122 0.0666667 0.0463206
123 0.0666667 0.0463206
124 0.0666667 0.0463206
125 0.0666667 0.0463206
126 0.0666667 0.0463206
127 0.0666667 0.0463206
128 0.0666667 0.0463206
129 0.0666667 0.0463206
130 0.0666667 0.0463206
131 0.0666667 0.0463206
132 0.0666667 0.0463206
133 0.0666667 0.0463206
134 0.0666667 0.0463206
135 0.0666667 0.0463206
136 0.0666667 0.0463206
137 0.0666667 0.0463206
138 0.0666667 0.0463206
139 0.0666667 0.0463206
140 0.0666667 0.0463206
141 0.0666667 0.0463206
142 0.0333333 0.0333333
143 0.0333333 0.0333333
144 0.0333333 0.0333333
145 0.0333333 0.0333333
146 0.0333333 0.0333333
147 0.0333333 0.0333333
148 0.0666667 0.0666667
149 0.0666667 0.0666667
150 0.0666667 0.0666667
151 0.0666667 0.0666667
152 0.0666667 0.0666667
153 0.0666667 0.0666667
154 0.0666667 0.0666667
155 0.0666667 0.0666667
156 0.0666667 0.0666667
157 0.0666667 0.0666667
158 0.0666667 0.0666667
159 0.0666667 0.0666667
160 0.0666667 0.0666667
161 0.0666667 0.0666667
162 0.0666667 0.0666667
163 0.0666667 0.0666667
164 0.0666667 0.0666667
165 0.0666667 0.0666667
166 0.0333333 0.0333333
167 0.0333333 0.0333333
168 0.0333333 0.0333333
169 0.0333333 0.0333333
170 0.0333333 0.0333333
171 0.0333333 0.0333333
172 0.0333333 0.0333333
173 0.0333333 0.0333333
174 0.0333333 0.0333333
175 0.0333333 0.0333333
176 0.0333333 0.0333333
177 0.0333333 0.0333333
178 0.0333333 0.0333333
179 0.0333333 0.0333333
180 0.0333333 0.0333333
181 0.0333333 0.0333333
182 0.0333333 0.0333333
183 0.0333333 0.0333333
184 0.0333333 0.0333333
185 0.0333333 0.0333333
186 0.0333333 0.0333333
187 0.0333333 0.0333333
188 0.0333333 0.0333333
189 0.0333333 0.0333333
190 0.0333333 0.0333333
191 0.0333333 0.0333333
192 0.0333333 0.0333333
193 0.0333333 0.0333333
194 0.0333333 0.0333333
195 0.0333333 0.0333333
196 0.0333333 0.0333333
197 0.0333333 0.0333333
198 0.0333333 0.0333333
199 0.0333333 0.0333333
200 0 0
201 0 0
202 0 0
203 0 0
204 0 0
205 0 0
206 0 0
207 0 0
208 0 0
209 0 0
210 0 0
211 0 0
212 0 0
213 0 0
214 0 0
215 0 0
216 0 0
217 0 0
218 0 0
219 0 0
220 0 0
221 0 0
222 0 0
223 0 0
224 0 0
225 0 0
226 0 0
227 0 0
228 0 0
229 0 0
230 0 0
231 0 0
232 0 0
233 0 0
234 0 0
235 0 0
236 0 0
237 0 0
238 0 0
239 0 0
240 0 0
241 0 0
242 0 0
243 0 0
244 0 0
245 0 0
246 0 0
247 0 0
248 0 0
249 0 0
250 0 0
251 0 0
252 0 0
253 0 0
254 0 0
255 0 0
256 0 0
257 0 0
258 0 0
259 0 0
260 0 0
261 0 0
262 0 0
263 0 0
264 0 0
265 0 0
266 0 0
267 0 0
268 0 0
269 0 0
270 0 0
271 0 0
272 0 0
273 0 0
274 0 0
275 0 0
276 0 0
277 0 0
278 0 0
279 0 0
280 0 0
281 0 0
282 0 0
283 0 0
284 0 0
285 0 0
286 0 0
287 0 0
288 0 0
289 0 0
290 0 0
291 0 0
292 0 0
293 0 0
294 0 0
295 0 0
296 0 0
297 0 0
298 0 0
299 0 0
300 0 0
301 0 0
302 0 0
303 0 0
304 0 0
305 0 0
306 0 0
307 0 0
308 0 0
309 0 0
310 0 0
311 0 0
312 0 0
313 0 0
314 0 0
315 0 0
316 0 0
317 0 0
318 0 0
319 0 0
320 0 0
321 0 0
322 0 0
323 0 0
324 0 0
325 0 0
326 0 0
327 0 0
328 0 0
329 0 0
330 0 0
331 0 0
332 0 0
333 0 0
334 0 0
335 0 0
336 0 0
337 0 0
338 0 0
339 0 0
340 0 0
341 0 0
342 0 0
343 0 0
344 0 0
345 0.0333333 0.0333333
346 0.0333333 0.0333333
347 0.0333333 0.0333333
348 0.0333333 0.0333333
349 0.0333333 0.0333333
350 0.0333333 0.0333333
351 0.0333333 0.0333333
352 0.0333333 0.0333333
353 0.0333333 0.0333333
354 0.0333333 0.0333333
355 0.0333333 0.0333333
356 0.0333333 0.0333333
357 0.0333333 0.0333333
358 0.0333333 0.0333333
359 0.0333333 0.0333333
360 0.0333333 0.0333333
361 0.0333333 0.0333333
362 0.0333333 0.0333333
363 0.0333333 0.0333333
364 0.0333333 0.0333333
365 0.0333333 0.0333333
366 0.0333333 0.0333333
367 0.0333333 0.0333333
368 0.0333333 0.0333333
369 0.0333333 0.0333333
370 0.0333333 0.0333333
371 0.0333333 0.0333333
372 0.0333333 0.0333333
373 0.0333333 0.0333333
374 0.0333333 0.0333333
375 0.0333333 0.0333333
376 0.0333333 0.0333333
377 0.0333333 0.0333333
378 0.0333333 0.0333333
379 0.0333333 0.0333333
380 0.0333333 0.0333333
381 0.0333333 0.0333333
382 0.0333333 0.0333333
383 0.0333333 0.0333333
384 0.0333333 0.0333333
385 0.0333333 0.0333333
386 0.0333333 0.0333333
387 0.0333333 0.0333333
388 0.0333333 0.0333333
389 0.0333333 0.0333333
390 0.0333333 0.0333333
391 0.0333333 0.0333333
392 0.0333333 0.0333333
393 0.0333333 0.0333333
394 0.0333333 0.0333333
395 0.0333333 0.0333333
396 0.0333333 0.0333333
397 0.0333333 0.0333333
398 0.0333333 0.0333333
399 0.0333333 0.0333333
400 0.0333333 0.0333333
401 0.0333333 0.0333333
402 0.0333333 0.0333333
403 0.0333333 0.0333333
404 0.0333333 0.0333333
405 0.0333333 0.0333333
406 0.0333333 0.0333333
407 0.0333333 0.0333333
408 0.0333333 0.0333333
409 0.0333333 0.0333333
410 0.0333333 0.0333333
411 0.0333333 0.0333333
412 0.0333333 0.0333333
413 0.0333333 0.0333333
414 0.0333333 0.0333333
415 0.0333333 0.0333333
416 0.0333333 0.0333333
417 0.0333333 0.0333333
418 0.0666667 0.0463206
419 0.0666667 0.0463206
420 0.0666667 0.0463206
421 0.0666667 0.0463206
422 0.0666667 0.0463206
423 0.0666667 0.0463206
424 0.0666667 0.0463206
425 0.0666667 0.0463206
426 0.0666667 0.0463206
427 0.0666667 0.0463206
428 0.0666667 0.0463206
429 0.0666667 0.0463206
430 0.0666667 0.0463206
431 0.0666667 0.0463206
432 0.0666667 0.0463206
433 0.0666667 0.0463206
434 0.0666667 0.0463206
435 0.0666667 0.0463206
436 0.0666667 0.0463206
437 0.0666667 0.0463206
438 0.0666667 0.0463206
439 0.0666667 0.0463206
440 0.0666667 0.0463206
441 0.0666667 0.0463206
442 0.0666667 0.0463206
443 0.0666667 0.0463206
444 0.0666667 0.0463206
445 0.0666667 0.0463206
446 0.0666667 0.0463206
447 0.0666667 0.0463206
448 0.0666667 0.0463206
449 0.0333333 0.0333333
450 0.0333333 0.0333333
451 0.0333333 0.0333333
452 0.0333333 0.0333333
453 0.0333333 0.0333333
454 0.0333333 0.0333333
455 0.0333333 0.0333333
456 0.0333333 0.0333333
457 0.0333333 0.0333333
458 0.0333333 0.0333333
459 0.0333333 0.0333333
460 0.0333333 0.0333333
461 0.0333333 0.0333333
462 0.0333333 0.0333333
463 0.0333333 0.0333333
464 0.0333333 0.0333333
465 0.0333333 0.0333333
466 0.0333333 0.0333333
467 0.0333333 0.0333333
468 0.0333333 0.0333333
469 0.0333333 0.0333333
470 0.0333333 0.0333333
471 0.0333333 0.0333333
472 0.0333333 0.0333333
473 0.0333333 0.0333333
474 0.0333333 0.0333333
475 0.0333333 0.0333333
476 0.0333333 0.0333333
477 0.0333333 0.0333333
478 0.0333333 0.0333333
479 0.0333333 0.0333333
480 0.0333333 0.0333333
481 0.0333333 0.0333333
482 0.0333333 0.0333333
483 0.0333333 0.0333333
484 0.0333333 0.0333333
485 0.0333333 0.0333333
486 0.0333333 0.0333333
487 0.0333333 0.0333333
488 0.0333333 0.0333333
489 0.0333333 0.0333333
490 0.0333333 0.0333333
491 0.0333333 0.0333333
492 0.0333333 0.0333333
493 0.0333333 0.0333333
494 0.0333333 0.0333333
495 0.0333333 0.0333333
496 0.0333333 0.0333333
497 0.0333333 0.0333333
498 0.0333333 0.0333333
499 0.0333333 0.0333333
500 0.0333333 0.0333333
501 0.0333333 0.0333333
502 0.0333333 0.0333333
503 0.0333333 0.0333333
504 0.0666667 0.0666667
505 0.1 0.0735003
506 0.166667 0.0968864
507 0.166667 0.0968864
508 0.2 0.100573
509 0.2 0.100573
510 0.266667 0.106494
511 0.266667 0.106494
512 0.366667 0.139649
513 0.333333 0.120662
514 0.366667 0.122083
515 0.366667 0.122083
516 0.4 0.123176
517 0.466667 0.141692
518 0.5 0.141827
519 0.566667 0.141286
520 0.6 0.163299
521 0.666667 0.168382
522 0.7 0.173867
523 0.7 0.186622
524 0.733333 0.178971
525 0.666667 0.146478
526 0.666667 0.146478
527 0.7 0.128206
528 0.733333 0.135046
529 0.7 0.136878
530 0.633333 0.13116
531 0.633333 0.13116
532 0.666667 0.129839
533 0.666667 0.129839
534 0.833333 0.15225
535 0.866667 0.157081
536 0.833333 0.15225
537 0.833333 0.159621
538 0.933333 0.191385
539 0.866667 0.184037
540 0.866667 0.184037
541 0.966667 0.211635
542 1.13333 0.243222
543 1.23333 0.228354
544 1.23333 0.212718
545 1.2 0.2218
546 1.16667 0.220153
547 1.1 0.216291
548 1.1 0.205387
549 1.2 0.211182
550 1.3 0.198558
551 1.43333 0.218055
552 1.46667 0.201907
553 1.5 0.218406
554 1.43333 0.218055
555 1.4 0.195348
556 1.5 0.196229
557 1.56667 0.183725
558 1.46667 0.184037
559 1.56667 0.189878
560 1.5 0.202001
561 1.46667 0.201907
562 1.4 0.201146
563 1.46667 0.207521
564 1.46667 0.218318
565 1.46667 0.228606
566 1.46667 0.23845
567 1.4 0.232922
568 1.36667 0.227345
569 1.36667 0.216998
570 1.4 0.212267
571 1.4 0.232922
572 1.43333 0.247671
573 1.36667 0.237241
574 1.4 0.242591
575 1.4 0.247284
576 1.43333 0.261223
577 1.43333 0.261223
578 1.56667 0.274106
579 1.6 0.286075
580 1.63333 0.281553
581 1.53333 0.278474
582 1.43333 0.26988
583 1.43333 0.265587
584 1.36667 0.242038
585 1.36667 0.242038
586 1.43333 0.247671
587 1.5 0.243301
588 1.43333 0.247671
589 1.53333 0.257009
590 1.56667 0.261223
591 1.5 0.270164
592 1.46667 0.247903
593 1.46667 0.23845
594 1.56667 0.233333
595 1.6 0.237806
596 1.6 0.232922
597 1.63333 0.211635
598 1.66667 0.210819
599 1.6 0.222834
600 1.56667 0.218055
601 1.5 0.223607
602 1.43333 0.228354
603 1.4 0.232922
604 1.5 0.233662
605 1.26667 0.203042
606 1.23333 0.183725
607 1.26667 0.203042
608 1.3 0.209817
609 1.5 0.243301
610 1.6 0.242591
611 1.56667 0.233333
612 1.56667 0.218055
613 1.56667 0.201622
614 1.6 0.206782
615 1.66667 0.231603
616 1.6 0.227934
617 1.6 0.242591
618 1.63333 0.246741
619 1.66667 0.231603
620 1.56667 0.212718
621 1.53333 0.228606
622 1.43333 0.212718
623 1.36667 0.227345
624 1.43333 0.238209
625 1.46667 0.261443
626 1.53333 0.270093
627 1.53333 0.257009
628 1.43333 0.212718
629 1.43333 0.207244
630 1.33333 0.193773
631 1.2 0.194168
632 1.16667 0.173426
633 1.2 0.168836
634 1.26667 0.165629
635 1.23333 0.170754
636 1.36667 0.182469
637 1.4 0.183203
638 1.26667 0.185282
639 1.36667 0.200478
640 1.33333 0.193773
641 1.43333 0.218055
642 1.46667 0.212988
643 1.36667 0.188663
644 1.53333 0.218318
645 1.5 0.233662
646 1.5 0.233662
647 1.53333 0.247903
648 1.6 0.277923
649 1.63333 0.289603
650 1.66667 0.285002
651 1.53333 0.261443
652 1.4 0.227934
653 1.46667 0.228606
654 1.53333 0.23845
655 1.53333 0.218318
656 1.43333 0.195838
657 1.43333 0.201622
658 1.36667 0.194661
659 1.36667 0.211635
660 1.33333 0.216202
661 1.16667 0.198172
662 1.13333 0.184037
663 1.2 0.2
664 1.23333 0.201622
665 1.2 0.194168
666 1.26667 0.214065
667 1.3 0.209817
668 1.26667 0.214065
669 1.2 0.211182
670 1.2 0.216556
671 1.03333 0.200478
672 0.933333 0.239412
673 0.933333 0.229609
674 0.933333 0.234562
675 1 0.234888
676 0.966667 0.206132
677 1 0.214423
678 1.1 0.22667
679 1.1 0.231685
680 1.16667 0.275778
681 1.2 0.272915
682 1.26667 0.262321
683 1.26667 0.262321
684 1.26667 0.262321
685 1.16667 0.230359
686 1.23333 0.247671
687 1.1 0.216291
688 1 0.208993
689 1.1 0.22667
690 1.13333 0.23358
691 1.13333 0.218318
692 1.13333 0.207521
693 1.2 0.211182
694 1.23333 0.201622
695 1.26667 0.203042
696 1.26667 0.203042
697 1.16667 0.18621
698 1.13333 0.184037
699 1.23333 0.195838
700 1.2 0.194168
701 1.23333 0.183725
702 1.23333 0.189878
703 1.3 0.180357
704 1.43333 0.189878
705 1.4 0.195348
706 1.3 0.198558
707 1.36667 0.200478
708 1.4 0.206782
709 1.23333 0.195838
710 1.2 0.181944
711 1.26667 0.185282
712 1.26667 0.203042
713 1.3 0.215225
714 1.26667 0.214065
715 1.36667 0.211635
716 1.5 0.218406
717 1.43333 0.218055
718 1.5 0.223607
719 1.5 0.223607
720 1.4 0.201146
721 1.46667 0.201907
722 1.4 0.222834
723 1.4 0.222834
724 1.3 0.245183
725 1.26667 0.244166
726 1.26667 0.239412
727 1.16667 0.230359
728 1.1 0.221541
729 1.06667 0.219369
730 1.1 0.210909
731 1.1 0.210909
732 1.2 0.216556
733 1.2 0.211182
734 1.23333 0.207244
735 1.33333 0.205294
736 1.5 0.218406
737 1.4 0.201146
738 1.5 0.202001
739 1.5 0.202001
740 1.56667 0.228354
741 1.5 0.218406
742 1.56667 0.207244
743 1.53333 0.218318
744 1.53333 0.23358
745 1.53333 0.243222
746 1.5 0.257084
747 1.4 0.251889
748 1.43333 0.261223
749 1.53333 0.257009
750 1.5 0.233662
751 1.53333 0.247903
752 1.53333 0.243222
753 1.63333 0.242038
754 1.46667 0.257009
755 1.4 0.237806
756 1.46667 0.243222
757 1.46667 0.243222
758 1.36667 0.194661
759 1.36667 0.200478
760 1.6 0.227934
761 1.6 0.227934
762 1.46667 0.218318
763 1.33333 0.199616
764 1.2 0.188155
765 1.3 0.192682
766 1.36667 0.188663
767 1.33333 0.193773
768 1.4 0.201146
769 1.3 0.186622
770 1.3 0.204265
771 1.2 0.181944
772 1.13333 0.184037
773 1.03333 0.176057
774 0.933333 0.178971
775 0.933333 0.172429
776 1.1 0.187849
777 1.13333 0.207521
778 1.3 0.180357
779 1.3 0.204265
780 1.3 0.186622
781 1.4 0.201146
782 1.36667 0.206132
783 1.33333 0.210819
784 1.3 0.204265
785 1.4 0.212267
786 1.33333 0.193773
787 1.36667 0.206132
788 1.4 0.201146
789 1.36667 0.200478
790 1.26667 0.185282
791 1.33333 0.199616
792 1.4 0.189373
793 1.36667 0.188663
794 1.36667 0.194661
795 1.46667 0.196131
796 1.5 0.196229
797 1.46667 0.212988
798 1.5 0.228689
799 1.5 0.223607
800 1.63333 0.237241
801 1.53333 0.223521
802 1.5 0.23853
803 1.53333 0.23845
804 1.43333 0.212718
805 1.36667 0.222232
806 1.4 0.232922
807 1.4 0.217615
808 1.46667 0.223521
809 1.4 0.217615
810 1.5 0.223607
811 1.5 0.233662
812 1.46667 0.23358
813 1.43333 0.223264
814 1.36667 0.216998
815 1.3 0.215225
816 1.3 0.204265
817 1.33333 0.193773
818 1.33333 0.236514
819 1.33333 0.231603
820 1.33333 0.231603
821 1.36667 0.216998
822 1.23333 0.228354
823 1.23333 0.195838
824 1.3 0.186622
825 1.3 0.198558
826 1.36667 0.206132
827 1.43333 0.233333
828 1.46667 0.23358
829 1.56667 0.228354
830 1.5 0.223607
831 1.43333 0.228354
832 1.46667 0.223521
833 1.43333 0.207244
834 1.4 0.212267
835 1.43333 0.223264
836 1.46667 0.247903
837 1.53333 0.252497
838 1.46667 0.228606
839 1.5 0.223607
840 1.53333 0.23845
841 1.56667 0.238209
842 1.56667 0.233333
843 1.6 0.237806
844 1.63333 0.251356
845 1.56667 0.252269
846 1.56667 0.242986
847 1.5 0.24798
848 1.5 0.233662
849 1.46667 0.243222
850 1.56667 0.242986
851 1.46667 0.252497
852 1.5 0.261516
853 1.63333 0.27744
854 1.93333 0.279299
855 1.86667 0.252497
856 1.8 0.264358
857 1.8 0.250975
858 1.7 0.245183
859 1.66667 0.231603
860 1.7 0.24045
861 1.66667 0.241325
862 1.66667 0.241325
863 1.7 0.258866
864 1.73333 0.248829
865 1.7 0.230691
866 1.7 0.24045
867 1.63333 0.242038
868 1.56667 0.207244
869 1.63333 0.206132
870 1.6 0.206782
871 1.56667 0.212718
872 1.46667 0.207521
873 1.46667 0.201907
874 1.43333 0.183725
875 1.36667 0.200478
876 1.5 0.223607
877 1.43333 0.201622
878 1.43333 0.195838
879 1.43333 0.195838
880 1.36667 0.188663
881 1.4 0.206782
882 1.26667 0.185282
883 1.33333 0.181522
884 1.33333 0.205294
885 1.4 0.201146
886 1.3 0.186622
887 1.33333 0.193773
888 1.26667 0.185282
889 1.26667 0.185282
890 1.4 0.189373
891 1.5 0.202001
892 1.5 0.207614
893 1.6 0.201146
894 1.6 0.201146
895 1.53333 0.207521
896 1.5 0.190281
897 1.46667 0.196131
898 1.46667 0.201907
899 1.4 0.183203
900 1.4 0.201146
901 1.5 0.196229
902 1.53333 0.184037
903 1.5 0.184141
904 1.43333 0.183725
905 1.46667 0.196131
906 1.46667 0.223521
907 1.36667 0.222232
908 1.16667 0.214869
909 1.13333 0.223521
910 1.16667 0.235296
911 1.16667 0.230359
912 1.23333 0.261223
913 1.26667 0.244166
914 1.3 0.230691
915 1.26667 0.229609
916 1.26667 0.208626
917 1.36667 0.206132
918 1.4 0.217615
919 1.46667 0.218318
920 1.43333 0.201622
921 1.43333 0.183725
922 1.4 0.170193
923 1.43333 0.183725
924 1.56667 0.183725
925 1.5 0.17779
926 1.6 0.195348
927 1.63333 0.169403
928 1.63333 0.182469
929 1.56667 0.195838
930 1.6 0.222834
931 1.66667 0.236514
932 1.66667 0.231603
933 1.7 0.24045
934 1.66667 0.236514
935 1.63333 0.232346
936 1.6 0.222834
937 1.6 0.227934
938 1.66667 0.226586
939 1.5 0.228689
940 1.4 0.212267
941 1.43333 0.207244
942 1.4 0.217615
943 1.36667 0.216998
944 1.43333 0.212718
945 1.3 0.198558
946 1.36667 0.200478
947 1.6 0.212267
948 1.63333 0.194661
949 1.66667 0.210819
950 1.7 0.215225
951 1.66667 0.210819
952 1.63333 0.200478
953 1.43333 0.177358
954 1.4 0.163299
955 1.36667 0.162476
956 1.4 0.170193
957 1.33333 0.161411
958 1.4 0.163299
959 1.43333 0.177358
960 1.46667 0.184037
961 1.43333 0.195838
962 1.33333 0.205294
963 1.33333 0.205294
964 1.36667 0.216998
965 1.56667 0.238209
966 1.6 0.237806
967 1.43333 0.218055
968 1.43333 0.218055
969 1.53333 0.223521
970 1.6 0.206782
971 1.53333 0.201907
972 1.56667 0.228354
973 1.46667 0.223521
974 1.53333 0.201907
975 1.6 0.212267
976 1.56667 0.223264
977 1.6 0.201146
978 1.53333 0.223521
979 1.53333 0.247903
980 1.46667 0.265803
981 1.5 0.265875
982 1.63333 0.246741
983 1.6 0.232922
984 1.56667 0.233333
985 1.53333 0.23358
986 1.7 0.249828
987 1.63333 0.242038
988 1.6 0.222834
989 1.53333 0.212988
990 1.56667 0.223264
991 1.36667 0.188663
992 1.43333 0.195838
993 1.46667 0.207521
994 1.53333 0.201907
995 1.5 0.202001
996 1.4 0.206782
997 1.33333 0.205294
998 1.33333 0.199616
999 1.3 0.186622
1000 1.16667 0.18621
1001 1.16667 0.179932
1002 1.2 0.194168
1003 1.3 0.192682
1004 1.33333 0.193773
1005 1.4 0.189373
1006 1.23333 0.189878
1007 1.2 0.188155
1008 1.13333 0.184037
1009 1.03333 0.176057
1010 1 0.179399
1011 0.933333 0.172429
1012 0.933333 0.178971
1013 0.833333 0.159621
1014 0.8 0.147001
1015 0.7 0.152753
1016 0.633333 0.147651
1017 0.6 0.148556
1018 0.6 0.148556
1019 0.533333 0.133333
1020 0.5 0.133477
1021 0.5 0.133477
1022 0.466667 0.133333
1023 0.466667 0.133333
1024 0.466667 0.133333
1025 0.466667 0.133333
1026 0.466667 0.133333
1027 0.466667 0.133333
1028 0.433333 0.132902
1029 0.433333 0.132902
1030 0.433333 0.132902
1031 0.433333 0.132902
1032 0.433333 0.132902
1033 0.433333 0.132902
1034 0.433333 0.132902
1035 0.4 0.123176
1036 0.4 0.123176
1037 0.366667 0.112274
1038 0.366667 0.112274
1039 0.366667 0.112274
1040 0.366667 0.112274
1041 0.366667 0.112274
1042 0.366667 0.112274
1043 0.366667 0.112274
1044 0.366667 0.112274
1045 0.366667 0.112274
1046 0.366667 0.112274
1047 0.366667 0.112274
1048 0.333333 0.110727
1049 0.3 0.108808
1050 0.233333 0.0920187
1051 0.233333 0.0920187
1052 0.233333 0.0920187
1053 0.233333 0.0920187
1054 0.233333 0.0920187
1055 0.233333 0.0920187
1056 0.233333 0.0920187
1057 0.233333 0.0920187
1058 0.233333 0.0920187
1059 0.233333 0.0920187
1060 0.233333 0.0920187
1061 0.233333 0.0920187
1062 0.233333 0.0920187
1063 0.233333 0.0920187
1064 0.233333 0.0920187
1065 0.233333 0.0920187
1066 0.2 0.0742781
1067 0.2 0.0742781
1068 0.2 0.0742781
1069 0.2 0.0742781
1070 0.2 0.0742781
1071 0.2 0.0742781
1072 0.2 0.0742781
1073 0.2 0.0742781
1074 0.2 0.0742781
1075 0.166667 0.0692046
1076 0.166667 0.0692046
1077 0.133333 0.0631243
1078 0.133333 0.0631243
1079 0.133333 0.0631243
1080 0.133333 0.0631243
1081 0.1 0.0557086
1082 0.1 0.0557086
1083 0.1 0.0557086
1084 0.1 0.0557086
1085 0.1 0.0557086
1086 0.1 0.0557086
1087 0.1 0.0557086
1088 0.1 0.0557086
1089 0.1 0.0557086
1090 0.133333 0.0631243
1091 0.133333 0.0631243
1092 0.133333 0.0631243
1093 0.133333 0.0631243
1094 0.133333 0.0631243
1095 0.133333 0.0631243
1096 0.133333 0.0631243
1097 0.133333 0.0631243
1098 0.133333 0.0631243
1099 0.133333 0.0631243
1100 0.133333 0.0631243
1101 0.133333 0.0631243
1102 0.133333 0.0631243
1103 0.133333 0.0631243
1104 0.133333 0.0631243
1105 0.133333 0.0631243
1106 0.133333 0.0631243
1107 0.1 0.0557086
1108 0.1 0.0557086
1109 0.1 0.0557086
1110 0.1 0.0557086
1111 0.1 0.0557086
1112 0.1 0.0557086
1113 0.0666667 0.0463206
1114 0.0666667 0.0463206
1115 0.0666667 0.0463206
1116 0.0666667 0.0463206
1117 0.0666667 0.0463206
1118 0.0666667 0.0463206
1119 0.0666667 0.0463206
1120 0.0666667 0.0463206
1121 0.0666667 0.0463206
1122 0.1 0.0557086
1123 0.1 0.0557086
1124 0.1 0.0557086
1125 0.1 0.0557086
1126 0.1 0.0557086
1127 0.1 0.0557086
1128 0.1 0.0557086
1129 0.1 0.0557086
1130 0.1 0.0557086
1131 0.1 0.0557086
1132 0.1 0.0557086
1133 0.1 0.0557086
1134 0.1 0.0557086
1135 0.1 0.0557086
1136 0.1 0.0557086
1137 0.1 0.0557086
1138 0.1 0.0557086
1139 0.1 0.0557086
1140 0.1 0.0557086
1141 0.0666667 0.0463206
1142 0.0333333 0.0333333
1143 0.0333333 0.0333333
1144 0.0333333 0.0333333
1145 0.0333333 0.0333333
1146 0.0333333 0.0333333
1147 0.0333333 0.0333333
1148 0.0333333 0.0333333
1149 0.0333333 0.0333333
1150 0.0333333 0.0333333
1151 0.0333333 0.0333333
1152 0.0333333 0.0333333
1153 0.0333333 0.0333333
1154 0.0333333 0.0333333
1155 0.0333333 0.0333333
1156 0.0333333 0.0333333
1157 0.0333333 0.0333333
1158 0.0333333 0.0333333
1159 0.0333333 0.0333333
1160 0.0333333 0.0333333
1161 0.0333333 0.0333333
1162 0.0333333 0.0333333
1163 0.0333333 0.0333333
1164 0.0333333 0.0333333
1165 0.0333333 0.0333333
1166 0.0333333 0.0333333
1167 0.0333333 0.0333333
1168 0.0333333 0.0333333
1169 0.0333333 0.0333333
1170 0.0333333 0.0333333
1171 0.0333333 0.0333333
1172 0.0333333 0.0333333
1173 0.0333333 0.0333333
1174 0.0333333 0.0333333
1175 0.0333333 0.0333333
1176 0.0333333 0.0333333
1177 0.0333333 0.0333333
1178 0.0333333 0.0333333
1179 0.0333333 0.0333333
1180 0.0333333 0.0333333
1181 0.0333333 0.0333333
1182 0.0333333 0.0333333
1183 0.0333333 0.0333333
1184 0.0333333 0.0333333
1185 0.0333333 0.0333333
1186 0.0333333 0.0333333
1187 0.0333333 0.0333333
1188 0.0333333 0.0333333
1189 0.0333333 0.0333333
1190 0.0333333 0.0333333
1191 0.0333333 0.0333333
1192 0.0333333 0.0333333
1193 0.0333333 0.0333333
1194 0.0333333 0.0333333
1195 0.0333333 0.0333333
1196 0.0333333 0.0333333
1197 0.0333333 0.0333333
1198 0.0333333 0.0333333
1199 0.0333333 0.0333333
1200 0 0
1201 0 0
1202 0 0
1203 0 0
1204 0 0
1205 0 0
1206 0 0
1207 0 0
1208 0 0
1209 0 0
1210 0 0
1211 0 0
1212 0 0
1213 0 0
1214 0 0
1215 0 0
1216 0 0
1217 0 0
1218 0.0333333 0.0333333
1219 0.0333333 0.0333333
1220 0.0333333 0.0333333
1221 0.0333333 0.0333333
1222 0.0333333 0.0333333
1223 0.0333333 0.0333333
1224 0.0333333 0.0333333
1225 0.0333333 0.0333333
1226 0.0333333 0.0333333
1227 0.0333333 0.0333333
1228 0.0333333 0.0333333
1229 0.0333333 0.0333333
1230 0.0333333 0.0333333
1231 0.0333333 0.0333333
1232 0.0333333 0.0333333
1233 0.0333333 0.0333333
1234 0.0333333 0.0333333
1235 0.0333333 0.0333333
1236 0.0333333 0.0333333
1237 0.0333333 0.0333333
1238 0.0333333 0.0333333
1239 0.0333333 0.0333333
1240 0.0333333 0.0333333
1241 0.0333333 0.0333333
1242 0.0333333 0.0333333
1243 0.0333333 0.0333333
1244 0.0333333 0.0333333
1245 0.0333333 0.0333333
1246 0.0333333 0.0333333
1247 0.0333333 0.0333333
1248 0.0333333 0.0333333
1249 0.0333333 0.0333333
1250 0.0333333 0.0333333
1251 0.0333333 0.0333333
1252 0.0333333 0.0333333
1253 0.0333333 0.0333333
1254 0.0333333 0.0333333
1255 0.0333333 0.0333333
1256 0.0333333 0.0333333
1257 0.0333333 0.0333333
1258 0.0333333 0.0333333
1259 0.0333333 0.0333333
1260 0.0333333 0.0333333
1261 0.0333333 0.0333333
1262 0.0333333 0.0333333
1263 0.0333333 0.0333333
1264 0.0333333 0.0333333
1265 0.0333333 0.0333333
1266 0.0333333 0.0333333
1267 0.0333333 0.0333333
1268 0.0333333 0.0333333
1269 0.0333333 0.0333333
1270 0.0333333 0.0333333
1271 0.0333333 0.0333333
1272 0.0333333 0.0333333
1273 0.0333333 0.0333333
1274 0.0333333 0.0333333
1275 0.0333333 0.0333333
1276 0.0333333 0.0333333
1277 0.0333333 0.0333333
1278 0.0333333 0.0333333
1279 0.0333333 0.0333333
1280 0.0333333 0.0333333
1281 0.0333333 0.0333333
1282 0.0333333 0.0333333
1283 0.0333333 0.0333333
1284 0.0333333 0.0333333
1285 0.0333333 0.0333333
1286 0.0333333 0.0333333
1287 0.0333333 0.0333333
1288 0.0333333 0.0333333
1289 0.0333333 0.0333333
1290 0.0333333 0.0333333
1291 0.0333333 0.0333333
1292 0.0333333 0.0333333
1293 0.0333333 0.0333333
1294 0.0333333 0.0333333
1295 0.0333333 0.0333333
1296 0.0333333 0.0333333
1297 0.0333333 0.0333333
1298 0.0333333 0.0333333
1299 0.0333333 0.0333333
1300 0.0333333 0.0333333
1301 0.0333333 0.0333333
1302 0.0333333 0.0333333
1303 0.0333333 0.0333333
1304 0.0666667 0.0463206
1305 0.0666667 0.0463206
1306 0.0666667 0.0463206
1307 0.0666667 0.0463206
1308 0.0666667 0.0463206
1309 0.0666667 0.0463206
1310 0.0666667 0.0463206
1311 0.0666667 0.0463206
1312 0.0666667 0.0463206
1313 0.0666667 0.0463206
1314 0.0666667 0.0463206
1315 0.0666667 0.0463206
1316 0.0666667 0.0463206
1317 0.0666667 0.0463206
1318 0.0666667 0.0463206
1319 0.0666667 0.0463206
1320 0.0666667 0.0463206
1321 0.0666667 0.0463206
1322 0.0666667 0.0463206
1323 0.0666667 0.0463206
1324 0.0666667 0.0463206
1325 0.0666667 0.0463206
1326 0.0666667 0.0463206
1327 0.0666667 0.0463206
1328 0.0666667 0.0463206
1329 0.0666667 0.0463206
1330 0.0666667 0.0463206
1331 0.0666667 0.0463206
1332 0.0666667 0.0463206
1333 0.0666667 0.0463206
1334 0.0666667 0.0463206
1335 0.0666667 0.0463206
1336 0.0666667 0.0463206
1337 0.0666667 0.0463206
1338 0.0666667 0.0463206
1339 0.0666667 0.0463206
1340 0.0666667 0.0463206
1341 0.0666667 0.0463206
1342 0.0666667 0.0463206
1343 0.0666667 0.0463206
1344 0.0666667 0.0463206
1345 0.0666667 0.0463206
1346 0.0666667 0.0463206
1347 0.0666667 0.0463206
1348 0.0666667 0.0463206
1349 0.0666667 0.0463206
1350 0.0666667 0.0463206
1351 0.0666667 0.0463206
1352 0.0666667 0.0463206
1353 0.0666667 0.0463206
1354 0.0666667 0.0463206
1355 0.0666667 0.0463206
1356 0.0666667 0.0463206
1357 0.0666667 0.0463206
1358 0.0666667 0.0463206
1359 0.0666667 0.0463206
1360 0.0666667 0.0463206
1361 0.0666667 0.0463206
1362 0.0666667 0.0463206
1363 0.0666667 0.0463206
1364 0.0666667 0.0463206
1365 0.0666667 0.0463206
1366 0.0666667 0.0463206
1367 0.0666667 0.0463206
1368 0.0666667 0.0463206
1369 0.0666667 0.0463206
1370 0.0666667 0.0463206
1371 0.0666667 0.0463206
1372 0.0666667 0.0463206
1373 0.0666667 0.0463206
1374 0.0666667 0.0463206
1375 0.0666667 0.0463206
1376 0.0666667 0.0463206
1377 0.0666667 0.0463206
1378 0.0666667 0.0463206
1379 0.0666667 0.0463206
1380 0.0666667 0.0463206
1381 0.0666667 0.0463206
1382 0.0666667 0.0463206
1383 0.0666667 0.0463206
1384 0.0666667 0.0463206
1385 0.0666667 0.0463206
1386 0.0666667 0.0463206
1387 0.0666667 0.0463206
1388 0.0666667 0.0463206
1389 0.0666667 0.0463206
1390 0.0666667 0.0463206
1391 0.0666667 0.0463206
1392 0.0666667 0.0463206
1393 0.0666667 0.0463206
1394 0.0666667 0.0463206
1395 0.0666667 0.0463206
1396 0.0666667 0.0463206
1397 0.0666667 0.0463206
1398 0.0666667 0.0463206
1399 0.0666667 0.0463206
1400 0.0666667 0.0463206
1401 0.0666667 0.0463206
1402 0.0666667 0.0463206
1403 0.0666667 0.0463206
1404 0.0666667 0.0463206
1405 0.0666667 0.0463206
1406 0.0666667 0.0463206
1407 0.0666667 0.0463206
1408 0.0666667 0.0463206
1409 0.0666667 0.0463206
1410 0.0666667 0.0463206
1411 0.0666667 0.0463206
1412 0.0666667 0.0463206
1413 0.0666667 0.0463206
1414 0.0666667 0.0463206
1415 0.0666667 0.0463206
1416 0.0666667 0.0463206
1417 0.0666667 0.0463206
1418 0.0666667 0.0463206
1419 0.0666667 0.0463206
1420 0.0666667 0.0463206
1421 0.0666667 0.0463206
1422 0.0666667 0.0463206
1423 0.0666667 0.0463206
1424 0.0666667 0.0463206
1425 0.0666667 0.0463206
1426 0.0666667 0.0463206
1427 0.0333333 0.0333333
1428 0.0333333 0.0333333
1429 0.0333333 0.0333333
1430 0.0333333 0.0333333
1431 0.0333333 0.0333333
1432 0.0333333 0.0333333
1433 0.0333333 0.0333333
1434 0.0333333 0.0333333
1435 0.0333333 0.0333333
1436 0.0333333 0.0333333
1437 0.0333333 0.0333333
1438 0.0333333 0.0333333
1439 0.0333333 0.0333333
1440 0.0333333 0.0333333
1441 0.0333333 0.0333333
1442 0.0333333 0.0333333
1443 0.0333333 0.0333333
1444 0.0333333 0.0333333
1445 0.0333333 0.0333333
1446 0.0333333 0.0333333
1447 0.0333333 0.0333333
1448 0.0333333 0.0333333
1449 0.0333333 0.0333333
1450 0.0333333 0.0333333
1451 0.0333333 0.0333333
1452 0.0333333 0.0333333
1453 0.0333333 0.0333333
1454 0.0333333 0.0333333
1455 0.0333333 0.0333333
1456 0.0333333 0.0333333
1457 0.0333333 0.0333333
1458 0.0333333 0.0333333
1459 0.0333333 0.0333333
1460 0.0333333 0.0333333
1461 0.0333333 0.0333333
1462 0.0333333 0.0333333
1463 0.0333333 0.0333333
1464 0.0333333 0.0333333
1465 0.0333333 0.0333333
1466 0.0333333 0.0333333
1467 0.0333333 0.0333333
1468 0.0333333 0.0333333
1469 0.0333333 0.0333333
1470 0.0333333 0.0333333
1471 0.0333333 0.0333333
1472 0.0333333 0.0333333
1473 0.0333333 0.0333333
1474 0.0333333 0.0333333
1475 0.0333333 0.0333333
1476 0.0333333 0.0333333
1477 0.0333333 0.0333333
1478 0.0333333 0.0333333
1479 0.0333333 0.0333333
1480 0.0333333 0.0333333
1481 0.0333333 0.0333333
1482 0.0333333 0.0333333
1483 0.0333333 0.0333333
1484 0.0333333 0.0333333
1485 0.0333333 0.0333333
1486 0.0333333 0.0333333
1487 0.0333333 0.0333333
1488 0.0333333 0.0333333
1489 0.0333333 0.0333333
1490 0.0333333 0.0333333
1491 0.0333333 0.0333333
1492 0.0333333 0.0333333
1493 0.0333333 0.0333333
1494 0.0333333 0.0333333
1495 0.0333333 0.0333333
1496 0.0333333 0.0333333
1497 0.0333333 0.0333333
1498 0.0333333 0.0333333
1499 0.0333333 0.0333333
1500 0.0333333 0.0333333
1501 0.0333333 0.0333333
1502 0.0333333 0.0333333
1503 0.0333333 0.0333333
1504 0.0333333 0.0333333
1505 0.0333333 0.0333333
1506 0.0333333 0.0333333
1507 0.0333333 0.0333333
1508 0.0333333 0.0333333
1509 0.0333333 0.0333333
1510 0.0333333 0.0333333
1511 0.0666667 0.0463206
1512 0.0666667 0.0463206
1513 0.0666667 0.0463206
1514 0.0666667 0.0463206
1515 0.1 0.0557086
1516 0.1 0.0557086
1517 0.133333 0.0631243
1518 0.2 0.0884087
1519 0.2 0.0884087
1520 0.133333 0.0631243
1521 0.166667 0.0692046
1522 0.166667 0.0692046
1523 0.233333 0.0785403
1524 0.266667 0.0950902
1525 0.266667 0.0950902
1526 0.3 0.0976741
1527 0.3 0.0850963
1528 0.366667 0.101521
1529 0.366667 0.101521
1530 0.433333 0.114303
1531 0.466667 0.124414
1532 0.6 0.140606
1533 0.6 0.140606
1534 0.6 0.132179
1535 0.633333 0.139649
1536 0.633333 0.139649
1537 0.666667 0.146478
1538 0.733333 0.151113
1539 0.733333 0.151113
1540 0.866667 0.177682
1541 0.833333 0.173426
1542 0.9 0.187849
1543 0.966667 0.182469
1544 0.933333 0.178971
1545 0.933333 0.178971
1546 0.966667 0.200478
1547 1 0.203419
1548 1.13333 0.228606
1549 1.2 0.231933
1550 1.46667 0.223521
1551 1.53333 0.228606
1552 1.5 0.218406
1553 1.46667 0.23358
1554 1.4 0.227934
1555 1.33333 0.226586
1556 1.3 0.220501
1557 1.33333 0.221455
1558 1.26667 0.219369
1559 1.33333 0.226586
1560 1.4 0.227934
1561 1.36667 0.222232
1562 1.33333 0.216202
1563 1.36667 0.227345
1564 1.3 0.209817
1565 1.36667 0.200478
1566 1.3 0.209817
1567 1.3 0.204265
1568 1.3 0.204265
1569 1.33333 0.193773
1570 1.4 0.183203
1571 1.3 0.173867
1572 1.26667 0.203042
1573 1.26667 0.203042
1574 1.26667 0.208626
1575 1.26667 0.208626
1576 1.26667 0.172429
1577 1.3 0.173867
1578 1.3 0.186622
1579 1.3 0.204265
1580 1.3 0.230691
1581 1.36667 0.222232
1582 1.33333 0.216202
1583 1.26667 0.1973
1584 1.2 0.216556
1585 1.2 0.2218
1586 1.16667 0.209451
1587 1.06667 0.203042
1588 1.2 0.205667
1589 1.26667 0.185282
1590 1.33333 0.181522
1591 1.36667 0.182469
1592 1.53333 0.177682
1593 1.6 0.201146
1594 1.53333 0.196131
1595 1.6 0.206782
1596 1.5 0.184141
1597 1.53333 0.184037
1598 1.66667 0.181522
1599 1.56667 0.170754
1600 1.53333 0.157081
1601 1.56667 0.170754
1602 1.43333 0.170754
1603 1.4 0.163299
1604 1.36667 0.155241
1605 1.33333 0.146478
1606 1.36667 0.176057
1607 1.3 0.167126
1608 1.3 0.167126
1609 1.3 0.180357
1610 1.26667 0.172429
1611 1.33333 0.187747
1612 1.4 0.206782
1613 1.4 0.212267
1614 1.36667 0.194661
1615 1.33333 0.187747
1616 1.26667 0.172429
1617 1.23333 0.163885
1618 1.26667 0.158537
1619 1.3 0.180357
1620 1.3 0.173867
1621 1.33333 0.187747
1622 1.36667 0.182469
1623 1.3 0.167126
1624 1.36667 0.162476
1625 1.33333 0.154126
1626 1.33333 0.154126
1627 1.3 0.160101
1628 1.26667 0.165629
1629 1.33333 0.187747
1630 1.23333 0.170754
1631 1.16667 0.179932
1632 1.16667 0.18621
1633 1.2 0.188155
1634 1.33333 0.199616
1635 1.4 0.227934
1636 1.23333 0.177358
1637 1.2 0.181944
1638 1.06667 0.178971
1639 1.1 0.181627
1640 1.13333 0.177682
1641 1.06667 0.191385
1642 1.16667 0.209451
1643 1.2 0.211182
1644 1.26667 0.224547
1645 1.26667 0.224547
1646 1.33333 0.226586
1647 1.36667 0.251356
1648 1.33333 0.226586
1649 1.3 0.245183
1650 1.26667 0.266667
1651 1.2 0.259973
1652 1.33333 0.285002
1653 1.4 0.277923
1654 1.36667 0.27744
1655 1.4 0.269525
1656 1.56667 0.261223
1657 1.6 0.269525
1658 1.53333 0.252497
1659 1.6 0.256412
1660 1.56667 0.261223
1661 1.56667 0.282368
1662 1.56667 0.265587
1663 1.6 0.260856
1664 1.56667 0.265587
1665 1.5 0.257084
1666 1.5 0.270164
1667 1.43333 0.242986
1668 1.46667 0.23358
1669 1.46667 0.228606
1670 1.46667 0.23358
1671 1.43333 0.218055
1672 1.3 0.192682
1673 1.36667 0.211635
1674 1.36667 0.216998
1675 1.43333 0.233333
1676 1.36667 0.211635
1677 1.36667 0.194661
1678 1.33333 0.226586
1679 1.36667 0.227345
1680 1.33333 0.226586
1681 1.36667 0.232346
1682 1.3 0.225654
1683 1.3 0.225654
1684 1.3 0.204265
1685 1.3 0.204265
1686 1.2 0.2
1687 1.2 0.2
1688 1.13333 0.196131
1689 1.13333 0.19018
1690 1.1 0.193872
1691 1.1 0.193872
1692 1.06667 0.191385
1693 1.2 0.2218
1694 1.2 0.2218
1695 1.26667 0.239412
1696 1.23333 0.233333
1697 1.23333 0.233333
1698 1.1 0.199712
1699 1.2 0.216556
1700 1.23333 0.228354
1701 1.3 0.230691
1702 1.36667 0.216998
1703 1.26667 0.229609
1704 1.16667 0.220153
1705 1.13333 0.218318
1706 1.13333 0.218318
1707 1.13333 0.201907
1708 1.1 0.175185
1709 1.13333 0.171091
1710 1.16667 0.166667
1711 1.16667 0.173426
1712 1.2 0.2
1713 1.23333 0.201622
1714 1.33333 0.199616
1715 1.3 0.215225
1716 1.3 0.220501
1717 1.3 0.225654
1718 1.26667 0.262321
1719 1.3 0.258866
1720 1.33333 0.264068
1721 1.33333 0.276818
1722 1.26667 0.257902
1723 1.4 0.247284
1724 1.36667 0.237241
1725 1.3 0.209817
1726 1.23333 0.207244
1727 1.1 0.22667
1728 1.1 0.216291
1729 1.13333 0.212988
1730 1.1 0.205387
1731 1.13333 0.19018
1732 1.13333 0.171091
1733 1.23333 0.177358
1734 1.16667 0.166667
1735 1.2 0.175512
1736 1.06667 0.172429
1737 1.1 0.175185
1738 1.13333 0.196131
1739 1.26667 0.185282
1740 1.36667 0.176057
1741 1.43333 0.195838
1742 1.36667 0.200478
1743 1.33333 0.199616
1744 1.3 0.192682
1745 1.3 0.192682
1746 1.3 0.198558
1747 1.43333 0.189878
1748 1.43333 0.195838
1749 1.43333 0.212718
1750 1.5 0.218406
1751 1.5 0.218406
1752 1.53333 0.23358
1753 1.53333 0.223521
1754 1.56667 0.212718
1755 1.4 0.201146
1756 1.46667 0.207521
1757 1.46667 0.207521
1758 1.56667 0.207244
1759 1.56667 0.218055
1760 1.53333 0.207521
1761 1.53333 0.207521
1762 1.46667 0.207521
1763 1.4 0.201146
1764 1.3 0.192682
1765 1.4 0.206782
1766 1.36667 0.188663
1767 1.33333 0.187747
1768 1.33333 0.187747
1769 1.33333 0.199616
1770 1.33333 0.216202
1771 1.3 0.198558
1772 1.36667 0.211635
1773 1.4 0.232922
1774 1.53333 0.243222
1775 1.43333 0.233333
1776 1.6 0.237806
1777 1.7 0.230691
1778 1.73333 0.234562
1779 1.63333 0.232346
1780 1.6 0.237806
1781 1.73333 0.244166
1782 1.83333 0.235296
1783 1.86667 0.23845
1784 1.8 0.246353
1785 1.8 0.236837
1786 1.73333 0.229609
1787 1.7 0.215225
1788 1.53333 0.223521
1789 1.43333 0.201622
1790 1.4 0.212267
1791 1.5 0.23853
1792 1.53333 0.243222
1793 1.56667 0.228354
1794 1.53333 0.207521
1795 1.5 0.218406
1796 1.4 0.195348
1797 1.36667 0.188663
1798 1.36667 0.200478
1799 1.46667 0.201907
1800 1.4 0.201146
1801 1.4 0.189373
1802 1.36667 0.194661
1803 1.36667 0.200478
1804 1.33333 0.205294
1805 1.43333 0.201622
1806 1.46667 0.19018
1807 1.46667 0.171091
1808 1.53333 0.184037
1809 1.43333 0.183725
1810 1.46667 0.212988
1811 1.53333 0.218318
1812 1.6 0.222834
1813 1.6 0.222834
1814 1.53333 0.196131
1815 1.46667 0.19018
1816 1.53333 0.196131
1817 1.56667 0.207244
1818 1.63333 0.222232
1819 1.66667 0.221455
1820 1.56667 0.212718
1821 1.4 0.195348
1822 1.3 0.186622
1823 1.46667 0.201907
1824 1.36667 0.188663
1825 1.36667 0.182469
1826 1.36667 0.182469
1827 1.4 0.189373
1828 1.53333 0.207521
1829 1.53333 0.23845
1830 1.46667 0.23845
1831 1.4 0.242591
1832 1.33333 0.241325
1833 1.4 0.237806
1834 1.4 0.237806
1835 1.36667 0.246741
1836 1.4 0.242591
1837 1.43333 0.247671
1838 1.4 0.247284
1839 1.4 0.237806
1840 1.4 0.232922
1841 1.4 0.222834
1842 1.4 0.212267
1843 1.33333 0.199616
1844 1.26667 0.191385
1845 1.23333 0.183725
1846 1.26667 0.178971
1847 1.16667 0.166667
1848 1.16667 0.166667
1849 1.06667 0.151113
1850 1.16667 0.166667
1851 1.26667 0.178971
1852 1.23333 0.183725
1853 1.26667 0.203042
1854 1.2 0.194168
1855 1.2 0.188155
1856 1.2 0.181944
1857 1.23333 0.177358
1858 1.16667 0.173426
1859 1.26667 0.191385
1860 1.36667 0.182469
1861 1.4 0.201146
1862 1.3 0.173867
1863 1.4 0.163299
1864 1.36667 0.162476
1865 1.4 0.156102
1866 1.36667 0.155241
1867 1.5 0.17779
1868 1.5 0.184141
1869 1.53333 0.218318
1870 1.53333 0.218318
1871 1.5 0.223607
1872 1.46667 0.201907
1873 1.56667 0.212718
1874 1.63333 0.222232
1875 1.5 0.213078
1876 1.4 0.183203
1877 1.46667 0.196131
1878 1.5 0.196229
1879 1.53333 0.201907
1880 1.6 0.217615
1881 1.6 0.212267
1882 1.56667 0.201622
1883 1.6 0.222834
1884 1.6 0.212267
1885 1.6 0.212267
1886 1.63333 0.211635
1887 1.7 0.220501
1888 1.6 0.201146
1889 1.5 0.202001
1890 1.46667 0.207521
1891 1.53333 0.223521
1892 1.63333 0.232346
1893 1.53333 0.201907
1894 1.66667 0.221455
1895 1.76667 0.228354
1896 1.6 0.217615
1897 1.63333 0.246741
1898 1.63333 0.242038
1899 1.63333 0.227345
1900 1.56667 0.233333
1901 1.5 0.233662
1902 1.5 0.228689
1903 1.4 0.206782
1904 1.36667 0.222232
1905 1.33333 0.210819
1906 1.36667 0.194661
1907 1.43333 0.195838
1908 1.46667 0.19018
1909 1.43333 0.189878
1910 1.36667 0.169403
1911 1.33333 0.181522
1912 1.3 0.167126
1913 1.2 0.154622
1914 1.3 0.160101
1915 1.36667 0.176057
1916 1.26667 0.172429
1917 1.33333 0.187747
1918 1.36667 0.194661
1919 1.26667 0.191385
1920 1.33333 0.187747
1921 1.3 0.192682
1922 1.33333 0.193773
1923 1.36667 0.188663
1924 1.36667 0.182469
1925 1.33333 0.187747
1926 1.3 0.167126
1927 1.33333 0.181522
1928 1.43333 0.189878
1929 1.5 0.196229
1930 1.56667 0.189878
1931 1.56667 0.195838
1932 1.6 0.206782
1933 1.56667 0.212718
1934 1.53333 0.207521
1935 1.6 0.201146
1936 1.56667 0.195838
1937 1.6 0.183203
1938 1.6 0.183203
1939 1.73333 0.203042
1940 1.63333 0.211635
1941 1.66667 0.216202
1942 1.63333 0.216998
1943 1.56667 0.201622
1944 1.63333 0.200478
1945 1.63333 0.206132
1946 1.66667 0.199616
1947 1.7 0.198558
1948 1.7 0.198558
1949 1.46667 0.201907
1950 1.46667 0.201907
1951 1.56667 0.212718
1952 1.7 0.225654
1953 1.76667 0.223264
1954 1.63333 0.206132
1955 1.53333 0.207521
1956 1.43333 0.212718
1957 1.43333 0.223264
1958 1.46667 0.218318
1959 1.5 0.228689
1960 1.53333 0.223521
1961 1.6 0.206782
1962 1.5 0.202001
1963 1.46667 0.196131
1964 1.56667 0.212718
1965 1.63333 0.206132
1966 1.56667 0.201622
1967 1.56667 0.189878
1968 1.73333 0.203042
1969 1.66667 0.199616
1970 1.6 0.201146
1971 1.6 0.189373
1972 1.5 0.207614
1973 1.56667 0.201622
1974 1.56667 0.195838
1975 1.53333 0.19018
1976 1.53333 0.19018
1977 1.46667 0.19018
1978 1.4 0.183203
1979 1.53333 0.184037
1980 1.46667 0.184037
1981 1.53333 0.177682
1982 1.5 0.171203
1983 1.56667 0.177358
1984 1.5 0.17779
1985 1.43333 0.170754
1986 1.43333 0.183725
1987 1.33333 0.168382
1988 1.3 0.173867
1989 1.33333 0.175075
1990 1.23333 0.170754
1991 1.3 0.167126
1992 1.36667 0.162476
1993 1.4 0.176817
1994 1.4 0.176817
1995 1.3 0.180357
1996 1.3 0.173867
1997 1.4 0.176817
1998 1.36667 0.182469
1999 1.3 0.173867
2000 1.33333 0.210819
2001 1.36667 0.216998
2002 1.3 0.204265
2003 1.33333 0.216202
2004 1.3 0.204265
2005 1.33333 0.199616
2006 1.3 0.198558
2007 1.26667 0.203042
2008 1.26667 0.214065
2009 1.33333 0.216202
2010 1.36667 0.211635
2011 1.26667 0.1973
2012 1.3 0.198558
2013 1.4 0.222834
2014 0.2 0.100573
2015 0.2 0.100573
2016 0.2 0.100573
