0 0 0
1 0.133333 0.0631243
2 0.5 0.133477
3 0.833333 0.15225
4 1.16667 0.18621
5 1.56667 0.212718
6 2.2 0.289272
7 2.46667 0.294522
8 2.7 0.314953
9 2.86667 0.331258
10 3.2 0.347073
11 3.36667 0.33385
12 3.5 0.331316
13 3.53333 0.33471
14 3.56667 0.34801
15 3.66667 0.363044
16 3.73333 0.371184
17 3.8 0.363255
18 3.96667 0.369788
19 4.1 0.375546
20 4.13333 0.379756
21 4.2 0.381768
22 4.3 0.368751
23 4.3 0.368751
24 4.36667 0.366667
25 4.4 0.370151
26 4.4 0.370151
27 4.43333 0.376564
28 4.43333 0.376564
29 4.5 0.385812
30 4.5 0.385812
31 4.53333 0.38873
32 4.53333 0.38873
33 4.53333 0.38873
34 4.56667 0.385613
35 4.6 0.37631
36 4.63333 0.375953
37 4.63333 0.375953
38 4.66667 0.375495
39 4.66667 0.375495
40 4.66667 0.375495
41 4.66667 0.375495
42 4.66667 0.375495
43 4.73333 0.377327
44 4.73333 0.377327
45 4.76667 0.379605
46 4.76667 0.379605
47 4.76667 0.379605
48 4.76667 0.379605
49 4.8 0.390696
50 4.8 0.390696
51 4.8 0.390696
52 4.8 0.390696
53 4.76667 0.400239
54 4.8 0.390696
55 4.8 0.390696
56 4.8 0.390696
57 4.8 0.390696
58 4.8 0.390696
59 4.8 0.390696
60 4.8 0.390696
61 4.8 0.390696
62 4.8 0.390696
63 4.8 0.390696
64 4.8 0.390696
65 4.8 0.390696
66 4.8 0.390696
67 4.8 0.390696
68 4.8 0.390696
69 4.8 0.390696
70 4.8 0.390696
71 4.8 0.390696
72 4.8 0.390696
73 4.8 0.390696
74 4.8 0.390696
75 4.8 0.390696
76 4.8 0.390696
77 4.8 0.390696
78 4.8 0.390696
79 4.8 0.390696
80 4.8 0.390696
81 4.8 0.390696
82 4.8 0.390696
83 4.8 0.390696
84 4.8 0.390696
85 4.8 0.390696
86 4.8 0.390696
87 4.8 0.390696
88 4.8 0.390696
89 4.8 0.390696
90 4.8 0.390696
91 4.8 0.390696
92 4.8 0.390696
93 4.8 0.390696
94 4.8 0.390696
95 4.8 0.390696
96 4.8 0.390696
97 4.8 0.390696
98 4.8 0.390696
99 4.8 0.390696
100 4.8 0.390696
101 4.8 0.390696
102 4.8 0.390696
103 4.8 0.390696
104 4.8 0.390696
105 4.8 0.390696
106 4.8 0.390696
107 4.8 0.390696
108 4.8 0.390696
109 4.8 0.390696
110 4.8 0.390696
111 4.8 0.390696
112 4.8 0.390696
113 4.8 0.390696
114 4.8 0.390696
115 4.8 0.390696
116 4.8 0.390696
117 4.8 0.390696
118 4.8 0.390696
119 4.8 0.390696
120 4.8 0.390696
121 4.8 0.390696
122 4.8 0.390696
123 4.8 0.390696
124 4.8 0.390696
125 4.83333 0.38382
126 4.83333 0.38382
127 4.83333 0.38382
128 4.83333 0.38382
129 4.83333 0.38382
130 4.83333 0.38382
131 4.83333 0.38382
132 4.83333 0.38382
133 4.83333 0.38382
134 4.83333 0.38382
135 4.83333 0.38382
136 4.83333 0.38382
137 4.83333 0.38382
138 4.83333 0.38382
139 4.83333 0.38382
140 4.83333 0.38382
141 4.83333 0.38382
142 4.83333 0.38382
143 4.83333 0.38382
144 4.83333 0.38382
145 4.83333 0.38382
146 4.83333 0.38382
147 4.83333 0.38382
148 4.83333 0.38382
149 4.83333 0.38382
150 4.83333 0.38382
151 4.83333 0.38382
152 4.83333 0.38382
153 4.83333 0.38382
154 4.83333 0.38382
155 4.83333 0.38382
156 4.83333 0.38382
157 4.83333 0.38382
158 4.83333 0.38382
159 4.83333 0.38382
160 4.83333 0.38382
161 4.83333 0.38382
162 4.83333 0.38382
163 4.83333 0.38382
164 4.83333 0.38382
165 4.83333 0.38382
166 4.83333 0.38382
167 4.83333 0.38382
168 4.83333 0.38382
169 4.83333 0.38382
170 4.83333 0.38382
171 4.83333 0.38382
172 4.83333 0.38382
173 4.83333 0.38382
174 4.83333 0.38382
175 4.83333 0.38382
176 4.83333 0.38382
177 4.83333 0.38382
178 4.83333 0.38382
179 4.83333 0.38382
180 4.83333 0.38382
181 4.83333 0.38382
182 4.83333 0.38382
183 4.83333 0.38382
184 4.83333 0.38382
185 4.83333 0.38382
186 4.83333 0.38382
187 4.83333 0.38382
188 4.83333 0.38382
189 4.83333 0.38382
190 4.83333 0.38382
191 4.83333 0.38382
192 4.83333 0.38382
193 4.83333 0.38382
194 4.83333 0.38382
195 4.83333 0.38382
196 4.83333 0.38382
197 4.83333 0.38382
198 4.83333 0.38382
199 4.83333 0.38382
200 4.83333 0.38382
201 4.83333 0.38382
202 4.83333 0.38382
203 4.83333 0.38382
204 4.83333 0.38382
205 4.83333 0.38382
206 4.83333 0.38382
207 4.83333 0.38382
208 4.83333 0.38382
209 4.83333 0.38382
210 4.83333 0.38382
211 4.83333 0.38382
212 4.83333 0.38382
213 4.83333 0.38382
214 4.83333 0.38382
215 4.83333 0.38382
216 4.83333 0.38382
217 4.83333 0.38382
218 4.83333 0.38382
219 4.83333 0.38382
220 4.83333 0.38382
221 4.83333 0.38382
222 4.83333 0.38382
223 4.83333 0.38382
224 4.83333 0.38382
225 4.83333 0.38382
226 4.83333 0.38382
227 4.83333 0.38382
228 4.83333 0.38382
229 4.83333 0.38382
230 4.83333 0.38382
231 4.83333 0.38382
232 4.83333 0.38382
233 4.83333 0.38382
234 4.83333 0.38382
235 4.83333 0.38382
236 4.83333 0.38382
237 4.83333 0.38382
238 4.83333 0.38382
239 4.8 0.387743
240 4.8 0.387743
241 4.8 0.387743
242 4.8 0.387743
243 4.83333 0.38382
244 4.83333 0.38382
245 4.83333 0.38382
246 4.83333 0.38382
247 4.83333 0.38382
248 4.83333 0.38382
249 4.83333 0.38382
250 4.83333 0.38382
251 4.83333 0.38382
252 4.83333 0.38382
253 4.83333 0.38382
254 4.83333 0.38382
255 4.83333 0.38382
256 4.83333 0.38382
257 4.83333 0.38382
258 4.83333 0.38382
259 4.83333 0.38382
260 4.83333 0.38382
261 4.83333 0.38382
262 4.83333 0.38382
263 4.83333 0.38382
264 4.83333 0.38382
265 4.83333 0.38382
266 4.83333 0.38382
267 4.83333 0.38382
268 4.83333 0.38382
269 4.83333 0.38382
270 4.83333 0.38382
271 4.83333 0.38382
272 4.83333 0.38382
273 4.83333 0.38382
274 4.83333 0.38382
275 4.83333 0.38382
276 4.83333 0.38382
277 4.83333 0.38382
278 4.83333 0.38382
279 4.83333 0.38382
280 4.83333 0.38382
281 4.83333 0.38382
282 4.83333 0.38382
283 4.83333 0.38382
284 4.83333 0.38382
285 4.83333 0.38382
286 4.83333 0.38382
287 4.83333 0.38382
288 4.83333 0.38382
289 4.83333 0.38382
290 4.83333 0.38382
291 4.83333 0.38382
292 4.83333 0.38382
293 4.83333 0.38382
294 4.83333 0.38382
295 4.83333 0.38382
296 4.83333 0.38382
297 4.83333 0.38382
298 4.83333 0.38382
299 4.83333 0.38382
300 4.83333 0.38382
301 4.83333 0.38382
302 4.83333 0.38382
303 4.83333 0.38382
304 4.83333 0.38382
305 4.83333 0.38382
306 4.83333 0.38382
307 4.83333 0.38382
308 4.83333 0.38382
309 4.83333 0.38382
310 4.8 0.381768
311 4.8 0.381768
312 4.8 0.381768
313 4.8 0.381768
314 4.8 0.381768
315 4.8 0.381768
316 4.8 0.381768
317 4.8 0.381768
318 4.8 0.381768
319 4.8 0.381768
320 4.8 0.381768
321 4.8 0.381768
322 4.8 0.381768
323 4.8 0.381768
324 4.8 0.381768
325 4.8 0.381768
326 4.8 0.381768
327 4.8 0.381768
328 4.8 0.381768
329 4.8 0.381768
330 4.8 0.381768
331 4.83333 0.38382
332 4.83333 0.38382
333 4.83333 0.38382
334 4.83333 0.38382
335 4.83333 0.38382
336 4.83333 0.38382
337 4.83333 0.38382
338 4.83333 0.38382
339 4.83333 0.38382
340 4.83333 0.38382
341 4.83333 0.38382
342 4.83333 0.38382
343 4.83333 0.38382
344 4.83333 0.38382
345 4.83333 0.38382
346 4.83333 0.38382
347 4.83333 0.38382
348 4.83333 0.38382
349 4.83333 0.38382
350 4.83333 0.38382
351 4.83333 0.38382
352 4.83333 0.38382
353 4.83333 0.38382
354 4.83333 0.38382
355 4.83333 0.38382
356 4.83333 0.38382
357 4.83333 0.38382
358 4.83333 0.38382
359 4.83333 0.38382
360 4.83333 0.38382
361 4.83333 0.38382
362 4.83333 0.38382
363 4.83333 0.38382
364 4.83333 0.38382
365 4.83333 0.38382
366 4.83333 0.38382
367 4.83333 0.38382
368 4.83333 0.38382
369 4.83333 0.38382
370 4.83333 0.38382
371 4.83333 0.38382
372 4.83333 0.38382
373 4.83333 0.38382
374 4.83333 0.38382
375 4.83333 0.38382
376 4.83333 0.38382
377 4.83333 0.38382
378 4.83333 0.38382
379 4.83333 0.38382
380 4.83333 0.38382
381 4.83333 0.38382
382 4.83333 0.38382
383 4.83333 0.38382
384 4.83333 0.38382
385 4.83333 0.38382
386 4.83333 0.38382
387 4.83333 0.38382
388 4.83333 0.38382
389 4.83333 0.38382
390 4.83333 0.38382
391 4.83333 0.38382
392 4.83333 0.38382
393 4.83333 0.38382
394 4.83333 0.38382
395 4.83333 0.38382
396 4.83333 0.38382
397 4.83333 0.38382
398 4.83333 0.38382
399 4.83333 0.38382
400 4.83333 0.38382
401 4.83333 0.38382
402 4.83333 0.38382
403 4.83333 0.38382
404 4.83333 0.38382
405 4.83333 0.38382
406 4.83333 0.38382
407 4.83333 0.38382
408 4.83333 0.38382
409 4.83333 0.38382
410 4.83333 0.38382
411 4.83333 0.38382
412 4.83333 0.38382
413 4.83333 0.38382
414 4.83333 0.38382
415 4.83333 0.38382
416 4.83333 0.38382
417 4.83333 0.38382
418 4.83333 0.38382
419 4.83333 0.38382
420 4.83333 0.38382
421 4.83333 0.38382
422 4.83333 0.38382
423 4.83333 0.38382
424 4.83333 0.38382
425 4.83333 0.38382
426 4.83333 0.38382
427 4.83333 0.38382
428 4.83333 0.38382
429 4.83333 0.38382
430 4.83333 0.38382
431 4.83333 0.38382
432 4.83333 0.38382
433 4.83333 0.38382
434 4.83333 0.38382
435 4.83333 0.38382
436 4.83333 0.38382
437 4.83333 0.38382
438 4.83333 0.38382
439 4.83333 0.38382
440 4.83333 0.38382
441 4.83333 0.38382
442 4.83333 0.38382
443 4.83333 0.38382
444 4.83333 0.38382
445 4.83333 0.38382
446 4.83333 0.38382
447 4.83333 0.38382
448 4.83333 0.38382
449 4.83333 0.38382
450 4.83333 0.38382
451 4.83333 0.38382
452 4.83333 0.38382
453 4.83333 0.38382
454 4.83333 0.38382
455 4.83333 0.38382
456 4.83333 0.38382
457 4.83333 0.38382
458 4.83333 0.38382
459 4.83333 0.38382
460 4.83333 0.38382
461 4.83333 0.38382
462 4.83333 0.38382
463 4.83333 0.38382
464 4.83333 0.38382
465 4.83333 0.38382
466 4.83333 0.38382
467 4.83333 0.38382
468 4.83333 0.38382
469 4.83333 0.38382
470 4.83333 0.38382
471 4.83333 0.38382
472 4.83333 0.38382
473 4.83333 0.38382
474 4.83333 0.38382
475 4.83333 0.38382
476 4.83333 0.38382
477 4.83333 0.38382
478 4.83333 0.38382
479 4.83333 0.38382
480 4.83333 0.38382
481 4.83333 0.38382
482 4.83333 0.38382
483 4.83333 0.38382
484 4.83333 0.38382
485 4.83333 0.38382
486 4.83333 0.38382
487 4.83333 0.38382
488 4.83333 0.38382
489 4.83333 0.38382
490 4.83333 0.38382
491 4.83333 0.38382
492 4.83333 0.38382
493 4.83333 0.38382
494 4.83333 0.38382
495 4.83333 0.38382
496 4.83333 0.38382
497 4.83333 0.38382
498 4.83333 0.38382
499 4.83333 0.38382
500 4.83333 0.38382
501 4.83333 0.38382
502 4.83333 0.38382
503 4.83333 0.38382
504 4.8 0.378746
505 4.8 0.378746
506 4.8 0.378746
507 4.8 0.378746
508 4.8 0.378746
509 4.76667 0.370409
510 4.76667 0.370409
511 4.8 0.375699
512 4.83333 0.389764
513 4.8 0.399425
514 4.9 0.402149
515 4.9 0.402149
516 4.93333 0.409467
517 4.93333 0.409467
518 4.9 0.404998
519 4.96667 0.399665
520 4.9 0.390549
521 4.96667 0.393871
522 4.96667 0.393871
523 4.96667 0.372884
524 5 0.37753
525 5 0.37753
526 4.96667 0.372884
527 4.96667 0.363518
528 4.96667 0.363518
529 4.96667 0.369788
530 5.06667 0.380361
531 5.06667 0.380361
532 5.06667 0.395182
533 5 0.386556
534 5 0.395376
535 4.96667 0.399665
536 5 0.389518
537 5 0.392458
538 5.06667 0.380361
539 5.16667 0.386803
540 5.26667 0.395182
541 5.33333 0.40495
542 5.36667 0.411008
543 5.33333 0.413378
544 5.33333 0.413378
545 5.33333 0.410588
546 5.4 0.402863
547 5.36667 0.411008
548 5.43333 0.411566
549 5.36667 0.416563
550 5.43333 0.419861
551 5.5 0.411753
552 5.46667 0.400383
553 5.56667 0.411566
554 5.6 0.40853
555 5.66667 0.418902
556 5.73333 0.428666
557 5.76667 0.430673
558 5.76667 0.430673
559 5.76667 0.441219
560 5.8 0.445669
561 5.8 0.445669
562 5.83333 0.444851
563 5.86667 0.438737
564 5.9 0.437732
565 5.96667 0.427458
566 5.93333 0.439261
567 5.96667 0.427458
568 5.96667 0.427458
569 5.93333 0.428666
570 6 0.426156
571 6 0.428845
572 5.93333 0.436636
573 5.96667 0.430139
574 5.96667 0.432803
575 5.96667 0.432803
576 6.03333 0.419313
577 6.03333 0.419313
578 6.1 0.435098
579 6.1 0.435098
580 6.2 0.45334
581 6.3 0.455238
582 6.36667 0.45101
583 6.4 0.446184
584 6.4 0.446184
585 6.36667 0.43545
586 6.4 0.435758
587 6.46667 0.438737
588 6.56667 0.451519
589 6.53333 0.454184
590 6.53333 0.454184
591 6.6 0.463867
592 6.66667 0.4557
593 6.7 0.455238
594 6.73333 0.45469
595 6.7 0.452706
596 6.73333 0.45469
597 6.73333 0.449606
598 6.73333 0.449606
599 6.73333 0.449606
600 6.8 0.465845
601 6.83333 0.457588
602 6.73333 0.420545
603 6.73333 0.447042
604 6.8 0.437863
605 6.9 0.455742
606 6.86667 0.459218
607 6.76667 0.464073
608 6.83333 0.447428
609 6.83333 0.455069
610 6.83333 0.449989
611 6.86667 0.459218
612 6.86667 0.466667
613 6.86667 0.466667
614 6.9 0.463247
615 6.93333 0.459718
616 6.96667 0.470957
617 6.93333 0.481696
618 6.93333 0.481696
619 6.93333 0.481696
620 6.96667 0.475813
621 7 0.467323
622 7.03333 0.46851
623 7.06667 0.469613
624 7 0.469776
625 7 0.469776
626 7.06667 0.476899
627 7.06667 0.476899
628 7.03333 0.46851
629 7.1 0.463247
630 7.06667 0.459718
631 7.2 0.475612
632 7.23333 0.488214
633 7.26667 0.491148
634 7.26667 0.491148
635 7.3 0.48459
636 7.36667 0.487742
637 7.4 0.485656
638 7.43333 0.481099
639 7.53333 0.485972
640 7.56667 0.483482
641 7.56667 0.483482
642 7.56667 0.483482
643 7.56667 0.483482
644 7.56667 0.483482
645 7.6 0.483284
646 7.63333 0.46851
647 7.7 0.482212
648 7.76667 0.490562
649 7.8 0.494568
650 7.86667 0.497657
651 7.96667 0.519689
652 7.96667 0.519689
653 7.96667 0.513011
654 7.96667 0.513011
655 8 0.514167
656 8.06667 0.520683
657 8.03333 0.503969
658 8.1 0.510465
659 8.16667 0.500766
660 8.16667 0.500766
661 8.23333 0.506698
662 8.26667 0.516249
663 8.33333 0.517139
664 8.33333 0.512675
665 8.4 0.513272
666 8.36667 0.517472
667 8.36667 0.517472
668 8.43333 0.520131
669 8.43333 0.520131
670 8.46667 0.522446
671 8.5 0.522483
672 8.56667 0.520131
673 8.6 0.508774
674 8.53333 0.506812
675 8.6 0.515507
676 8.56667 0.533226
677 8.56667 0.515692
678 8.7 0.521161
679 8.76667 0.524532
680 8.8 0.5261
681 8.73333 0.511777
682 8.86667 0.53976
683 8.8 0.549608
684 8.9 0.553671
685 8.83333 0.563412
686 8.93333 0.561061
687 8.9 0.568017
688 8.9 0.559865
689 8.93333 0.561061
690 8.96667 0.553948
691 9.03333 0.553948
692 9.1 0.557808
693 9.03333 0.558082
694 9.2 0.578146
695 9.4 0.576553
696 9.4 0.576553
697 9.36667 0.570306
698 9.4 0.576553
699 9.4 0.580527
700 9.36667 0.578312
701 9.36667 0.578312
702 9.33333 0.593709
703 9.36667 0.590117
704 9.4 0.60572
705 9.43333 0.61342
706 9.5 0.620993
707 9.46667 0.619108
708 9.43333 0.624561
709 9.43333 0.637314
710 9.5 0.635628
711 9.53333 0.639204
712 9.6 0.647897
713 9.63333 0.649462
714 9.6 0.656707
715 9.66667 0.661474
716 9.7 0.650641
717 9.76667 0.640911
718 9.83333 0.667959
719 9.83333 0.667959
720 9.83333 0.68327
721 9.83333 0.68327
722 9.83333 0.673101
723 9.9 0.685398
724 9.96667 0.695607
725 10 0.704664
726 10.0333 0.687296
727 10.1667 0.681586
728 10.2333 0.672418
729 10.3 0.662892
730 10.2667 0.65729
731 10.2 0.652845
732 10.2 0.663325
733 10.2667 0.659037
734 10.2667 0.659037
735 10.2333 0.651582
736 10.2667 0.6677
737 10.2667 0.648488
738 10.2667 0.648488
739 10.3333 0.666667
740 10.3333 0.650965
741 10.3667 0.65475
742 10.3333 0.654486
743 10.4333 0.648045
744 10.4333 0.672418
745 10.4333 0.665545
746 10.4 0.660199
747 10.3333 0.659734
748 10.3 0.645319
749 10.4 0.653197
750 10.4 0.660199
751 10.4 0.663671
752 10.3667 0.666925
753 10.3667 0.672076
754 10.2667 0.637764
755 10.3667 0.644131
756 10.4333 0.639115
757 10.5 0.644606
758 10.4667 0.631971
759 10.5 0.637434
760 10.4333 0.640911
761 10.4333 0.617156
762 10.4333 0.61529
763 10.5 0.61728
764 10.4667 0.613513
765 10.4333 0.622718
766 10.3667 0.616783
767 10.4667 0.602167
768 10.5 0.602199
769 10.4667 0.609755
770 10.5333 0.613513
771 10.5667 0.620869
772 10.5 0.61728
773 10.5 0.607898
774 10.5 0.607898
775 10.6 0.60572
776 10.5667 0.603978
777 10.5333 0.590603
778 10.6333 0.572318
779 10.6 0.576553
780 10.5333 0.584736
781 10.5667 0.570709
782 10.5667 0.584637
783 10.5333 0.582767
784 10.6 0.580527
785 10.6333 0.586208
786 10.6 0.580527
787 10.6 0.580527
788 10.7333 0.585129
789 10.6667 0.572017
790 10.7333 0.579205
791 10.7333 0.579205
792 10.8333 0.589337
793 10.7 0.569634
794 10.8333 0.575522
795 10.8333 0.581483
796 10.9333 0.608245
797 10.8333 0.599009
798 10.9 0.605245
799 11.0333 0.611167
800 11.1 0.603343
801 11.0667 0.592934
802 11.2 0.593838
803 11.2667 0.608245
804 11.3 0.608654
805 11.3333 0.595642
806 11.3333 0.622072
807 11.3 0.627255
808 11.3 0.623579
809 11.2667 0.615757
810 11.2667 0.615757
811 11.3333 0.633061
812 11.3333 0.633061
813 11.2333 0.626399
814 11.1667 0.623456
815 11.2 0.627713
816 11.3 0.643535
817 11.4333 0.648045
818 11.4333 0.644487
819 11.4333 0.644487
820 11.4667 0.65167
821 11.4667 0.644577
822 11.4333 0.646268
823 11.5667 0.653344
824 11.5333 0.646357
825 11.5333 0.635598
826 11.5667 0.633696
827 11.6333 0.645913
828 11.7 0.639953
829 11.6667 0.642075
830 11.7333 0.643148
831 11.6667 0.625756
832 11.6 0.637163
833 11.6333 0.627865
834 11.6 0.601913
835 11.6333 0.60169
836 11.7 0.599137
837 11.7 0.606763
838 11.7 0.606763
839 11.6667 0.603311
840 11.6333 0.597857
841 11.6667 0.597569
842 11.6333 0.609283
843 11.6333 0.60169
844 11.6667 0.618365
845 11.6667 0.595642
846 11.6667 0.595642
847 11.6333 0.595931
848 11.7 0.587514
849 11.6333 0.593999
850 11.7 0.616162
851 11.6 0.603819
852 11.6667 0.603311
853 11.7 0.614293
854 11.6 0.624408
855 11.6333 0.626032
856 11.7667 0.630058
857 11.6667 0.633061
858 11.6 0.622564
859 11.6667 0.60711
860 11.7333 0.610132
861 11.7333 0.610132
862 11.8 0.612888
863 11.7667 0.61342
864 11.8 0.607236
865 11.7667 0.60016
866 11.7333 0.615757
867 11.7667 0.61342
868 11.7667 0.607772
869 11.8333 0.606636
870 11.8 0.607236
871 11.8333 0.604739
872 11.8333 0.604739
873 11.9 0.607141
874 11.9 0.603343
875 11.8333 0.597087
876 11.8 0.593838
877 11.9 0.603343
878 11.8 0.603438
879 11.8333 0.606636
880 11.9 0.616535
881 11.8667 0.605973
882 11.9333 0.613888
883 11.9333 0.613888
884 11.9667 0.624193
885 12 0.621455
886 12.0667 0.626857
887 12.1 0.620252
888 12.0333 0.613045
889 12 0.610257
890 11.9667 0.603597
891 11.9667 0.60169
892 12 0.621455
893 12.0333 0.624193
894 12.0333 0.624193
895 12.0333 0.607394
896 12.1333 0.590603
897 12.1667 0.600925
898 12.1333 0.596413
899 12.1667 0.612294
900 12.2 0.601531
901 12.3333 0.597569
902 12.3667 0.593999
903 12.3667 0.578312
904 12.4333 0.564635
905 12.3333 0.549469
906 12.4 0.55419
907 12.4667 0.554466
908 12.4333 0.560548
909 12.4333 0.560548
910 12.5 0.578841
911 12.5 0.568826
912 12.5 0.568826
913 12.4333 0.554363
914 12.4 0.552112
915 12.4333 0.554363
916 12.4667 0.558597
917 12.5667 0.556432
918 12.6 0.560378
919 12.6667 0.567984
920 12.7 0.565584
921 12.6667 0.555709
922 12.7667 0.570709
923 12.7333 0.575223
924 12.7667 0.588556
925 12.8667 0.590603
926 12.8333 0.587383
927 12.8333 0.585423
928 12.9 0.583982
929 12.8667 0.580791
930 12.9 0.576055
931 12.9667 0.580296
932 13 0.58722
933 13.0333 0.568287
934 12.9667 0.586208
935 12.9667 0.586208
936 13 0.598849
937 12.9667 0.595931
938 12.9 0.610916
939 12.9 0.614667
940 12.9333 0.623179
941 13 0.617745
942 12.9333 0.589044
943 12.8667 0.586698
944 12.9 0.589857
945 13 0.600766
946 13 0.600766
947 13.0667 0.626857
948 13.1 0.634904
949 13.1333 0.635598
950 13.1667 0.632607
951 13.2 0.633182
952 13.1667 0.636231
953 13.1667 0.62161
954 13.2 0.618489
955 13.1667 0.6179
956 13.2 0.614761
957 13.2 0.614761
958 13.2667 0.612013
959 13.2667 0.610132
960 13.4333 0.630058
961 13.3333 0.610885
962 13.4 0.628079
963 13.3333 0.62759
964 13.3333 0.629419
965 13.3333 0.629419
966 13.3333 0.625756
967 13.3667 0.644131
968 13.4667 0.641
969 13.5667 0.642701
970 13.5 0.6517
971 13.5 0.64103
972 13.5333 0.644577
973 13.4667 0.65167
974 13.5667 0.660344
975 13.6333 0.668646
976 13.5667 0.66899
977 13.6 0.672275
978 13.7333 0.676253
979 13.8 0.687156
980 13.8 0.671933
981 13.8667 0.679305
982 13.9667 0.661735
983 13.9 0.670135
984 14.0333 0.68226
985 14.0667 0.672845
986 14.0667 0.672845
987 13.9667 0.688966
988 14.0667 0.693041
989 14.0333 0.710323
990 14.0333 0.710323
991 14.0333 0.710323
992 14.1333 0.707486
993 14.0667 0.697999
994 14.2333 0.717088
995 14.2 0.713418
996 14.1667 0.717728
997 14.2333 0.726641
998 14.1667 0.725692
999 14.2333 0.723471
1000 14.2 0.705316
1001 14.1667 0.712908
1002 14.1667 0.706429
1003 14.0667 0.717488
1004 14.0667 0.717488
1005 14 0.711159
1006 14.2 0.69547
1007 14.2 0.69547
1008 14.3 0.686738
1009 14.2667 0.684699
1010 14.2667 0.684699
1011 14.2667 0.684699
1012 14.3333 0.688716
1013 14.3667 0.690632
1014 14.4 0.699096
1015 14.4 0.699096
1016 14.4 0.699096
1017 14.4333 0.702513
1018 14.4333 0.702513
1019 14.4333 0.702513
1020 14.5 0.700985
1021 14.5 0.700985
1022 14.5 0.700985
1023 14.5 0.700985
1024 14.5 0.700985
1025 14.5 0.700985
1026 14.5 0.700985
1027 14.5 0.700985
1028 14.5 0.700985
1029 14.5 0.700985
1030 14.5 0.700985
1031 14.5 0.700985
1032 14.5 0.700985
1033 14.5 0.700985
1034 14.5333 0.69271
1035 14.5667 0.704148
1036 14.6 0.704011
1037 14.6 0.704011
1038 14.6 0.704011
1039 14.6 0.704011
1040 14.6 0.704011
1041 14.6333 0.70708
1042 14.6333 0.70708
1043 14.6667 0.710081
1044 14.6667 0.710081
1045 14.6667 0.710081
1046 14.6667 0.710081
1047 14.6667 0.710081
1048 14.6333 0.702186
1049 14.6667 0.710081
1050 14.6667 0.710081
1051 14.6667 0.710081
1052 14.6667 0.710081
1053 14.6667 0.710081
1054 14.7 0.704909
1055 14.7 0.704909
1056 14.7 0.704909
1057 14.7 0.704909
1058 14.7 0.704909
1059 14.7 0.704909
1060 14.7 0.704909
1061 14.7 0.704909
1062 14.7 0.704909
1063 14.7 0.704909
1064 14.7 0.704909
1065 14.7 0.704909
1066 14.7 0.704909
1067 14.7 0.704909
1068 14.7 0.704909
1069 14.7 0.704909
1070 14.7 0.704909
1071 14.7 0.704909
1072 14.7 0.704909
1073 14.7 0.704909
1074 14.7 0.704909
1075 14.7 0.704909
1076 14.7 0.704909
1077 14.7 0.704909
1078 14.7 0.704909
1079 14.7 0.704909
1080 14.7 0.704909
1081 14.7 0.704909
1082 14.7 0.704909
1083 14.7 0.704909
1084 14.7 0.704909
1085 14.7 0.704909
1086 14.7 0.704909
1087 14.7 0.704909
1088 14.7 0.704909
1089 14.7 0.704909
1090 14.7 0.704909
1091 14.7 0.704909
1092 14.7 0.704909
1093 14.7 0.704909
1094 14.7 0.704909
1095 14.7 0.704909
1096 14.7 0.704909
1097 14.7 0.704909
1098 14.7333 0.706185
1099 14.7333 0.706185
1100 14.7333 0.706185
1101 14.7333 0.706185
1102 14.7333 0.706185
1103 14.7 0.698356
1104 14.7 0.698356
1105 14.7 0.698356
1106 14.7 0.698356
1107 14.7 0.698356
1108 14.7 0.698356
1109 14.7 0.698356
1110 14.7 0.698356
1111 14.7 0.698356
1112 14.7 0.698356
1113 14.7 0.698356
1114 14.7 0.698356
1115 14.7 0.698356
1116 14.7 0.698356
1117 14.7 0.698356
1118 14.7 0.698356
1119 14.7 0.698356
1120 14.6667 0.706836
1121 14.7 0.698356
1122 14.7 0.698356
1123 14.7 0.698356
1124 14.7 0.698356
1125 14.7 0.698356
1126 14.7 0.698356
1127 14.7 0.698356
1128 14.7 0.698356
1129 14.7 0.698356
1130 14.7 0.698356
1131 14.7 0.698356
1132 14.7 0.698356
1133 14.7 0.698356
1134 14.7 0.698356
1135 14.7 0.698356
1136 14.7 0.698356
1137 14.7 0.698356
1138 14.7 0.698356
1139 14.7 0.698356
1140 14.7 0.698356
1141 14.7 0.698356
1142 14.7 0.698356
1143 14.7 0.698356
1144 14.7 0.698356
1145 14.7 0.698356
1146 14.6667 0.698658
1147 14.6667 0.698658
1148 14.6667 0.698658
1149 14.6667 0.698658
1150 14.6667 0.698658
1151 14.6667 0.698658
1152 14.6667 0.698658
1153 14.6667 0.698658
1154 14.6333 0.687296
1155 14.6333 0.687296
1156 14.6333 0.687296
1157 14.6333 0.687296
1158 14.6333 0.687296
1159 14.6333 0.687296
1160 14.6333 0.687296
1161 14.6333 0.687296
1162 14.6333 0.687296
1163 14.6333 0.687296
1164 14.6333 0.687296
1165 14.6333 0.687296
1166 14.6333 0.687296
1167 14.6333 0.687296
1168 14.6333 0.687296
1169 14.6333 0.687296
1170 14.6333 0.687296
1171 14.6333 0.687296
1172 14.6333 0.687296
1173 14.6667 0.687045
1174 14.6667 0.687045
1175 14.6667 0.687045
1176 14.6667 0.687045
1177 14.6667 0.687045
1178 14.6667 0.687045
1179 14.6667 0.687045
1180 14.6667 0.687045
1181 14.6667 0.687045
1182 14.6667 0.687045
1183 14.6667 0.687045
1184 14.6667 0.687045
1185 14.6667 0.687045
1186 14.6667 0.687045
1187 14.6667 0.687045
1188 14.6667 0.687045
1189 14.6667 0.687045
1190 14.6667 0.687045
1191 14.6667 0.687045
1192 14.6667 0.687045
1193 14.6667 0.687045
1194 14.6667 0.687045
1195 14.6667 0.687045
1196 14.6667 0.687045
1197 14.6667 0.687045
1198 14.6667 0.687045
1199 14.6667 0.687045
1200 14.6667 0.687045
1201 14.6667 0.687045
1202 14.6667 0.687045
1203 14.6667 0.687045
1204 14.6667 0.687045
1205 14.6667 0.687045
1206 14.6667 0.687045
1207 14.6667 0.687045
1208 14.6667 0.687045
1209 14.6667 0.687045
1210 14.6667 0.687045
1211 14.6667 0.687045
1212 14.6667 0.687045
1213 14.6667 0.687045
1214 14.6667 0.687045
1215 14.6667 0.687045
1216 14.6667 0.687045
1217 14.6667 0.687045
1218 14.6667 0.687045
1219 14.6667 0.687045
1220 14.6667 0.687045
1221 14.6667 0.687045
1222 14.6667 0.687045
1223 14.6667 0.687045
1224 14.6667 0.687045
1225 14.6667 0.687045
1226 14.6667 0.687045
1227 14.6667 0.687045
1228 14.6667 0.687045
1229 14.6667 0.687045
1230 14.6667 0.687045
1231 14.6667 0.687045
1232 14.6667 0.687045
1233 14.6667 0.687045
1234 14.6667 0.687045
1235 14.6667 0.687045
1236 14.6667 0.687045
1237 14.6667 0.687045
1238 14.6667 0.687045
1239 14.6667 0.687045
1240 14.6667 0.687045
1241 14.6667 0.687045
1242 14.6667 0.687045
1243 14.6667 0.687045
1244 14.6667 0.687045
1245 14.6667 0.687045
1246 14.6667 0.687045
1247 14.6667 0.687045
1248 14.6667 0.687045
1249 14.6667 0.687045
1250 14.6667 0.687045
1251 14.6667 0.687045
1252 14.6667 0.687045
1253 14.6667 0.687045
1254 14.6667 0.687045
1255 14.6667 0.687045
1256 14.6667 0.687045
1257 14.6667 0.687045
1258 14.6667 0.687045
1259 14.6667 0.687045
1260 14.6667 0.687045
1261 14.6667 0.687045
1262 14.6667 0.687045
1263 14.6667 0.687045
1264 14.6667 0.687045
1265 14.6667 0.687045
1266 14.6667 0.687045
1267 14.6667 0.687045
1268 14.6667 0.687045
1269 14.6667 0.687045
1270 14.6667 0.687045
1271 14.6667 0.687045
1272 14.6667 0.687045
1273 14.6667 0.687045
1274 14.6667 0.687045
1275 14.6667 0.687045
1276 14.6667 0.687045
1277 14.6667 0.687045
1278 14.6667 0.687045
1279 14.6667 0.687045
1280 14.6667 0.687045
1281 14.6667 0.687045
1282 14.6667 0.687045
1283 14.6667 0.687045
1284 14.6667 0.687045
1285 14.6667 0.687045
1286 14.6667 0.687045
1287 14.6667 0.687045
1288 14.6667 0.687045
1289 14.6667 0.687045
1290 14.6667 0.687045
1291 14.6667 0.687045
1292 14.6667 0.687045
1293 14.6667 0.687045
1294 14.6667 0.687045
1295 14.6667 0.687045
1296 14.6667 0.687045
1297 14.6667 0.687045
1298 14.6667 0.687045
1299 14.6667 0.687045
1300 14.6667 0.687045
1301 14.6667 0.687045
1302 14.6667 0.687045
1303 14.6667 0.687045
1304 14.6667 0.687045
1305 14.6667 0.687045
1306 14.6667 0.687045
1307 14.6667 0.687045
1308 14.6667 0.687045
1309 14.6667 0.687045
1310 14.6667 0.687045
1311 14.6667 0.687045
1312 14.6667 0.687045
1313 14.6667 0.687045
1314 14.6667 0.687045
1315 14.6667 0.687045
1316 14.6667 0.687045
1317 14.6667 0.687045
1318 14.6667 0.687045
1319 14.6667 0.687045
1320 14.6667 0.687045
1321 14.6667 0.687045
1322 14.6667 0.687045
1323 14.6667 0.687045
1324 14.6667 0.687045
1325 14.6667 0.687045
1326 14.6667 0.687045
1327 14.6667 0.687045
1328 14.6667 0.687045
1329 14.6667 0.687045
1330 14.6667 0.687045
1331 14.6667 0.687045
1332 14.6667 0.687045
1333 14.6667 0.687045
1334 14.6667 0.687045
1335 14.6667 0.687045
1336 14.6667 0.687045
1337 14.6667 0.687045
1338 14.6667 0.687045
1339 14.6667 0.687045
1340 14.6667 0.687045
1341 14.6667 0.687045
1342 14.6667 0.687045
1343 14.6667 0.687045
1344 14.6667 0.687045
1345 14.6667 0.687045
1346 14.6667 0.687045
1347 14.6333 0.692295
1348 14.6333 0.692295
1349 14.6667 0.698658
1350 14.6667 0.698658
1351 14.6667 0.698658
1352 14.6667 0.698658
1353 14.6667 0.698658
1354 14.6667 0.698658
1355 14.6667 0.698658
1356 14.6667 0.698658
1357 14.6667 0.698658
1358 14.6667 0.698658
1359 14.6667 0.698658
1360 14.6667 0.698658
1361 14.6667 0.698658
1362 14.6667 0.698658
1363 14.6667 0.698658
1364 14.6667 0.698658
1365 14.6667 0.698658
1366 14.6667 0.698658
1367 14.6667 0.698658
1368 14.6667 0.698658
1369 14.6667 0.698658
1370 14.6667 0.698658
1371 14.6667 0.698658
1372 14.6667 0.698658
1373 14.6667 0.698658
1374 14.6667 0.698658
1375 14.6667 0.698658
1376 14.6667 0.698658
1377 14.6667 0.698658
1378 14.6667 0.698658
1379 14.6667 0.698658
1380 14.6667 0.698658
1381 14.6667 0.698658
1382 14.6667 0.698658
1383 14.6667 0.698658
1384 14.6667 0.698658
1385 14.6667 0.698658
1386 14.6667 0.698658
1387 14.6667 0.698658
1388 14.6667 0.698658
1389 14.6667 0.698658
1390 14.6667 0.698658
1391 14.6667 0.698658
1392 14.6667 0.698658
1393 14.6667 0.698658
1394 14.6667 0.698658
1395 14.7 0.693401
1396 14.7 0.693401
1397 14.7 0.693401
1398 14.7 0.693401
1399 14.7 0.693401
1400 14.7 0.693401
1401 14.7 0.693401
1402 14.7 0.693401
1403 14.7 0.693401
1404 14.7 0.693401
1405 14.7 0.693401
1406 14.7 0.693401
1407 14.7 0.693401
1408 14.7 0.693401
1409 14.7 0.693401
1410 14.7 0.693401
1411 14.7 0.693401
1412 14.7 0.693401
1413 14.7 0.693401
1414 14.7 0.693401
1415 14.7 0.693401
1416 14.7 0.693401
1417 14.7 0.693401
1418 14.7 0.693401
1419 14.7 0.693401
1420 14.7 0.693401
1421 14.7 0.693401
1422 14.7 0.693401
1423 14.7 0.693401
1424 14.7 0.693401
1425 14.7 0.693401
1426 14.7 0.693401
1427 14.7 0.693401
1428 14.7 0.693401
1429 14.7 0.693401
1430 14.7 0.693401
1431 14.7 0.693401
1432 14.7 0.693401
1433 14.7 0.693401
1434 14.7 0.693401
1435 14.7 0.693401
1436 14.7 0.693401
1437 14.7 0.693401
1438 14.7 0.693401
1439 14.7 0.693401
1440 14.7 0.693401
1441 14.7 0.693401
1442 14.7 0.693401
1443 14.7 0.693401
1444 14.7 0.693401
1445 14.7 0.693401
1446 14.7 0.693401
1447 14.7 0.693401
1448 14.7 0.693401
1449 14.7 0.693401
1450 14.7 0.693401
1451 14.7 0.693401
1452 14.7 0.693401
1453 14.7 0.693401
1454 14.7 0.693401
1455 14.7 0.693401
1456 14.7 0.693401
1457 14.7 0.693401
1458 14.7 0.693401
1459 14.7 0.693401
1460 14.7 0.693401
1461 14.7 0.693401
1462 14.7 0.693401
1463 14.7 0.693401
1464 14.7 0.693401
1465 14.7 0.693401
1466 14.7 0.693401
1467 14.7 0.693401
1468 14.7 0.693401
1469 14.7 0.693401
1470 14.7 0.693401
1471 14.7 0.693401
1472 14.7 0.693401
1473 14.7 0.693401
1474 14.7 0.693401
1475 14.7 0.693401
1476 14.7 0.693401
1477 14.7 0.693401
1478 14.7 0.693401
1479 14.7 0.693401
1480 14.7 0.693401
1481 14.7 0.693401
1482 14.6667 0.688716
1483 14.7 0.693401
1484 14.7 0.693401
1485 14.7 0.693401
1486 14.7 0.693401
1487 14.7 0.693401
1488 14.7 0.693401
1489 14.7 0.693401
1490 14.7 0.693401
1491 14.7 0.693401
1492 14.7 0.693401
1493 14.7 0.693401
1494 14.7 0.693401
1495 14.7 0.693401
1496 14.7 0.693401
1497 14.7 0.693401
1498 14.7 0.693401
1499 14.7 0.693401
1500 14.7 0.693401
1501 14.7 0.693401
1502 14.7 0.693401
1503 14.7 0.693401
1504 14.7 0.693401
1505 14.7 0.693401
1506 14.7 0.693401
1507 14.7 0.693401
1508 14.7 0.693401
1509 14.7 0.693401
1510 14.7 0.693401
1511 14.6333 0.685621
1512 14.6667 0.687045
1513 14.6667 0.687045
1514 14.6333 0.680573
1515 14.6667 0.687045
1516 14.6 0.685817
1517 14.5667 0.697588
1518 14.5667 0.697588
1519 14.4333 0.690965
1520 14.4333 0.690965
1521 14.3 0.68841
1522 14.4667 0.677611
1523 14.5667 0.675828
1524 14.5 0.679334
1525 14.4 0.67908
1526 14.4333 0.672418
1527 14.4333 0.670706
1528 14.3667 0.6652
1529 14.2667 0.686375
1530 14.2333 0.685957
1531 14.2667 0.679644
1532 14.2333 0.685957
1533 14.3 0.681698
1534 14.3333 0.676932
1535 14.4 0.663671
1536 14.3667 0.65475
1537 14.3667 0.651229
1538 14.2667 0.650258
1539 14.3333 0.661474
1540 14.3333 0.661474
1541 14.3 0.661155
1542 14.3667 0.661735
1543 14.3 0.664623
1544 14.4 0.649668
1545 14.4333 0.639115
1546 14.4 0.644339
1547 14.3667 0.642344
1548 14.3667 0.642344
1549 14.3333 0.623917
1550 14.3333 0.633061
1551 14.4333 0.655101
1552 14.5333 0.669076
1553 14.5667 0.674125
1554 14.5333 0.677611
1555 14.6667 0.698658
1556 14.6333 0.693953
1557 14.5667 0.677526
1558 14.6667 0.675232
1559 14.6667 0.692046
1560 14.7 0.690077
1561 14.7333 0.67795
1562 14.7667 0.68763
1563 14.7333 0.683018
1564 14.7667 0.694284
1565 14.7667 0.694284
1566 14.8667 0.691048
1567 14.9 0.697038
1568 14.8667 0.705859
1569 14.9333 0.711051
1570 14.9333 0.711051
1571 14.9667 0.70708
1572 15.1333 0.702595
1573 15.1 0.701968
1574 15.1333 0.72355
1575 15.1 0.746409
1576 15.1667 0.750606
1577 15.2333 0.742291
1578 15.2333 0.737631
1579 15.2 0.751091
1580 15.2667 0.738021
1581 15.2 0.732497
1582 15.2 0.729352
1583 15.2667 0.741129
1584 15.1667 0.736696
1585 15.2 0.748024
1586 15.2333 0.737631
1587 15.2667 0.748843
1588 15.2333 0.759133
1589 15.3333 0.767641
1590 15.4 0.771027
1591 15.4333 0.765166
1592 15.3667 0.770853
1593 15.4 0.787255
1594 15.4 0.787255
1595 15.4667 0.781589
1596 15.4667 0.775684
1597 15.4333 0.777091
1598 15.4 0.765041
1599 15.4333 0.766667
1600 15.4 0.769535
1601 15.4 0.76804
1602 15.4667 0.754654
1603 15.3667 0.751219
1604 15.3 0.7368
1605 15.2667 0.745767
1606 15.2333 0.746922
1607 15.1667 0.736696
1608 15.1333 0.736149
1609 15.2333 0.728221
1610 15.3 0.739913
1611 15.2333 0.710647
1612 15.3333 0.700301
1613 15.3333 0.693705
1614 15.3667 0.692295
1615 15.4333 0.699233
1616 15.5 0.692737
1617 15.4667 0.689383
1618 15.4 0.687491
1619 15.4333 0.682597
1620 15.5333 0.672503
1621 15.5667 0.66727
1622 15.4333 0.649816
1623 15.4333 0.660344
1624 15.5 0.67082
1625 15.5333 0.665631
1626 15.5333 0.677611
1627 15.5333 0.677611
1628 15.5 0.67764
1629 15.5333 0.679305
1630 15.5 0.663931
1631 15.5667 0.66727
1632 15.6667 0.678628
1633 15.7333 0.686375
1634 15.8667 0.702595
1635 15.8333 0.709676
1636 15.5667 0.677526
1637 15.6333 0.683943
1638 15.6 0.682457
1639 15.6 0.682457
1640 15.4333 0.677526
1641 15.4333 0.665545
1642 15.5 0.672532
1643 15.4667 0.665631
1644 15.5333 0.669076
1645 15.5333 0.672503
1646 15.4333 0.677526
1647 15.4333 0.674125
1648 15.4333 0.670706
1649 15.4333 0.674125
1650 15.3 0.67492
1651 15.3 0.67492
1652 15.4333 0.684279
1653 15.4667 0.689383
1654 15.4333 0.705778
1655 15.4333 0.705778
1656 15.4333 0.723471
1657 15.5 0.737735
1658 15.5 0.737735
1659 15.4333 0.739188
1660 15.4333 0.739188
1661 15.4333 0.736071
1662 15.5 0.737735
1663 15.5667 0.734508
1664 15.6333 0.732628
1665 15.6333 0.718369
1666 15.6333 0.690632
1667 15.6333 0.690632
1668 15.7 0.693401
1669 15.6333 0.718369
1670 15.6333 0.723153
1671 15.6333 0.732628
1672 15.6 0.721748
1673 15.6 0.720153
1674 15.5 0.71237
1675 15.6333 0.71194
1676 15.7333 0.712666
1677 15.7 0.7
1678 15.8667 0.704229
1679 15.9667 0.687296
1680 15.9667 0.675488
1681 16.0333 0.690632
1682 16 0.694808
1683 15.9667 0.713552
1684 16 0.714384
1685 16.1333 0.73145
1686 16.1667 0.735134
1687 16.2 0.735629
1688 16.2 0.730926
1689 16.2 0.730926
1690 16.2 0.730926
1691 16.2333 0.734508
1692 16.2333 0.734508
1693 16.1667 0.725692
1694 16.1667 0.733568
1695 16.1 0.741775
1696 16.0667 0.739576
1697 16.2 0.746486
1698 16.2667 0.744224
1699 16.3 0.739913
1700 16.3333 0.744842
1701 16.3333 0.73396
1702 16.3333 0.740198
1703 16.3333 0.738643
1704 16.3667 0.737319
1705 16.3 0.717835
1706 16.2667 0.712666
1707 16.3667 0.688966
1708 16.3667 0.673784
1709 16.4333 0.675828
1710 16.4333 0.675828
1711 16.4667 0.684363
1712 16.5333 0.69767
1713 16.5667 0.705778
1714 16.5667 0.705778
1715 16.5667 0.707405
1716 16.5667 0.715483
1717 16.6333 0.702186
1718 16.7 0.693401
1719 16.7333 0.697999
1720 16.8667 0.691048
1721 16.9 0.688744
1722 16.9667 0.708703
1723 16.9667 0.70708
1724 17.0667 0.725454
1725 17.0667 0.720685
1726 17.0333 0.713552
1727 17.0333 0.710323
1728 17.0333 0.692295
1729 17.1 0.693732
1730 17.1 0.697038
1731 17.0667 0.689716
1732 17.1333 0.684363
1733 17.1 0.688744
1734 17.1667 0.694946
1735 17.1333 0.68604
1736 17.1667 0.68327
1737 17.1667 0.68327
1738 17.1667 0.68327
1739 17.2333 0.685957
1740 17.2 0.692156
1741 17.2 0.692156
1742 17.2333 0.705778
1743 17.2 0.70205
1744 17.2333 0.713875
1745 17.2333 0.702513
1746 17.1667 0.720924
1747 17.2 0.718235
1748 17.2 0.718235
1749 17.1667 0.720924
1750 17.2333 0.734508
1751 17.3 0.713015
1752 17.2667 0.706185
1753 17.2333 0.720286
1754 17.2333 0.695938
1755 17.2667 0.686375
1756 17.2667 0.694698
1757 17.2667 0.691381
1758 17.2333 0.699233
1759 17.2 0.697121
1760 17.2 0.690494
1761 17.2 0.698767
1762 17.2333 0.68763
1763 17.2667 0.684699
1764 17.3 0.686738
1765 17.3 0.68841
1766 17.2333 0.692627
1767 17.2667 0.696351
1768 17.1667 0.708054
1769 17.3333 0.697011
1770 17.3333 0.697011
1771 17.4333 0.705778
1772 17.4 0.71374
1773 17.4 0.716954
1774 17.4333 0.72188
1775 17.4333 0.729798
1776 17.3333 0.732392
1777 17.3667 0.721562
1778 17.4333 0.729798
1779 17.4 0.72651
1780 17.3667 0.729483
1781 17.3667 0.716767
1782 17.4333 0.700875
1783 17.4667 0.707486
1784 17.4667 0.720366
1785 17.5333 0.718769
1786 17.4 0.718555
1787 17.5 0.710755
1788 17.5667 0.709028
1789 17.5667 0.709028
1790 17.5333 0.705859
1791 17.5667 0.695938
1792 17.6333 0.724741
1793 17.6667 0.747922
1794 17.6333 0.751219
1795 17.7333 0.762533
1796 17.7667 0.759133
1797 17.6333 0.760344
1798 17.6 0.755972
1799 17.6667 0.76464
1800 17.7 0.764364
1801 17.7 0.765867
1802 17.7 0.780731
1803 17.7 0.777781
1804 17.7667 0.771151
1805 17.8333 0.77472
1806 17.8667 0.774201
1807 17.8 0.76774
1808 17.8333 0.782103
1809 17.8667 0.742369
1810 17.9333 0.722278
1811 17.9333 0.745767
1812 17.9 0.758629
1813 17.9333 0.744224
1814 17.9333 0.728616
1815 17.9667 0.734195
1816 17.9667 0.740431
1817 18.0667 0.744224
1818 18 0.750479
1819 18 0.764139
1820 18 0.752009
1821 18 0.738124
1822 17.9333 0.734899
1823 18 0.719195
1824 18.0333 0.752747
1825 18.0667 0.762533
1826 18.1333 0.760722
1827 18.1667 0.759739
1828 18.2333 0.746922
1829 18.1667 0.741361
1830 18.2 0.75262
1831 18.2667 0.765541
1832 18.2 0.76474
1833 18.1 0.782495
1834 18.1333 0.781589
1835 18.1333 0.763738
1836 18.2333 0.787376
1837 18.2 0.779626
1838 18.1 0.760142
1839 18.2333 0.763662
1840 18.2 0.741852
1841 18.2333 0.731371
1842 18.3333 0.737085
1843 18.3667 0.755795
1844 18.3333 0.76464
1845 18.3 0.758325
1846 18.3333 0.773607
1847 18.3667 0.764865
1848 18.4333 0.765166
1849 18.3667 0.760344
1850 18.3333 0.770629
1851 18.3667 0.778273
1852 18.3333 0.785403
1853 18.3333 0.785403
1854 18.4667 0.774201
1855 18.4667 0.784525
1856 18.5333 0.787449
1857 18.5 0.778667
1858 18.5333 0.781589
1859 18.5333 0.781589
1860 18.4667 0.769734
1861 18.4667 0.766742
1862 18.5 0.771251
1863 18.4667 0.766742
1864 18.3667 0.770853
1865 18.4333 0.784451
1866 18.4 0.794521
1867 18.4333 0.784451
1868 18.5333 0.762231
1869 18.5 0.769759
1870 18.5333 0.759209
1871 18.5667 0.766667
1872 18.6 0.775486
1873 18.5333 0.775684
1874 18.4 0.755972
1875 18.5 0.750096
1876 18.4667 0.7283
1877 18.4667 0.73302
1878 18.4667 0.75007
1879 18.5333 0.763738
1880 18.4667 0.768239
1881 18.5 0.775709
1882 18.5333 0.768239
1883 18.4333 0.774127
1884 18.3 0.767366
1885 18.2333 0.759133
1886 18.2667 0.754958
1887 18.3333 0.755567
1888 18.4667 0.775684
1889 18.4333 0.77264
1890 18.4667 0.766742
1891 18.3667 0.776795
1892 18.4 0.782862
1893 18.4333 0.793194
1894 18.3333 0.792687
1895 18.4 0.795967
1896 18.4667 0.799042
1897 18.4333 0.796087
1898 18.4667 0.785988
1899 18.4667 0.783058
1900 18.3667 0.794353
1901 18.4333 0.788835
1902 18.4 0.787255
1903 18.4 0.77992
1904 18.4333 0.785915
1905 18.4 0.77992
1906 18.3667 0.794353
1907 18.3333 0.80134
1908 18.3667 0.801555
1909 18.4 0.800287
1910 18.5 0.804799
1911 18.5 0.803369
1912 18.5333 0.794714
1913 18.6 0.817341
1914 18.4667 0.814711
1915 18.4667 0.810468
1916 18.6 0.782862
1917 18.5 0.788932
1918 18.5667 0.791744
1919 18.6333 0.791453
1920 18.7333 0.789199
1921 18.8 0.811413
1922 18.8667 0.804775
1923 18.7667 0.806131
1924 18.7333 0.806487
1925 18.8 0.809995
1926 18.8667 0.809048
1927 18.9 0.783963
1928 18.9333 0.77746
1929 18.9333 0.765541
1930 18.9333 0.767041
1931 18.8 0.758704
1932 18.8333 0.765767
1933 19 0.765641
1934 18.9333 0.762533
1935 18.9333 0.754958
1936 18.9667 0.766367
1937 18.9 0.795606
1938 18.7333 0.742678
1939 18.9333 0.77598
1940 18.9333 0.77598
1941 18.9333 0.762533
1942 18.9 0.783963
1943 18.9667 0.791453
1944 18.9 0.797049
1945 18.8 0.773706
1946 18.8667 0.774201
1947 18.7667 0.763662
1948 18.7667 0.782985
1949 18.8 0.785501
1950 18.8 0.791332
1951 18.8 0.807152
1952 18.9333 0.789199
1953 18.9333 0.79789
1954 18.9 0.788349
1955 18.8667 0.784525
1956 18.9333 0.793556
1957 18.9333 0.780412
1958 19.0333 0.769361
1959 19.0667 0.795004
1960 19.0333 0.798682
1961 18.9667 0.784158
1962 18.9 0.770654
1963 18.8333 0.765767
1964 19 0.767141
1965 19.0333 0.767865
1966 18.9667 0.751219
1967 19 0.736565
1968 18.9667 0.758831
1969 19.1 0.747947
1970 19.1667 0.747537
1971 19.1 0.746409
1972 19.1667 0.762759
1973 19.2 0.763236
1974 19.1667 0.756707
1975 19.1333 0.762231
1976 19.1667 0.756707
1977 19.2 0.760218
1978 19.2667 0.748843
1979 19.2333 0.765166
1980 19.3 0.771847
1981 19.3667 0.760344
1982 19.3 0.753764
1983 19.3333 0.758603
1984 19.3333 0.758603
1985 19.3667 0.770853
1986 19.3333 0.767641
1987 19.4 0.77992
1988 19.3667 0.776795
1989 19.3667 0.785623
1990 19.3667 0.787084
1991 19.3667 0.785623
1992 19.4 0.76052
1993 19.4333 0.737631
1994 19.3333 0.73396
1995 19.3333 0.73396
1996 19.3667 0.761854
1997 19.4333 0.782985
1998 19.4667 0.800479
1999 19.4667 0.794714
2000 19.5667 0.801842
2001 19.6 0.804585
2002 19.5333 0.809048
2003 19.5667 0.816051
2004 19.5667 0.808977
2005 19.5667 0.814641
2006 19.5667 0.787376
2007 19.5667 0.788835
2008 19.5333 0.797602
2009 19.5333 0.824528
2010 19.5 0.830109
2011 19.5667 0.818863
2012 19.5667 0.8314
2013 19.5 0.846562
2014 2.8 1.36996
2015 2.83333 1.38056
2016 2.83333 1.38056
