0 0.0666667 0.0463206
1 37.9333 0.912157
2 34.4 0.925501
3 27.8667 0.88504
4 22.3667 0.812946
5 19.4 0.742162
6 15.1667 0.678205
7 12.9 0.599521
8 11.2333 0.674125
9 9.36667 0.545585
10 8.13333 0.466667
11 6.9 0.4244
12 6.1 0.410634
13 5.83333 0.407073
14 5.23333 0.405942
15 4.76667 0.36415
16 4.36667 0.340666
17 4.06667 0.317799
18 3.83333 0.299744
19 3.66667 0.315621
20 3.56667 0.327594
21 3.4 0.34106
22 3.1 0.315682
23 2.93333 0.299169
24 2.73333 0.287411
25 2.63333 0.289603
26 2.46667 0.282572
27 2.23333 0.282368
28 2.13333 0.278474
29 1.9 0.241404
30 1.76667 0.228354
31 1.66667 0.221455
32 1.56667 0.207244
33 1.56667 0.207244
34 1.5 0.207614
35 1.36667 0.222232
36 1.33333 0.241325
37 1.33333 0.241325
38 1.3 0.225654
39 1.26667 0.224547
40 1.26667 0.224547
41 1.16667 0.220153
42 1.13333 0.207521
43 1.13333 0.207521
44 1.1 0.205387
45 1.06667 0.1973
46 1 0.197688
47 0.966667 0.188663
48 0.9 0.181627
49 0.9 0.181627
50 0.866667 0.177682
51 0.8 0.168836
52 0.8 0.168836
53 0.7 0.152753
54 0.666667 0.146478
55 0.666667 0.146478
56 0.666667 0.146478
57 0.633333 0.147651
58 0.633333 0.147651
59 0.633333 0.147651
60 0.633333 0.147651
61 0.633333 0.147651
62 0.633333 0.147651
63 0.633333 0.147651
64 0.6 0.148556
65 0.6 0.148556
66 0.6 0.148556
67 0.6 0.148556
68 0.6 0.148556
69 0.6 0.148556
70 0.6 0.148556
71 0.6 0.148556
72 0.6 0.148556
73 0.566667 0.141286
74 0.566667 0.141286
75 0.533333 0.141692
76 0.533333 0.141692
77 0.533333 0.141692
78 0.5 0.133477
79 0.466667 0.124414
80 0.466667 0.124414
81 0.466667 0.124414
82 0.466667 0.124414
83 0.5 0.133477
84 0.5 0.133477
85 0.5 0.133477
86 0.5 0.133477
87 0.466667 0.124414
88 0.466667 0.124414
89 0.466667 0.124414
90 0.466667 0.124414
91 0.466667 0.124414
92 0.466667 0.124414
93 0.466667 0.124414
94 0.466667 0.124414
95 0.466667 0.124414
96 0.433333 0.123952
97 0.433333 0.123952
98 0.433333 0.123952
99 0.433333 0.123952
100 0.433333 0.123952
101 0.433333 0.123952
102 0.4 0.123176
103 0.4 0.123176
104 0.4 0.123176
105 0.4 0.123176
106 0.4 0.123176
107 0.4 0.123176
108 0.4 0.123176
109 0.4 0.123176
110 0.4 0.123176
111 0.4 0.123176
112 0.366667 0.122083
113 0.366667 0.122083
114 0.366667 0.122083
115 0.366667 0.122083
116 0.3 0.108808
117 0.3 0.108808
118 0.266667 0.106494
119 0.266667 0.106494
120 0.266667 0.106494
121 0.233333 0.0920187
122 0.233333 0.0920187
123 0.233333 0.0920187
124 0.233333 0.0920187
125 0.233333 0.0920187
126 0.233333 0.0920187
127 0.233333 0.0920187
128 0.233333 0.0920187
129 0.233333 0.0920187
130 0.233333 0.0920187
131 0.233333 0.0920187
132 0.233333 0.0920187
133 0.233333 0.0920187
134 0.233333 0.0920187
135 0.233333 0.0920187
136 0.233333 0.0920187
137 0.233333 0.0920187
138 0.233333 0.0920187
139 0.233333 0.0920187
140 0.233333 0.0920187
141 0.233333 0.0920187
142 0.233333 0.0920187
143 0.233333 0.0920187
144 0.233333 0.0920187
145 0.233333 0.0920187
146 0.233333 0.0920187
147 0.233333 0.0920187
148 0.233333 0.0920187
149 0.233333 0.0920187
150 0.233333 0.0920187
151 0.233333 0.0920187
152 0.233333 0.0920187
153 0.233333 0.0920187
154 0.233333 0.0920187
155 0.233333 0.0920187
156 0.2 0.0884087
157 0.2 0.0884087
158 0.2 0.0884087
159 0.2 0.0884087
160 0.2 0.0884087
161 0.2 0.0884087
162 0.2 0.0884087
163 0.2 0.0884087
164 0.2 0.0884087
165 0.2 0.0884087
166 0.2 0.0884087
167 0.2 0.0884087
168 0.2 0.0884087
169 0.2 0.0884087
170 0.2 0.0884087
171 0.2 0.0884087
172 0.2 0.0884087
173 0.2 0.0884087
174 0.2 0.0884087
175 0.166667 0.084191
176 0.166667 0.084191
177 0.166667 0.084191
178 0.166667 0.084191
179 0.166667 0.084191
180 0.166667 0.084191
181 0.166667 0.084191
182 0.166667 0.084191
183 0.166667 0.084191
184 0.166667 0.084191
185 0.166667 0.084191
186 0.166667 0.084191
187 0.166667 0.084191
188 0.133333 0.0631243
189 0.133333 0.0631243
190 0.133333 0.0631243
191 0.133333 0.0631243
192 0.133333 0.0631243
193 0.133333 0.0631243
194 0.133333 0.0631243
195 0.133333 0.0631243
196 0.133333 0.0631243
197 0.133333 0.0631243
198 0.133333 0.0631243
199 0.133333 0.0631243
200 0.133333 0.0631243
201 0.133333 0.0631243
202 0.133333 0.0631243
203 0.133333 0.0631243
204 0.133333 0.0631243
205 0.133333 0.0631243
206 0.133333 0.0631243
207 0.133333 0.0631243
208 0.133333 0.0631243
209 0.133333 0.0631243
210 0.133333 0.0631243
211 0.133333 0.0631243
212 0.133333 0.0631243
213 0.133333 0.0631243
214 0.133333 0.0631243
215 0.133333 0.0631243
216 0.133333 0.0631243
217 0.133333 0.0631243
218 0.133333 0.0631243
219 0.133333 0.0631243
220 0.133333 0.0631243
221 0.133333 0.0631243
222 0.133333 0.0631243
223 0.133333 0.0631243
224 0.133333 0.0631243
225 0.133333 0.0631243
226 0.133333 0.0631243
227 0.133333 0.0631243
228 0.133333 0.0631243
229 0.133333 0.0631243
230 0.133333 0.0631243
231 0.133333 0.0631243
232 0.133333 0.0631243
233 0.133333 0.0631243
234 0.133333 0.0631243
235 0.133333 0.0631243
236 0.133333 0.0631243
237 0.133333 0.0631243
238 0.133333 0.0631243
239 0.133333 0.0631243
240 0.133333 0.0631243
241 0.133333 0.0631243
242 0.133333 0.0631243
243 0.133333 0.0631243
244 0.133333 0.0631243
245 0.133333 0.0631243
246 0.133333 0.0631243
247 0.133333 0.0631243
248 0.133333 0.0631243
249 0.133333 0.0631243
250 0.133333 0.0631243
251 0.133333 0.0631243
252 0.133333 0.0631243
253 0.133333 0.0631243
254 0.133333 0.0631243
255 0.133333 0.0631243
256 0.133333 0.0631243
257 0.133333 0.0631243
258 0.133333 0.0631243
259 0.133333 0.0631243
260 0.133333 0.0631243
261 0.133333 0.0631243
262 0.133333 0.0631243
263 0.133333 0.0631243
264 0.133333 0.0631243
265 0.133333 0.0631243
266 0.133333 0.0631243
267 0.133333 0.0631243
268 0.133333 0.0631243
269 0.133333 0.0631243
270 0.133333 0.0631243
271 0.133333 0.0631243
272 0.133333 0.0631243
273 0.133333 0.0631243
274 0.133333 0.0631243
275 0.133333 0.0631243
276 0.133333 0.0631243
277 0.133333 0.0631243
278 0.133333 0.0631243
279 0.133333 0.0631243
280 0.133333 0.0631243
281 0.133333 0.0631243
282 0.133333 0.0631243
283 0.133333 0.0631243
284 0.133333 0.0631243
285 0.133333 0.0631243
286 0.133333 0.0631243
287 0.133333 0.0631243
288 0.133333 0.0631243
289 0.133333 0.0631243
290 0.133333 0.0631243
291 0.133333 0.0631243
292 0.133333 0.0631243
293 0.133333 0.0631243
294 0.133333 0.0631243
295 0.133333 0.0631243
296 0.133333 0.0631243
297 0.133333 0.0631243
298 0.133333 0.0631243
299 0.133333 0.0631243
300 0.133333 0.0631243
301 0.133333 0.0631243
302 0.133333 0.0631243
303 0.133333 0.0631243
304 0.133333 0.0631243
305 0.133333 0.0631243
306 0.133333 0.0631243
307 0.133333 0.0631243
308 0.133333 0.0631243
309 0.133333 0.0631243
310 0.133333 0.0631243
311 0.133333 0.0631243
312 0.133333 0.0631243
313 0.133333 0.0631243
314 0.133333 0.0631243
315 0.133333 0.0631243
316 0.133333 0.0631243
317 0.133333 0.0631243
318 0.133333 0.0631243
319 0.133333 0.0631243
320 0.133333 0.0631243
321 0.133333 0.0631243
322 0.133333 0.0631243
323 0.133333 0.0631243
324 0.133333 0.0631243
325 0.133333 0.0631243
326 0.133333 0.0631243
327 0.133333 0.0631243
328 0.133333 0.0631243
329 0.133333 0.0631243
330 0.133333 0.0631243
331 0.133333 0.0631243
332 0.133333 0.0631243
333 0.133333 0.0631243
334 0.133333 0.0631243
335 0.133333 0.0631243
336 0.133333 0.0631243
337 0.133333 0.0631243
338 0.133333 0.0631243
339 0.1 0.0557086
340 0.1 0.0557086
341 0.1 0.0557086
342 0.1 0.0557086
343 0.1 0.0557086
344 0.1 0.0557086
345 0.1 0.0557086
346 0.1 0.0557086
347 0.1 0.0557086
348 0.1 0.0557086
349 0.1 0.0557086
350 0.0666667 0.0463206
351 0.0666667 0.0463206
352 0.0666667 0.0463206
353 0.0666667 0.0463206
354 0.0666667 0.0463206
355 0.0666667 0.0463206
356 0.0333333 0.0333333
357 0.0333333 0.0333333
358 0.0333333 0.0333333
359 0.0333333 0.0333333
360 0.0333333 0.0333333
361 0.0333333 0.0333333
362 0.0333333 0.0333333
363 0.0333333 0.0333333
364 0.0333333 0.0333333
365 0.0333333 0.0333333
366 0.0333333 0.0333333
367 0.0333333 0.0333333
368 0.0333333 0.0333333
369 0.0333333 0.0333333
370 0.0333333 0.0333333
371 0.0333333 0.0333333
372 0.0333333 0.0333333
373 0.0333333 0.0333333
374 0.0333333 0.0333333
375 0.0333333 0.0333333
376 0.0333333 0.0333333
377 0.0333333 0.0333333
378 0.0333333 0.0333333
379 0.0333333 0.0333333
380 0.0333333 0.0333333
381 0.0333333 0.0333333
382 0.0333333 0.0333333
383 0.0333333 0.0333333
384 0.0333333 0.0333333
385 0.0333333 0.0333333
386 0.0333333 0.0333333
387 0.0333333 0.0333333
388 0.0333333 0.0333333
389 0.0333333 0.0333333
390 0.0333333 0.0333333
391 0.0333333 0.0333333
392 0.0666667 0.0463206
393 0.0666667 0.0463206
394 0.0666667 0.0463206
395 0.0666667 0.0463206
396 0.0666667 0.0463206
397 0.0666667 0.0463206
398 0.0666667 0.0463206
399 0.0666667 0.0463206
400 0.0666667 0.0463206
401 0.0666667 0.0463206
402 0.0666667 0.0463206
403 0.0666667 0.0463206
404 0.0666667 0.0463206
405 0.0666667 0.0463206
406 0.0666667 0.0463206
407 0.0666667 0.0463206
408 0.0666667 0.0463206
409 0.0666667 0.0463206
410 0.0666667 0.0463206
411 0.0666667 0.0463206
412 0.0666667 0.0463206
413 0.0666667 0.0463206
414 0.0666667 0.0463206
415 0.0666667 0.0463206
416 0.0666667 0.0463206
417 0.0666667 0.0463206
418 0.0666667 0.0463206
419 0.0666667 0.0463206
420 0.0666667 0.0463206
421 0.0666667 0.0463206
422 0.0666667 0.0463206
423 0.0666667 0.0463206
424 0.0666667 0.0463206
425 0.0666667 0.0463206
426 0.0666667 0.0463206
427 0.0666667 0.0463206
428 0.0666667 0.0463206
429 0.0666667 0.0463206
430 0.0666667 0.0463206
431 0.0666667 0.0463206
432 0.0666667 0.0463206
433 0.0666667 0.0463206
434 0.0666667 0.0463206
435 0.0666667 0.0463206
436 0.0666667 0.0463206
437 0.0666667 0.0463206
438 0.0666667 0.0463206
439 0.0666667 0.0463206
440 0.0666667 0.0463206
441 0.0666667 0.0463206
442 0.0666667 0.0463206
443 0.0666667 0.0463206
444 0.0666667 0.0463206
445 0.0666667 0.0463206
446 0.0666667 0.0463206
447 0.0333333 0.0333333
448 0.0333333 0.0333333
449 0.0333333 0.0333333
450 0.0333333 0.0333333
451 0.0333333 0.0333333
452 0.0333333 0.0333333
453 0.0333333 0.0333333
454 0.0333333 0.0333333
455 0.0333333 0.0333333
456 0.0333333 0.0333333
457 0.0333333 0.0333333
458 0.0333333 0.0333333
459 0.0333333 0.0333333
460 0.0333333 0.0333333
461 0.0333333 0.0333333
462 0.0333333 0.0333333
463 0.0333333 0.0333333
464 0.0333333 0.0333333
465 0.0333333 0.0333333
466 0.0333333 0.0333333
467 0.0333333 0.0333333
468 0.0333333 0.0333333
469 0.0333333 0.0333333
470 0.0333333 0.0333333
471 0.0333333 0.0333333
472 0.0333333 0.0333333
473 0.0333333 0.0333333
474 0.0333333 0.0333333
475 0.0333333 0.0333333
476 0.0333333 0.0333333
477 0.0333333 0.0333333
478 0.0333333 0.0333333
479 0.0333333 0.0333333
480 0 0
481 0 0
482 0 0
483 0 0
484 0 0
485 0 0
486 0 0
487 0 0
488 0 0
489 0 0
490 0 0
491 0 0
492 0 0
493 0 0
494 0 0
495 0 0
496 0 0
497 0 0
498 0 0
499 0 0
500 0 0
501 0 0
502 0 0
503 0 0
504 0.0333333 0.0333333
505 0.0333333 0.0333333
506 0.1 0.0557086
507 0.1 0.0557086
508 0.133333 0.0631243
509 0.133333 0.0631243
510 0.133333 0.0631243
511 0.133333 0.0631243
512 0.2 0.0742781
513 0.233333 0.0785403
514 0.3 0.0850963
515 0.3 0.0850963
516 0.333333 0.0875376
517 0.333333 0.0875376
518 0.366667 0.101521
519 0.366667 0.101521
520 0.433333 0.103761
521 0.466667 0.104313
522 0.5 0.104497
523 0.5 0.104497
524 0.5 0.104497
525 0.533333 0.124414
526 0.5 0.124568
527 0.566667 0.123952
528 0.566667 0.123952
529 0.6 0.123176
530 0.566667 0.123952
531 0.666667 0.154126
532 0.666667 0.161411
533 0.8 0.188155
534 0.733333 0.165629
535 0.766667 0.189878
536 0.8 0.194168
537 0.866667 0.196131
538 0.9 0.199712
539 0.833333 0.198172
540 0.833333 0.179932
541 0.8 0.181944
542 0.666667 0.161411
543 0.7 0.160101
544 0.8 0.154622
545 0.8 0.147001
546 0.766667 0.141286
547 0.766667 0.1492
548 0.766667 0.1492
549 0.833333 0.144503
550 0.833333 0.144503
551 0.8 0.154622
552 0.9 0.16153
553 0.9 0.175185
554 0.9 0.175185
555 0.966667 0.200478
556 1.03333 0.216998
557 1.03333 0.222232
558 1.06667 0.208626
559 0.966667 0.200478
560 1.06667 0.203042
561 1 0.208993
562 1.06667 0.208626
563 1.16667 0.230359
564 1.16667 0.244871
565 1.23333 0.256785
566 1.23333 0.265587
567 1.26667 0.262321
568 1.4 0.290065
569 1.43333 0.294327
570 1.33333 0.285002
571 1.2 0.268671
572 1.2 0.250975
573 1.23333 0.228354
574 1.2 0.231933
575 1.16667 0.230359
576 1.2 0.231933
577 1.23333 0.228354
578 1.23333 0.228354
579 1.26667 0.229609
580 1.33333 0.231603
581 1.36667 0.246741
582 1.26667 0.224547
583 1.33333 0.236514
584 1.33333 0.226586
585 1.36667 0.227345
586 1.33333 0.226586
587 1.46667 0.23358
588 1.53333 0.23358
589 1.56667 0.261223
590 1.5 0.257084
591 1.5 0.261516
592 1.6 0.260856
593 1.6 0.260856
594 1.63333 0.27744
595 1.4 0.256412
596 1.33333 0.236514
597 1.2 0.241642
598 1.2 0.241642
599 1.36667 0.246741
600 1.36667 0.242038
601 1.33333 0.231603
602 1.23333 0.212718
603 1.16667 0.220153
604 1.03333 0.200478
605 1.2 0.216556
606 1.1 0.199712
607 1.16667 0.209451
608 1.06667 0.208626
609 0.966667 0.188663
610 0.9 0.181627
611 0.933333 0.165629
612 0.933333 0.165629
613 0.966667 0.147651
614 1.03333 0.147651
615 1.06667 0.165629
616 1.13333 0.171091
617 1.13333 0.196131
618 1 0.179399
619 1.13333 0.207521
620 1.2 0.2218
621 1.13333 0.212988
622 1.2 0.211182
623 1.2 0.211182
624 1.2 0.211182
625 1.16667 0.225314
626 1.16667 0.225314
627 1.13333 0.218318
628 1.2 0.211182
629 1.23333 0.207244
630 1.26667 0.1973
631 1.2 0.216556
632 1.23333 0.218055
633 1.3 0.235621
634 1.26667 0.239412
635 1.3 0.24045
636 1.43333 0.274106
637 1.4 0.282029
638 1.36667 0.281553
639 1.33333 0.272634
640 1.4 0.273756
641 1.26667 0.224547
642 1.33333 0.236514
643 1.4 0.247284
644 1.46667 0.243222
645 1.53333 0.261443
646 1.53333 0.257009
647 1.4 0.217615
648 1.36667 0.200478
649 1.53333 0.196131
650 1.43333 0.183725
651 1.53333 0.201907
652 1.5 0.202001
653 1.53333 0.223521
654 1.66667 0.221455
655 1.73333 0.214065
656 1.76667 0.212718
657 1.66667 0.216202
658 1.6 0.195348
659 1.56667 0.189878
660 1.6 0.195348
661 1.63333 0.216998
662 1.66667 0.231603
663 1.63333 0.227345
664 1.56667 0.233333
665 1.63333 0.242038
666 1.56667 0.223264
667 1.53333 0.228606
668 1.56667 0.247671
669 1.6 0.251889
670 1.53333 0.298399
671 1.4 0.269525
672 1.36667 0.26472
673 1.43333 0.274106
674 1.46667 0.282572
675 1.43333 0.305818
676 1.5 0.294587
677 1.5 0.274385
678 1.46667 0.274316
679 1.5 0.298463
680 1.4 0.297885
681 1.5 0.306069
682 1.46667 0.294522
683 1.43333 0.28641
684 1.5 0.286677
685 1.56667 0.28641
686 1.6 0.297885
687 1.7 0.3
688 1.76667 0.28641
689 1.6 0.265226
690 1.7 0.267599
691 1.76667 0.256785
692 1.8 0.259973
693 1.83333 0.271578
694 1.7 0.27186
695 1.73333 0.295302
696 1.63333 0.289603
697 1.53333 0.270093
698 1.5 0.265875
699 1.46667 0.23358
700 1.4 0.237806
701 1.43333 0.233333
702 1.33333 0.199616
703 1.33333 0.199616
704 1.4 0.212267
705 1.36667 0.206132
706 1.46667 0.218318
707 1.5 0.218406
708 1.46667 0.212988
709 1.43333 0.218055
710 1.43333 0.212718
711 1.43333 0.212718
712 1.4 0.206782
713 1.43333 0.195838
714 1.4 0.189373
715 1.4 0.183203
716 1.33333 0.187747
717 1.33333 0.187747
718 1.3 0.180357
719 1.46667 0.19018
720 1.5 0.17779
721 1.4 0.170193
722 1.33333 0.175075
723 1.23333 0.183725
724 1.2 0.181944
725 1.26667 0.1973
726 1.26667 0.203042
727 1.23333 0.201622
728 1.3 0.215225
729 1.2 0.2
730 1.16667 0.198172
731 1.2 0.211182
732 1.13333 0.207521
733 1.13333 0.207521
734 1.13333 0.207521
735 1.1 0.205387
736 1.06667 0.208626
737 0.966667 0.200478
738 1.03333 0.222232
739 1.1 0.241404
740 1 0.229943
741 1 0.229943
742 1.03333 0.227345
743 1.03333 0.222232
744 1.03333 0.216998
745 0.933333 0.214065
746 0.9 0.193872
747 0.933333 0.178971
748 0.966667 0.182469
749 1 0.179399
750 1.2 0.188155
751 1.23333 0.189878
752 1.23333 0.189878
753 1.16667 0.192284
754 1.03333 0.182469
755 1.13333 0.19018
756 1.1 0.187849
757 1.1 0.187849
758 1.16667 0.192284
759 1.36667 0.260342
760 1.26667 0.248829
761 1.33333 0.236514
762 1.3 0.245183
763 1.3 0.209817
764 1.3 0.230691
765 1.4 0.247284
766 1.4 0.237806
767 1.4 0.260856
768 1.33333 0.264068
769 1.36667 0.26472
770 1.33333 0.246041
771 1.26667 0.219369
772 1.2 0.216556
773 1.36667 0.216998
774 1.36667 0.216998
775 1.36667 0.216998
776 1.33333 0.205294
777 1.43333 0.223264
778 1.46667 0.212988
779 1.36667 0.200478
780 1.33333 0.199616
781 1.36667 0.194661
782 1.46667 0.19018
783 1.56667 0.207244
784 1.6 0.183203
785 1.66667 0.210819
786 1.7 0.225654
787 1.7 0.198558
788 1.73333 0.224547
789 1.6 0.227934
790 1.66667 0.205294
791 1.8 0.211182
792 1.8 0.211182
793 1.86667 0.196131
794 1.73333 0.185282
795 1.7 0.198558
796 1.63333 0.188663
797 1.7 0.198558
798 1.63333 0.194661
799 1.66667 0.205294
800 1.7 0.215225
801 1.66667 0.216202
802 1.66667 0.205294
803 1.56667 0.183725
804 1.6 0.195348
805 1.56667 0.195838
806 1.73333 0.1973
807 1.6 0.201146
808 1.76667 0.212718
809 1.8 0.211182
810 1.86667 0.223521
811 1.9 0.236595
812 1.86667 0.243222
813 1.93333 0.244166
814 1.96667 0.251356
815 1.9 0.259752
816 1.96667 0.273266
817 1.8 0.246353
818 1.73333 0.234562
819 1.63333 0.216998
820 1.63333 0.216998
821 1.66667 0.231603
822 1.66667 0.231603
823 1.8 0.241642
824 1.86667 0.23845
825 1.83333 0.267312
826 1.76667 0.256785
827 1.83333 0.254085
828 1.83333 0.249521
829 1.9 0.246119
830 1.86667 0.247903
831 1.8 0.250975
832 1.8 0.264358
833 1.76667 0.256785
834 1.76667 0.274106
835 1.76667 0.26988
836 1.76667 0.265587
837 1.76667 0.261223
838 1.66667 0.246041
839 1.76667 0.247671
840 1.8 0.241642
841 1.73333 0.234562
842 1.63333 0.222232
843 1.6 0.195348
844 1.6 0.189373
845 1.66667 0.187747
846 1.43333 0.163885
847 1.3 0.180357
848 1.23333 0.170754
849 1.2 0.181944
850 1.3 0.180357
851 1.33333 0.193773
852 1.33333 0.193773
853 1.4 0.183203
854 1.23333 0.183725
855 1.2 0.181944
856 1.1 0.168496
857 1.1 0.168496
858 1.16667 0.198172
859 1.06667 0.185282
860 1.1 0.193872
861 1.16667 0.203889
862 1.13333 0.196131
863 1.06667 0.178971
864 1.16667 0.179932
865 1.16667 0.173426
866 1.23333 0.163885
867 1.13333 0.164235
868 1.13333 0.164235
869 1.1 0.168496
870 1.16667 0.214869
871 1.23333 0.212718
872 1.26667 0.208626
873 1.3 0.220501
874 1.4 0.222834
875 1.36667 0.206132
876 1.46667 0.196131
877 1.4 0.176817
878 1.36667 0.176057
879 1.36667 0.169403
880 1.4 0.222834
881 1.5 0.243301
882 1.5 0.233662
883 1.53333 0.23358
884 1.4 0.217615
885 1.3 0.225654
886 1.2 0.2218
887 1.16667 0.209451
888 1.13333 0.207521
889 1.16667 0.235296
890 1.23333 0.233333
891 1.33333 0.231603
892 1.46667 0.261443
893 1.56667 0.256785
894 1.5 0.243301
895 1.36667 0.232346
896 1.53333 0.228606
897 1.53333 0.218318
898 1.6 0.201146
899 1.63333 0.194661
900 1.56667 0.228354
901 1.46667 0.212988
902 1.36667 0.200478
903 1.56667 0.238209
904 1.5 0.228689
905 1.46667 0.207521
906 1.43333 0.195838
907 1.5 0.202001
908 1.46667 0.196131
909 1.43333 0.201622
910 1.5 0.202001
911 1.46667 0.201907
912 1.5 0.218406
913 1.5 0.218406
914 1.4 0.222834
915 1.46667 0.223521
916 1.53333 0.228606
917 1.5 0.207614
918 1.5 0.223607
919 1.46667 0.23358
920 1.46667 0.23845
921 1.46667 0.252497
922 1.36667 0.237241
923 1.36667 0.242038
924 1.43333 0.247671
925 1.43333 0.238209
926 1.33333 0.231603
927 1.33333 0.236514
928 1.33333 0.216202
929 1.36667 0.232346
930 1.5 0.23853
931 1.53333 0.23845
932 1.43333 0.233333
933 1.46667 0.23845
934 1.5 0.23853
935 1.46667 0.228606
936 1.36667 0.222232
937 1.46667 0.23845
938 1.46667 0.23358
939 1.63333 0.232346
940 1.66667 0.241325
941 1.56667 0.218055
942 1.53333 0.207521
943 1.5 0.202001
944 1.53333 0.207521
945 1.56667 0.212718
946 1.63333 0.242038
947 1.56667 0.228354
948 1.43333 0.223264
949 1.4 0.212267
950 1.36667 0.227345
951 1.33333 0.216202
952 1.36667 0.211635
953 1.33333 0.199616
954 1.36667 0.206132
955 1.43333 0.228354
956 1.4 0.222834
957 1.46667 0.247903
958 1.43333 0.247671
959 1.36667 0.237241
960 1.3 0.235621
961 1.36667 0.237241
962 1.36667 0.232346
963 1.43333 0.233333
964 1.36667 0.222232
965 1.23333 0.223264
966 1.23333 0.212718
967 1.36667 0.232346
968 1.3 0.204265
969 1.23333 0.201622
970 1.16667 0.203889
971 1.1 0.199712
972 1.16667 0.214869
973 1.23333 0.242986
974 1.16667 0.214869
975 1.26667 0.244166
976 1.2 0.216556
977 1.33333 0.193773
978 1.4 0.227934
979 1.33333 0.205294
980 1.46667 0.196131
981 1.33333 0.205294
982 1.33333 0.221455
983 1.23333 0.201622
984 1.23333 0.201622
985 1.23333 0.201622
986 1.2 0.226923
987 1.2 0.231933
988 1.16667 0.235296
989 1.16667 0.235296
990 1.33333 0.241325
991 1.3 0.225654
992 1.26667 0.214065
993 1.26667 0.203042
994 1.26667 0.224547
995 1.4 0.251889
996 1.3 0.235621
997 1.5 0.252573
998 1.53333 0.252497
999 1.46667 0.228606
1000 1.43333 0.233333
1001 1.43333 0.233333
1002 1.33333 0.221455
1003 1.36667 0.232346
1004 1.33333 0.231603
1005 1.2 0.181944
1006 1.4 0.227934
1007 1.36667 0.222232
1008 1.3 0.24045
1009 1.23333 0.212718
1010 1.26667 0.214065
1011 1.1 0.187849
1012 1.06667 0.185282
1013 1.1 0.187849
1014 1.06667 0.191385
1015 1.03333 0.188663
1016 1.03333 0.182469
1017 1.03333 0.182469
1018 1 0.185695
1019 0.933333 0.185282
1020 0.9 0.187849
1021 0.9 0.187849
1022 0.9 0.187849
1023 0.866667 0.184037
1024 0.8 0.175512
1025 0.766667 0.170754
1026 0.766667 0.170754
1027 0.733333 0.165629
1028 0.733333 0.165629
1029 0.733333 0.165629
1030 0.733333 0.165629
1031 0.733333 0.165629
1032 0.666667 0.129839
1033 0.7 0.136878
1034 0.666667 0.138409
1035 0.633333 0.139649
1036 0.633333 0.139649
1037 0.566667 0.141286
1038 0.566667 0.141286
1039 0.566667 0.141286
1040 0.566667 0.141286
1041 0.566667 0.141286
1042 0.566667 0.141286
1043 0.566667 0.141286
1044 0.566667 0.141286
1045 0.566667 0.141286
1046 0.566667 0.141286
1047 0.6 0.156102
1048 0.6 0.156102
1049 0.6 0.156102
1050 0.6 0.156102
1051 0.6 0.156102
1052 0.566667 0.156714
1053 0.566667 0.156714
1054 0.566667 0.156714
1055 0.5 0.149712
1056 0.5 0.149712
1057 0.5 0.149712
1058 0.5 0.149712
1059 0.5 0.149712
1060 0.466667 0.141692
1061 0.466667 0.141692
1062 0.433333 0.132902
1063 0.433333 0.132902
1064 0.433333 0.132902
1065 0.433333 0.132902
1066 0.366667 0.13116
1067 0.366667 0.13116
1068 0.3 0.118903
1069 0.3 0.118903
1070 0.3 0.118903
1071 0.3 0.118903
1072 0.3 0.118903
1073 0.3 0.118903
1074 0.3 0.118903
1075 0.3 0.118903
1076 0.3 0.118903
1077 0.3 0.118903
1078 0.3 0.118903
1079 0.3 0.118903
1080 0.3 0.118903
1081 0.3 0.118903
1082 0.3 0.118903
1083 0.3 0.118903
1084 0.3 0.118903
1085 0.3 0.118903
1086 0.3 0.118903
1087 0.3 0.118903
1088 0.3 0.118903
1089 0.3 0.118903
1090 0.3 0.118903
1091 0.3 0.118903
1092 0.3 0.118903
1093 0.3 0.118903
1094 0.3 0.118903
1095 0.3 0.118903
1096 0.3 0.118903
1097 0.3 0.118903
1098 0.3 0.118903
1099 0.3 0.118903
1100 0.3 0.118903
1101 0.3 0.118903
1102 0.3 0.118903
1103 0.3 0.118903
1104 0.3 0.118903
1105 0.266667 0.11679
1106 0.266667 0.11679
1107 0.266667 0.11679
1108 0.266667 0.11679
1109 0.266667 0.11679
1110 0.266667 0.11679
1111 0.266667 0.11679
1112 0.266667 0.11679
1113 0.266667 0.11679
1114 0.266667 0.11679
1115 0.266667 0.11679
1116 0.266667 0.11679
1117 0.266667 0.11679
1118 0.266667 0.11679
1119 0.266667 0.11679
1120 0.266667 0.11679
1121 0.266667 0.11679
1122 0.266667 0.11679
1123 0.266667 0.11679
1124 0.266667 0.11679
1125 0.266667 0.11679
1126 0.266667 0.11679
1127 0.266667 0.11679
1128 0.266667 0.11679
1129 0.266667 0.11679
1130 0.266667 0.11679
1131 0.266667 0.11679
1132 0.266667 0.11679
1133 0.233333 0.114303
1134 0.2 0.0884087
1135 0.2 0.0884087
1136 0.2 0.0884087
1137 0.2 0.0884087
1138 0.2 0.0884087
1139 0.2 0.0884087
1140 0.2 0.0884087
1141 0.2 0.0884087
1142 0.2 0.0884087
1143 0.2 0.0884087
1144 0.2 0.0884087
1145 0.2 0.0884087
1146 0.2 0.0884087
1147 0.2 0.0884087
1148 0.2 0.0884087
1149 0.2 0.0884087
1150 0.2 0.0884087
1151 0.2 0.0884087
1152 0.2 0.0884087
1153 0.2 0.0884087
1154 0.2 0.0884087
1155 0.233333 0.0920187
1156 0.233333 0.0920187
1157 0.233333 0.0920187
1158 0.233333 0.0920187
1159 0.233333 0.0920187
1160 0.233333 0.0920187
1161 0.233333 0.0920187
1162 0.233333 0.0920187
1163 0.233333 0.0920187
1164 0.233333 0.0920187
1165 0.233333 0.0920187
1166 0.233333 0.0920187
1167 0.233333 0.0920187
1168 0.233333 0.0920187
1169 0.233333 0.0920187
1170 0.233333 0.0920187
1171 0.2 0.0884087
1172 0.2 0.0884087
1173 0.2 0.0884087
1174 0.2 0.0884087
1175 0.2 0.0884087
1176 0.2 0.0884087
1177 0.2 0.0884087
1178 0.2 0.0884087
1179 0.2 0.0884087
1180 0.2 0.0884087
1181 0.2 0.0884087
1182 0.2 0.0884087
1183 0.2 0.0884087
1184 0.2 0.0884087
1185 0.2 0.0884087
1186 0.2 0.0884087
1187 0.2 0.0884087
1188 0.2 0.0884087
1189 0.2 0.0884087
1190 0.2 0.0884087
1191 0.2 0.0884087
1192 0.2 0.0884087
1193 0.2 0.0884087
1194 0.2 0.0884087
1195 0.2 0.0884087
1196 0.2 0.0884087
1197 0.2 0.0884087
1198 0.2 0.0884087
1199 0.2 0.0884087
1200 0.2 0.0884087
1201 0.2 0.0884087
1202 0.2 0.0884087
1203 0.2 0.0884087
1204 0.2 0.0884087
1205 0.2 0.0884087
1206 0.2 0.0884087
1207 0.2 0.0884087
1208 0.2 0.0884087
1209 0.2 0.0884087
1210 0.2 0.0884087
1211 0.2 0.0884087
1212 0.2 0.0884087
1213 0.2 0.0884087
1214 0.2 0.0884087
1215 0.2 0.0884087
1216 0.2 0.0884087
1217 0.2 0.0884087
1218 0.2 0.0884087
1219 0.2 0.0884087
1220 0.2 0.0884087
1221 0.2 0.0884087
1222 0.2 0.0884087
1223 0.2 0.0884087
1224 0.2 0.0884087
1225 0.2 0.0884087
1226 0.166667 0.084191
1227 0.166667 0.084191
1228 0.166667 0.084191
1229 0.166667 0.084191
1230 0.166667 0.084191
1231 0.166667 0.084191
1232 0.166667 0.084191
1233 0.133333 0.0792687
1234 0.133333 0.0792687
1235 0.133333 0.0792687
1236 0.133333 0.0792687
1237 0.1 0.0735003
1238 0.1 0.0735003
1239 0.1 0.0735003
1240 0.1 0.0735003
1241 0.1 0.0735003
1242 0.1 0.0735003
1243 0.1 0.0735003
1244 0.1 0.0735003
1245 0.1 0.0735003
1246 0.1 0.0735003
1247 0.1 0.0735003
1248 0.1 0.0735003
1249 0.1 0.0735003
1250 0.1 0.0735003
1251 0.1 0.0735003
1252 0.1 0.0735003
1253 0.1 0.0735003
1254 0.1 0.0735003
1255 0.1 0.0735003
1256 0.1 0.0735003
1257 0.1 0.0735003
1258 0.1 0.0735003
1259 0.1 0.0735003
1260 0.1 0.0735003
1261 0.1 0.0735003
1262 0.1 0.0735003
1263 0.1 0.0735003
1264 0.1 0.0735003
1265 0.1 0.0735003
1266 0.1 0.0735003
1267 0.1 0.0735003
1268 0.1 0.0735003
1269 0.1 0.0735003
1270 0.1 0.0735003
1271 0.1 0.0735003
1272 0.1 0.0735003
1273 0.1 0.0735003
1274 0.1 0.0735003
1275 0.1 0.0735003
1276 0.1 0.0735003
1277 0.1 0.0735003
1278 0.1 0.0735003
1279 0.1 0.0735003
1280 0.1 0.0735003
1281 0.1 0.0735003
1282 0.1 0.0735003
1283 0.1 0.0735003
1284 0.1 0.0735003
1285 0.1 0.0735003
1286 0.1 0.0735003
1287 0.1 0.0735003
1288 0.1 0.0735003
1289 0.1 0.0735003
1290 0.1 0.0735003
1291 0.1 0.0735003
1292 0.1 0.0735003
1293 0.1 0.0735003
1294 0.1 0.0735003
1295 0.1 0.0735003
1296 0.0666667 0.0463206
1297 0.0666667 0.0463206
1298 0.0666667 0.0463206
1299 0.0666667 0.0463206
1300 0.0666667 0.0463206
1301 0.0666667 0.0463206
1302 0.0666667 0.0463206
1303 0.0666667 0.0463206
1304 0.0666667 0.0463206
1305 0.0666667 0.0463206
1306 0.0666667 0.0463206
1307 0.0666667 0.0463206
1308 0.0333333 0.0333333
1309 0.0333333 0.0333333
1310 0.0333333 0.0333333
1311 0.0333333 0.0333333
1312 0.0333333 0.0333333
1313 0.0333333 0.0333333
1314 0.0333333 0.0333333
1315 0.0333333 0.0333333
1316 0.0333333 0.0333333
1317 0.0333333 0.0333333
1318 0.0333333 0.0333333
1319 0.0333333 0.0333333
1320 0.0333333 0.0333333
1321 0.0333333 0.0333333
1322 0.0333333 0.0333333
1323 0.0333333 0.0333333
1324 0.0333333 0.0333333
1325 0.0333333 0.0333333
1326 0.0333333 0.0333333
1327 0.0333333 0.0333333
1328 0.0333333 0.0333333
1329 0.0333333 0.0333333
1330 0.0333333 0.0333333
1331 0.0333333 0.0333333
1332 0.0333333 0.0333333
1333 0.0333333 0.0333333
1334 0.0333333 0.0333333
1335 0.0333333 0.0333333
1336 0.0333333 0.0333333
1337 0.0333333 0.0333333
1338 0.0333333 0.0333333
1339 0.0333333 0.0333333
1340 0.0333333 0.0333333
1341 0.0333333 0.0333333
1342 0.0333333 0.0333333
1343 0.0333333 0.0333333
1344 0.0333333 0.0333333
1345 0.0333333 0.0333333
1346 0.0333333 0.0333333
1347 0.0333333 0.0333333
1348 0.0333333 0.0333333
1349 0.0333333 0.0333333
1350 0.0333333 0.0333333
1351 0.0333333 0.0333333
1352 0.0333333 0.0333333
1353 0.0333333 0.0333333
1354 0.0333333 0.0333333
1355 0.0333333 0.0333333
1356 0.0333333 0.0333333
1357 0.0333333 0.0333333
1358 0.0333333 0.0333333
1359 0.0333333 0.0333333
1360 0.0333333 0.0333333
1361 0.0333333 0.0333333
1362 0.0333333 0.0333333
1363 0.0333333 0.0333333
1364 0.0333333 0.0333333
1365 0.0333333 0.0333333
1366 0.0333333 0.0333333
1367 0 0
1368 0 0
1369 0 0
1370 0 0
1371 0 0
1372 0 0
1373 0 0
1374 0 0
1375 0 0
1376 0 0
1377 0 0
1378 0 0
1379 0 0
1380 0 0
1381 0 0
1382 0 0
1383 0 0
1384 0 0
1385 0 0
1386 0 0
1387 0 0
1388 0 0
1389 0 0
1390 0 0
1391 0 0
1392 0 0
1393 0 0
1394 0 0
1395 0 0
1396 0 0
1397 0 0
1398 0 0
1399 0 0
1400 0 0
1401 0 0
1402 0 0
1403 0 0
1404 0 0
1405 0 0
1406 0 0
1407 0 0
1408 0 0
1409 0 0
1410 0 0
1411 0 0
1412 0 0
1413 0 0
1414 0 0
1415 0 0
1416 0 0
1417 0 0
1418 0 0
1419 0 0
1420 0 0
1421 0 0
1422 0 0
1423 0 0
1424 0 0
1425 0 0
1426 0 0
1427 0 0
1428 0 0
1429 0 0
1430 0 0
1431 0 0
1432 0 0
1433 0 0
1434 0 0
1435 0 0
1436 0 0
1437 0 0
1438 0 0
1439 0 0
1440 0 0
1441 0 0
1442 0 0
1443 0 0
1444 0 0
1445 0 0
1446 0 0
1447 0 0
1448 0 0
1449 0 0
1450 0 0
1451 0 0
1452 0 0
1453 0 0
1454 0 0
1455 0 0
1456 0 0
1457 0 0
1458 0 0
1459 0 0
1460 0 0
1461 0 0
1462 0 0
1463 0 0
1464 0 0
1465 0 0
1466 0 0
1467 0 0
1468 0 0
1469 0 0
1470 0 0
1471 0 0
1472 0 0
1473 0 0
1474 0 0
1475 0 0
1476 0 0
1477 0 0
1478 0 0
1479 0 0
1480 0 0
1481 0 0
1482 0 0
1483 0 0
1484 0 0
1485 0 0
1486 0 0
1487 0 0
1488 0 0
1489 0 0
1490 0 0
1491 0 0
1492 0 0
1493 0 0
1494 0 0
1495 0 0
1496 0 0
1497 0 0
1498 0 0
1499 0 0
1500 0 0
1501 0 0
1502 0 0
1503 0 0
1504 0 0
1505 0 0
1506 0 0
1507 0 0
1508 0 0
1509 0 0
1510 0 0
1511 0 0
1512 0 0
1513 0.0333333 0.0333333
1514 0.0333333 0.0333333
1515 0.0333333 0.0333333
1516 0.0333333 0.0333333
1517 0.0333333 0.0333333
1518 0.0333333 0.0333333
1519 0.0333333 0.0333333
1520 0.133333 0.0792687
1521 0.133333 0.0792687
1522 0.133333 0.0792687
1523 0.133333 0.0792687
1524 0.0666667 0.0463206
1525 0.0666667 0.0463206
1526 0.133333 0.0631243
1527 0.166667 0.0692046
1528 0.166667 0.0692046
1529 0.133333 0.0631243
1530 0.233333 0.0920187
1531 0.3 0.0976741
1532 0.333333 0.0998082
1533 0.366667 0.101521
1534 0.366667 0.101521
1535 0.4 0.102833
1536 0.4 0.102833
1537 0.4 0.102833
1538 0.433333 0.103761
1539 0.5 0.114971
1540 0.566667 0.114303
1541 0.566667 0.114303
1542 0.6 0.132179
1543 0.7 0.136878
1544 0.8 0.161885
1545 0.933333 0.165629
1546 0.966667 0.169403
1547 0.933333 0.165629
1548 0.933333 0.135046
1549 0.933333 0.135046
1550 0.866667 0.133333
1551 0.833333 0.136317
1552 0.933333 0.165629
1553 0.966667 0.162476
1554 0.9 0.138547
1555 0.966667 0.155241
1556 1.06667 0.158537
1557 1.06667 0.165629
1558 1.03333 0.162476
1559 1.13333 0.164235
1560 1.16667 0.166667
1561 1.2 0.161885
1562 1.26667 0.165629
1563 1.33333 0.175075
1564 1.4 0.183203
1565 1.4 0.189373
1566 1.46667 0.196131
1567 1.5 0.196229
1568 1.46667 0.201907
1569 1.5 0.202001
1570 1.5 0.202001
1571 1.43333 0.212718
1572 1.46667 0.196131
1573 1.5 0.202001
1574 1.53333 0.201907
1575 1.56667 0.201622
1576 1.56667 0.201622
1577 1.6 0.206782
1578 1.66667 0.241325
1579 1.63333 0.260342
1580 1.56667 0.265587
1581 1.46667 0.243222
1582 1.36667 0.211635
1583 1.43333 0.218055
1584 1.46667 0.243222
1585 1.4 0.232922
1586 1.33333 0.210819
1587 1.3 0.204265
1588 1.33333 0.205294
1589 1.3 0.204265
1590 1.26667 0.208626
1591 1.23333 0.195838
1592 1.2 0.188155
1593 1.3 0.209817
1594 1.36667 0.211635
1595 1.46667 0.257009
1596 1.43333 0.252269
1597 1.43333 0.223264
1598 1.43333 0.238209
1599 1.43333 0.238209
1600 1.4 0.232922
1601 1.33333 0.231603
1602 1.23333 0.228354
1603 1.2 0.231933
1604 1.23333 0.233333
1605 1.23333 0.233333
1606 1.13333 0.23845
1607 1.03333 0.200478
1608 1.03333 0.211635
1609 1 0.214423
1610 1.06667 0.219369
1611 1.16667 0.254085
1612 1.16667 0.230359
1613 1.13333 0.223521
1614 1.16667 0.244871
1615 1.23333 0.238209
1616 1.2 0.205667
1617 1.26667 0.1973
1618 1.26667 0.224547
1619 1.23333 0.228354
1620 1.33333 0.285002
1621 1.33333 0.296855
1622 1.23333 0.265587
1623 1.16667 0.262977
1624 1.23333 0.223264
1625 1.16667 0.209451
1626 1.16667 0.214869
1627 1.26667 0.248829
1628 1.36667 0.305066
1629 1.3 0.276056
1630 1.26667 0.283384
1631 1.16667 0.254085
1632 1.2 0.250975
1633 1.26667 0.253406
1634 1.3 0.230691
1635 1.23333 0.223264
1636 1.26667 0.283384
1637 1.3 0.284261
1638 1.4 0.282029
1639 1.26667 0.244166
1640 1.26667 0.244166
1641 1.16667 0.198172
1642 1.23333 0.212718
1643 1.3 0.220501
1644 1.33333 0.226586
1645 1.3 0.225654
1646 1.26667 0.224547
1647 1.26667 0.239412
1648 1.26667 0.239412
1649 1.26667 0.239412
1650 1.3 0.24045
1651 1.26667 0.244166
1652 1.23333 0.233333
1653 1.13333 0.223521
1654 1.13333 0.223521
1655 1.1 0.216291
1656 1.16667 0.225314
1657 1.1 0.210909
1658 1.03333 0.194661
1659 1.03333 0.206132
1660 1.1 0.205387
1661 1.13333 0.196131
1662 1.23333 0.218055
1663 1.23333 0.242986
1664 1.2 0.2218
1665 1.23333 0.218055
1666 1.36667 0.227345
1667 1.4 0.222834
1668 1.46667 0.228606
1669 1.4 0.232922
1670 1.36667 0.242038
1671 1.46667 0.261443
1672 1.46667 0.261443
1673 1.33333 0.264068
1674 1.26667 0.229609
1675 1.26667 0.239412
1676 1.26667 0.239412
1677 1.3 0.245183
1678 1.23333 0.238209
1679 1.26667 0.239412
1680 1.26667 0.239412
1681 1.16667 0.235296
1682 1.2 0.236837
1683 1.26667 0.244166
1684 1.26667 0.244166
1685 1.16667 0.230359
1686 1.36667 0.216998
1687 1.4 0.212267
1688 1.36667 0.200478
1689 1.3 0.209817
1690 1.3 0.192682
1691 1.3 0.173867
1692 1.33333 0.193773
1693 1.4 0.176817
1694 1.4 0.176817
1695 1.46667 0.19018
1696 1.5 0.196229
1697 1.53333 0.207521
1698 1.63333 0.206132
1699 1.5 0.202001
1700 1.4 0.183203
1701 1.4 0.189373
1702 1.36667 0.194661
1703 1.23333 0.177358
1704 1.23333 0.170754
1705 1.3 0.167126
1706 1.36667 0.182469
1707 1.36667 0.194661
1708 1.33333 0.193773
1709 1.46667 0.218318
1710 1.5 0.223607
1711 1.53333 0.23358
1712 1.53333 0.252497
1713 1.56667 0.256785
1714 1.56667 0.247671
1715 1.63333 0.255889
1716 1.63333 0.251356
1717 1.7 0.254387
1718 1.66667 0.255214
1719 1.7 0.254387
1720 1.66667 0.259679
1721 1.63333 0.251356
1722 1.6 0.237806
1723 1.66667 0.231603
1724 1.63333 0.222232
1725 1.46667 0.218318
1726 1.5 0.228689
1727 1.46667 0.223521
1728 1.43333 0.223264
1729 1.4 0.212267
1730 1.4 0.206782
1731 1.36667 0.194661
1732 1.4 0.206782
1733 1.26667 0.203042
1734 1.23333 0.212718
1735 1.3 0.249828
1736 1.23333 0.228354
1737 1.3 0.235621
1738 1.26667 0.234562
1739 1.26667 0.224547
1740 1.3 0.204265
1741 1.13333 0.19018
1742 1.2 0.194168
1743 1.23333 0.195838
1744 1.3 0.192682
1745 1.33333 0.181522
1746 1.3 0.180357
1747 1.3 0.186622
1748 1.33333 0.187747
1749 1.33333 0.181522
1750 1.3 0.167126
1751 1.23333 0.163885
1752 1.26667 0.165629
1753 1.23333 0.156714
1754 1.3 0.152753
1755 1.33333 0.161411
1756 1.3 0.152753
1757 1.26667 0.151113
1758 1.26667 0.151113
1759 1.26667 0.165629
1760 1.23333 0.189878
1761 1.2 0.211182
1762 1.4 0.176817
1763 1.43333 0.195838
1764 1.36667 0.188663
1765 1.36667 0.188663
1766 1.4 0.189373
1767 1.36667 0.200478
1768 1.36667 0.200478
1769 1.36667 0.200478
1770 1.4 0.206782
1771 1.46667 0.23845
1772 1.4 0.247284
1773 1.36667 0.242038
1774 1.5 0.23853
1775 1.46667 0.23358
1776 1.43333 0.233333
1777 1.46667 0.243222
1778 1.46667 0.23845
1779 1.6 0.237806
1780 1.6 0.242591
1781 1.5 0.24798
1782 1.53333 0.252497
1783 1.56667 0.228354
1784 1.56667 0.228354
1785 1.56667 0.228354
1786 1.6 0.242591
1787 1.5 0.202001
1788 1.4 0.206782
1789 1.46667 0.207521
1790 1.5 0.213078
1791 1.46667 0.19018
1792 1.4 0.195348
1793 1.43333 0.195838
1794 1.56667 0.238209
1795 1.56667 0.218055
1796 1.6 0.251889
1797 1.5 0.252573
1798 1.36667 0.194661
1799 1.4 0.189373
1800 1.43333 0.189878
1801 1.46667 0.19018
1802 1.56667 0.195838
1803 1.5 0.17779
1804 1.46667 0.184037
1805 1.56667 0.201622
1806 1.46667 0.212988
1807 1.46667 0.212988
1808 1.46667 0.201907
1809 1.53333 0.207521
1810 1.53333 0.207521
1811 1.53333 0.201907
1812 1.63333 0.182469
1813 1.6 0.176817
1814 1.63333 0.169403
1815 1.66667 0.199616
1816 1.6 0.195348
1817 1.66667 0.221455
1818 1.66667 0.241325
1819 1.63333 0.222232
1820 1.63333 0.227345
1821 1.63333 0.227345
1822 1.6 0.237806
1823 1.63333 0.255889
1824 1.6 0.247284
1825 1.66667 0.259679
1826 1.63333 0.260342
1827 1.56667 0.252269
1828 1.56667 0.242986
1829 1.66667 0.241325
1830 1.7 0.249828
1831 1.63333 0.246741
1832 1.7 0.249828
1833 1.7 0.245183
1834 1.7 0.249828
1835 1.7 0.263269
1836 1.73333 0.279299
1837 1.66667 0.264068
1838 1.86667 0.247903
1839 1.86667 0.243222
1840 1.8 0.205667
1841 1.7 0.198558
1842 1.66667 0.187747
1843 1.66667 0.210819
1844 1.66667 0.210819
1845 1.66667 0.210819
1846 1.66667 0.216202
1847 1.53333 0.207521
1848 1.53333 0.207521
1849 1.46667 0.207521
1850 1.53333 0.223521
1851 1.53333 0.223521
1852 1.6 0.222834
1853 1.63333 0.222232
1854 1.56667 0.207244
1855 1.53333 0.212988
1856 1.46667 0.23845
1857 1.53333 0.265803
1858 1.5 0.261516
1859 1.4 0.260856
1860 1.36667 0.260342
1861 1.36667 0.255889
1862 1.43333 0.256785
1863 1.46667 0.252497
1864 1.43333 0.252269
1865 1.53333 0.252497
1866 1.56667 0.252269
1867 1.56667 0.274106
1868 1.53333 0.278474
1869 1.4 0.273756
1870 1.43333 0.265587
1871 1.46667 0.274316
1872 1.5 0.274385
1873 1.56667 0.274106
1874 1.6 0.277923
1875 1.73333 0.270943
1876 1.73333 0.275152
1877 1.66667 0.272634
1878 1.6 0.277923
1879 1.6 0.269525
1880 1.63333 0.285606
1881 1.6 0.273756
1882 1.6 0.277923
1883 1.7 0.3
1884 1.76667 0.313245
1885 1.6 0.282029
1886 1.6 0.269525
1887 1.63333 0.269027
1888 1.63333 0.273266
1889 1.63333 0.27744
1890 1.56667 0.265587
1891 1.4 0.217615
1892 1.43333 0.212718
1893 1.36667 0.211635
1894 1.46667 0.212988
1895 1.4 0.195348
1896 1.4 0.189373
1897 1.36667 0.188663
1898 1.4 0.183203
1899 1.4 0.183203
1900 1.3 0.186622
1901 1.3 0.186622
1902 1.2 0.181944
1903 1.16667 0.192284
1904 1.13333 0.184037
1905 1.13333 0.201907
1906 1 0.172873
1907 1 0.172873
1908 0.933333 0.158537
1909 0.966667 0.169403
1910 1.1 0.199712
1911 1.03333 0.194661
1912 1.03333 0.200478
1913 1.06667 0.203042
1914 1.1 0.193872
1915 1.13333 0.19018
1916 1.1 0.187849
1917 1.23333 0.212718
1918 1.2 0.205667
1919 1.2 0.2
1920 1.16667 0.209451
1921 1.2 0.211182
1922 1.23333 0.218055
1923 1.16667 0.209451
1924 1.13333 0.19018
1925 1.13333 0.177682
1926 1.1 0.181627
1927 1.03333 0.162476
1928 1.1 0.16153
1929 1.13333 0.157081
1930 1.1 0.15425
1931 1.1 0.15425
1932 1.2 0.161885
1933 1.16667 0.173426
1934 1.13333 0.19018
1935 1.23333 0.207244
1936 1.2 0.216556
1937 1.16667 0.220153
1938 1.13333 0.218318
1939 1.03333 0.200478
1940 1.13333 0.201907
1941 1.13333 0.201907
1942 1.1 0.216291
1943 1.03333 0.211635
1944 0.966667 0.194661
1945 1.03333 0.194661
1946 1.1 0.205387
1947 1.16667 0.203889
1948 1.2 0.2
1949 1.23333 0.183725
1950 1.2 0.188155
1951 1.16667 0.18621
1952 1.1 0.168496
1953 1 0.15162
1954 1 0.15902
1955 1.06667 0.178971
1956 1.03333 0.182469
1957 1 0.179399
1958 1 0.179399
1959 1 0.15902
1960 1.06667 0.1973
1961 1.2 0.188155
1962 1.23333 0.183725
1963 1.23333 0.183725
1964 1.23333 0.183725
1965 1.23333 0.189878
1966 1.2 0.194168
1967 1.2 0.194168
1968 1.23333 0.163885
1969 1.23333 0.156714
1970 1.26667 0.178971
1971 1.23333 0.163885
1972 1.26667 0.178971
1973 1.23333 0.183725
1974 1.23333 0.183725
1975 1.3 0.186622
1976 1.3 0.180357
1977 1.23333 0.183725
1978 1.33333 0.193773
1979 1.4 0.201146
1980 1.46667 0.218318
1981 1.36667 0.211635
1982 1.36667 0.211635
1983 1.43333 0.228354
1984 1.53333 0.23358
1985 1.5 0.243301
1986 1.4 0.237806
1987 1.4 0.237806
1988 1.4 0.232922
1989 1.36667 0.232346
1990 1.33333 0.226586
1991 1.4 0.247284
1992 1.36667 0.242038
1993 1.43333 0.242986
1994 1.5 0.257084
1995 1.53333 0.247903
1996 1.63333 0.260342
1997 1.63333 0.251356
1998 1.6 0.251889
1999 1.56667 0.242986
2000 1.7 0.245183
2001 1.76667 0.274106
2002 1.8 0.259973
2003 1.83333 0.271578
2004 1.9 0.272705
2005 2.03333 0.281553
2006 2.13333 0.270093
2007 2.1 0.255289
2008 2.16667 0.271578
2009 2.16667 0.25857
2010 2.06667 0.239412
2011 2.03333 0.242038
2012 1.93333 0.244166
2013 2 0.295561
2014 0.233333 0.114303
2015 0.266667 0.126249
2016 0.266667 0.126249
