0 0 0
1 0.0333333 0.0333333
2 0.0333333 0.0333333
3 0.0333333 0.0333333
4 0.0666667 0.0463206
5 0.133333 0.0631243
6 0.233333 0.0785403
7 0.333333 0.110727
8 0.433333 0.123952
9 0.466667 0.141692
10 0.5 0.141827
11 0.633333 0.162476
12 0.666667 0.168382
13 0.8 0.205667
14 0.866667 0.228606
15 0.9 0.22667
16 1.06667 0.224547
17 1.1 0.221541
18 1.1 0.221541
19 1.13333 0.228606
20 1.13333 0.228606
21 1.26667 0.239412
22 1.3 0.24045
23 1.36667 0.237241
24 1.36667 0.237241
25 1.36667 0.237241
26 1.4 0.242591
27 1.43333 0.238209
28 1.46667 0.243222
29 1.5 0.243301
30 1.5 0.243301
31 1.53333 0.243222
32 1.53333 0.243222
33 1.6 0.247284
34 1.6 0.247284
35 1.66667 0.241325
36 1.7 0.24045
37 1.7 0.24045
38 1.7 0.24045
39 1.7 0.24045
40 1.73333 0.244166
41 1.73333 0.244166
42 1.73333 0.244166
43 1.76667 0.247671
44 1.76667 0.247671
45 1.76667 0.247671
46 1.76667 0.247671
47 1.8 0.264358
48 1.8 0.264358
49 1.83333 0.271578
50 1.83333 0.271578
51 1.8 0.264358
52 1.86667 0.270093
53 1.86667 0.270093
54 1.9 0.281008
55 1.9 0.281008
56 1.9 0.281008
57 1.96667 0.285606
58 2.03333 0.281553
59 2.03333 0.281553
60 2.03333 0.281553
61 2.03333 0.281553
62 2.03333 0.281553
63 2.03333 0.281553
64 2.03333 0.281553
65 2.03333 0.281553
66 2.03333 0.281553
67 2.03333 0.281553
68 2.06667 0.295302
69 2.06667 0.295302
70 2.13333 0.298399
71 2.13333 0.298399
72 2.13333 0.298399
73 2.13333 0.298399
74 2.13333 0.298399
75 2.13333 0.298399
76 2.13333 0.298399
77 2.13333 0.298399
78 2.1 0.296919
79 2.1 0.296919
80 2.1 0.296919
81 2.1 0.296919
82 2.1 0.296919
83 2.1 0.296919
84 2.1 0.296919
85 2.1 0.296919
86 2.1 0.296919
87 2.1 0.296919
88 2.1 0.296919
89 2.13333 0.306006
90 2.13333 0.306006
91 2.13333 0.306006
92 2.13333 0.306006
93 2.13333 0.306006
94 2.13333 0.306006
95 2.13333 0.306006
96 2.13333 0.306006
97 2.16667 0.307318
98 2.16667 0.307318
99 2.16667 0.307318
100 2.16667 0.307318
101 2.16667 0.307318
102 2.16667 0.307318
103 2.16667 0.307318
104 2.16667 0.307318
105 2.16667 0.307318
106 2.2 0.312204
107 2.23333 0.327594
108 2.23333 0.327594
109 2.26667 0.335396
110 2.26667 0.335396
111 2.26667 0.335396
112 2.26667 0.335396
113 2.3 0.332701
114 2.26667 0.324952
115 2.26667 0.324952
116 2.26667 0.324952
117 2.26667 0.324952
118 2.26667 0.324952
119 2.26667 0.324952
120 2.26667 0.324952
121 2.26667 0.324952
122 2.26667 0.324952
123 2.26667 0.324952
124 2.26667 0.324952
125 2.23333 0.316893
126 2.23333 0.316893
127 2.26667 0.324952
128 2.26667 0.324952
129 2.3 0.325718
130 2.3 0.325718
131 2.3 0.325718
132 2.3 0.325718
133 2.3 0.325718
134 2.3 0.325718
135 2.3 0.325718
136 2.33333 0.322823
137 2.33333 0.322823
138 2.33333 0.322823
139 2.33333 0.322823
140 2.33333 0.322823
141 2.33333 0.322823
142 2.33333 0.322823
143 2.3 0.325718
144 2.3 0.325718
145 2.3 0.325718
146 2.3 0.325718
147 2.3 0.325718
148 2.3 0.325718
149 2.3 0.325718
150 2.3 0.325718
151 2.3 0.325718
152 2.3 0.325718
153 2.3 0.325718
154 2.3 0.325718
155 2.3 0.325718
156 2.3 0.325718
157 2.3 0.325718
158 2.3 0.325718
159 2.3 0.325718
160 2.26667 0.310481
161 2.26667 0.310481
162 2.26667 0.310481
163 2.26667 0.310481
164 2.3 0.307567
165 2.3 0.307567
166 2.3 0.307567
167 2.3 0.307567
168 2.3 0.307567
169 2.3 0.307567
170 2.3 0.307567
171 2.3 0.307567
172 2.3 0.307567
173 2.3 0.307567
174 2.3 0.307567
175 2.33333 0.3045
176 2.36667 0.305066
177 2.4 0.305505
178 2.4 0.305505
179 2.4 0.305505
180 2.4 0.305505
181 2.4 0.305505
182 2.4 0.305505
183 2.4 0.305505
184 2.4 0.305505
185 2.4 0.305505
186 2.4 0.305505
187 2.4 0.305505
188 2.4 0.305505
189 2.4 0.305505
190 2.4 0.305505
191 2.4 0.305505
192 2.4 0.305505
193 2.4 0.305505
194 2.4 0.305505
195 2.4 0.305505
196 2.4 0.305505
197 2.4 0.305505
198 2.36667 0.301274
199 2.36667 0.301274
200 2.36667 0.301274
201 2.36667 0.301274
202 2.36667 0.301274
203 2.36667 0.301274
204 2.36667 0.301274
205 2.36667 0.301274
206 2.4 0.294001
207 2.4 0.294001
208 2.4 0.294001
209 2.4 0.294001
210 2.4 0.294001
211 2.4 0.294001
212 2.4 0.294001
213 2.4 0.294001
214 2.4 0.294001
215 2.4 0.294001
216 2.4 0.294001
217 2.4 0.294001
218 2.4 0.294001
219 2.4 0.294001
220 2.4 0.294001
221 2.4 0.294001
222 2.36667 0.301274
223 2.36667 0.301274
224 2.4 0.301719
225 2.4 0.301719
226 2.4 0.301719
227 2.4 0.301719
228 2.4 0.301719
229 2.4 0.301719
230 2.4 0.301719
231 2.4 0.301719
232 2.4 0.301719
233 2.4 0.301719
234 2.4 0.301719
235 2.4 0.301719
236 2.4 0.301719
237 2.4 0.301719
238 2.4 0.301719
239 2.4 0.301719
240 2.4 0.301719
241 2.4 0.301719
242 2.4 0.301719
243 2.4 0.301719
244 2.36667 0.301274
245 2.4 0.301719
246 2.4 0.301719
247 2.4 0.301719
248 2.4 0.301719
249 2.4 0.301719
250 2.4 0.301719
251 2.36667 0.305066
252 2.36667 0.305066
253 2.36667 0.305066
254 2.36667 0.305066
255 2.36667 0.305066
256 2.36667 0.305066
257 2.36667 0.305066
258 2.4 0.309245
259 2.4 0.309245
260 2.4 0.309245
261 2.4 0.309245
262 2.4 0.309245
263 2.43333 0.313245
264 2.43333 0.313245
265 2.46667 0.317075
266 2.46667 0.317075
267 2.46667 0.317075
268 2.46667 0.317075
269 2.46667 0.317075
270 2.46667 0.317075
271 2.46667 0.317075
272 2.46667 0.317075
273 2.46667 0.317075
274 2.5 0.331316
275 2.5 0.331316
276 2.5 0.331316
277 2.5 0.331316
278 2.5 0.331316
279 2.5 0.331316
280 2.5 0.331316
281 2.5 0.331316
282 2.5 0.331316
283 2.53333 0.324244
284 2.5 0.320739
285 2.5 0.320739
286 2.53333 0.317075
287 2.53333 0.317075
288 2.53333 0.317075
289 2.53333 0.317075
290 2.53333 0.317075
291 2.53333 0.317075
292 2.53333 0.317075
293 2.53333 0.317075
294 2.53333 0.317075
295 2.53333 0.317075
296 2.53333 0.317075
297 2.53333 0.317075
298 2.53333 0.317075
299 2.53333 0.317075
300 2.53333 0.317075
301 2.53333 0.317075
302 2.53333 0.317075
303 2.53333 0.317075
304 2.53333 0.317075
305 2.53333 0.317075
306 2.53333 0.317075
307 2.53333 0.317075
308 2.53333 0.317075
309 2.53333 0.317075
310 2.53333 0.317075
311 2.53333 0.317075
312 2.5 0.320739
313 2.53333 0.32777
314 2.53333 0.32777
315 2.53333 0.32777
316 2.53333 0.32777
317 2.53333 0.32777
318 2.53333 0.32777
319 2.53333 0.32777
320 2.53333 0.32777
321 2.53333 0.32777
322 2.53333 0.32777
323 2.53333 0.32777
324 2.56667 0.331084
325 2.56667 0.331084
326 2.56667 0.331084
327 2.56667 0.331084
328 2.56667 0.331084
329 2.53333 0.317075
330 2.53333 0.317075
331 2.53333 0.317075
332 2.53333 0.317075
333 2.53333 0.317075
334 2.53333 0.317075
335 2.53333 0.317075
336 2.53333 0.317075
337 2.53333 0.317075
338 2.53333 0.317075
339 2.53333 0.317075
340 2.53333 0.317075
341 2.53333 0.317075
342 2.53333 0.317075
343 2.53333 0.317075
344 2.53333 0.317075
345 2.53333 0.317075
346 2.53333 0.317075
347 2.53333 0.317075
348 2.53333 0.317075
349 2.53333 0.317075
350 2.53333 0.317075
351 2.56667 0.327594
352 2.6 0.327302
353 2.6 0.327302
354 2.6 0.327302
355 2.6 0.327302
356 2.6 0.327302
357 2.6 0.327302
358 2.6 0.327302
359 2.6 0.327302
360 2.6 0.327302
361 2.6 0.327302
362 2.6 0.327302
363 2.6 0.327302
364 2.6 0.327302
365 2.6 0.327302
366 2.6 0.327302
367 2.6 0.327302
368 2.6 0.327302
369 2.6 0.327302
370 2.6 0.327302
371 2.6 0.327302
372 2.6 0.327302
373 2.6 0.327302
374 2.56667 0.316893
375 2.56667 0.316893
376 2.56667 0.316893
377 2.56667 0.316893
378 2.6 0.320201
379 2.63333 0.330389
380 2.63333 0.330389
381 2.63333 0.330389
382 2.63333 0.330389
383 2.66667 0.329867
384 2.66667 0.329867
385 2.66667 0.329867
386 2.66667 0.329867
387 2.66667 0.329867
388 2.66667 0.329867
389 2.66667 0.329867
390 2.66667 0.329867
391 2.66667 0.329867
392 2.66667 0.329867
393 2.66667 0.329867
394 2.66667 0.329867
395 2.66667 0.329867
396 2.63333 0.33385
397 2.66667 0.329867
398 2.63333 0.319782
399 2.63333 0.319782
400 2.63333 0.319782
401 2.63333 0.319782
402 2.63333 0.319782
403 2.63333 0.319782
404 2.63333 0.319782
405 2.63333 0.319782
406 2.63333 0.319782
407 2.63333 0.319782
408 2.63333 0.319782
409 2.63333 0.319782
410 2.63333 0.319782
411 2.63333 0.319782
412 2.63333 0.319782
413 2.63333 0.319782
414 2.63333 0.319782
415 2.63333 0.319782
416 2.63333 0.319782
417 2.6 0.309245
418 2.6 0.309245
419 2.6 0.309245
420 2.6 0.309245
421 2.6 0.309245
422 2.6 0.309245
423 2.6 0.309245
424 2.6 0.309245
425 2.6 0.309245
426 2.6 0.309245
427 2.6 0.309245
428 2.6 0.309245
429 2.63333 0.308811
430 2.63333 0.308811
431 2.63333 0.308811
432 2.63333 0.308811
433 2.63333 0.308811
434 2.63333 0.308811
435 2.63333 0.308811
436 2.63333 0.308811
437 2.66667 0.311958
438 2.66667 0.311958
439 2.66667 0.311958
440 2.66667 0.311958
441 2.66667 0.311958
442 2.66667 0.311958
443 2.66667 0.311958
444 2.66667 0.311958
445 2.66667 0.311958
446 2.66667 0.311958
447 2.66667 0.311958
448 2.66667 0.311958
449 2.66667 0.311958
450 2.66667 0.311958
451 2.66667 0.311958
452 2.66667 0.311958
453 2.66667 0.311958
454 2.66667 0.311958
455 2.66667 0.311958
456 2.66667 0.311958
457 2.66667 0.311958
458 2.66667 0.311958
459 2.66667 0.311958
460 2.66667 0.311958
461 2.66667 0.311958
462 2.66667 0.311958
463 2.66667 0.311958
464 2.7 0.311282
465 2.7 0.311282
466 2.66667 0.308252
467 2.66667 0.308252
468 2.63333 0.312511
469 2.66667 0.308252
470 2.66667 0.308252
471 2.66667 0.308252
472 2.66667 0.308252
473 2.66667 0.308252
474 2.63333 0.301274
475 2.63333 0.301274
476 2.63333 0.301274
477 2.63333 0.301274
478 2.63333 0.301274
479 2.63333 0.301274
480 2.63333 0.301274
481 2.63333 0.301274
482 2.63333 0.301274
483 2.63333 0.301274
484 2.63333 0.301274
485 2.63333 0.301274
486 2.63333 0.301274
487 2.63333 0.301274
488 2.63333 0.301274
489 2.63333 0.301274
490 2.63333 0.301274
491 2.63333 0.301274
492 2.63333 0.301274
493 2.63333 0.301274
494 2.63333 0.301274
495 2.63333 0.301274
496 2.63333 0.301274
497 2.66667 0.292957
498 2.66667 0.292957
499 2.7 0.3
500 2.7 0.3
501 2.7 0.3
502 2.63333 0.301274
503 2.53333 0.294522
504 2.43333 0.298207
505 2.43333 0.298207
506 2.3 0.296144
507 2.26667 0.295302
508 2.23333 0.298207
509 2.16667 0.279915
510 2.16667 0.279915
511 2.1 0.281008
512 2 0.271225
513 2 0.271225
514 2 0.271225
515 2 0.271225
516 2 0.266954
517 1.93333 0.266667
518 1.9 0.255289
519 1.9 0.255289
520 1.83333 0.25857
521 1.8 0.255514
522 1.8 0.255514
523 1.83333 0.262977
524 1.86667 0.261443
525 1.83333 0.25857
526 1.83333 0.25857
527 1.86667 0.261443
528 1.8 0.250975
529 1.8 0.231933
530 1.76667 0.238209
531 1.73333 0.248829
532 1.73333 0.248829
533 1.73333 0.248829
534 1.7 0.249828
535 1.73333 0.234562
536 1.73333 0.219369
537 1.76667 0.233333
538 1.76667 0.233333
539 1.76667 0.233333
540 1.76667 0.233333
541 1.7 0.225654
542 1.7 0.225654
543 1.7 0.225654
544 1.7 0.215225
545 1.66667 0.216202
546 1.6 0.217615
547 1.6 0.222834
548 1.53333 0.223521
549 1.5 0.228689
550 1.5 0.228689
551 1.46667 0.212988
552 1.5 0.213078
553 1.46667 0.201907
554 1.46667 0.201907
555 1.5 0.196229
556 1.46667 0.201907
557 1.46667 0.201907
558 1.5 0.207614
559 1.56667 0.223264
560 1.63333 0.237241
561 1.6 0.227934
562 1.6 0.227934
563 1.56667 0.228354
564 1.56667 0.242986
565 1.53333 0.23845
566 1.53333 0.23845
567 1.5 0.23853
568 1.53333 0.23845
569 1.53333 0.23845
570 1.53333 0.23845
571 1.5 0.243301
572 1.46667 0.23358
573 1.46667 0.247903
574 1.46667 0.243222
575 1.5 0.24798
576 1.53333 0.247903
577 1.53333 0.23845
578 1.5 0.233662
579 1.53333 0.23845
580 1.56667 0.247671
581 1.56667 0.265587
582 1.53333 0.265803
583 1.53333 0.257009
584 1.53333 0.257009
585 1.5 0.257084
586 1.53333 0.261443
587 1.56667 0.261223
588 1.6 0.260856
589 1.56667 0.261223
590 1.63333 0.273266
591 1.66667 0.259679
592 1.7 0.27186
593 1.7 0.27186
594 1.7 0.263269
595 1.73333 0.257902
596 1.73333 0.257902
597 1.73333 0.257902
598 1.63333 0.246741
599 1.6 0.232922
600 1.6 0.232922
601 1.6 0.232922
602 1.63333 0.227345
603 1.6 0.232922
604 1.63333 0.242038
605 1.7 0.258866
606 1.66667 0.255214
607 1.7 0.254387
608 1.7 0.254387
609 1.6 0.237806
610 1.63333 0.242038
611 1.63333 0.227345
612 1.63333 0.227345
613 1.63333 0.227345
614 1.63333 0.232346
615 1.56667 0.228354
616 1.6 0.232922
617 1.7 0.235621
618 1.73333 0.224547
619 1.76667 0.238209
620 1.76667 0.238209
621 1.8 0.236837
622 1.83333 0.240131
623 1.83333 0.244871
624 1.83333 0.244871
625 1.8 0.246353
626 1.76667 0.238209
627 1.76667 0.238209
628 1.83333 0.240131
629 1.83333 0.240131
630 1.8 0.231933
631 1.86667 0.23845
632 1.8 0.241642
633 1.86667 0.23845
634 1.86667 0.23845
635 1.9 0.236595
636 1.9 0.236595
637 1.9 0.236595
638 1.8 0.246353
639 1.76667 0.233333
640 1.76667 0.238209
641 1.76667 0.233333
642 1.7 0.220501
643 1.76667 0.238209
644 1.73333 0.244166
645 1.73333 0.234562
646 1.7 0.230691
647 1.7 0.230691
648 1.7 0.230691
649 1.7 0.24045
650 1.76667 0.228354
651 1.7 0.235621
652 1.7 0.235621
653 1.56667 0.242986
654 1.6 0.242591
655 1.56667 0.242986
656 1.53333 0.23845
657 1.56667 0.228354
658 1.6 0.247284
659 1.6 0.247284
660 1.63333 0.255889
661 1.6 0.247284
662 1.56667 0.238209
663 1.6 0.242591
664 1.63333 0.246741
665 1.66667 0.241325
666 1.6 0.222834
667 1.56667 0.207244
668 1.6 0.217615
669 1.6 0.217615
670 1.7 0.230691
671 1.63333 0.222232
672 1.66667 0.241325
673 1.66667 0.236514
674 1.73333 0.248829
675 1.7 0.245183
676 1.73333 0.248829
677 1.7 0.24045
678 1.76667 0.252269
679 1.8 0.259973
680 1.76667 0.265587
681 1.73333 0.248829
682 1.66667 0.226586
683 1.66667 0.226586
684 1.66667 0.231603
685 1.7 0.235621
686 1.76667 0.252269
687 1.8 0.250975
688 1.83333 0.244871
689 1.86667 0.247903
690 1.9 0.255289
691 1.86667 0.257009
692 1.9 0.255289
693 1.93333 0.262321
694 2 0.271225
695 2.03333 0.27744
696 2.1 0.281008
697 2.13333 0.274316
698 2.06667 0.266667
699 2.1 0.26414
700 2.1 0.26414
701 2.1 0.259752
702 2.1 0.259752
703 2.1 0.259752
704 2.06667 0.257902
705 2.13333 0.257009
706 2.16667 0.244871
707 2.16667 0.244871
708 2.1 0.250746
709 2.1 0.259752
710 2.13333 0.257009
711 2.13333 0.261443
712 2.2 0.272915
713 2.16667 0.271578
714 2.13333 0.274316
715 2.13333 0.278474
716 2.06667 0.291383
717 2.1 0.296919
718 2.13333 0.298399
719 2.16667 0.291974
720 2.06667 0.279299
721 2.13333 0.282572
722 2.13333 0.282572
723 2.1 0.285069
724 2.13333 0.306006
725 2.1 0.304563
726 2.13333 0.302227
727 2.1 0.308314
728 2.16667 0.31471
729 2.16667 0.321931
730 2.16667 0.328995
731 2.2 0.326599
732 2.2 0.330099
733 2.23333 0.327594
734 2.36667 0.319782
735 2.5 0.306069
736 2.46667 0.302227
737 2.43333 0.298207
738 2.36667 0.281553
739 2.36667 0.301274
740 2.36667 0.27744
741 2.4 0.297885
742 2.43333 0.302037
743 2.33333 0.300702
744 2.26667 0.287411
745 2.26667 0.291383
746 2.26667 0.287411
747 2.26667 0.287411
748 2.23333 0.294327
749 2.26667 0.295302
750 2.26667 0.295302
751 2.26667 0.295302
752 2.26667 0.302986
753 2.13333 0.302227
754 2.16667 0.271578
755 2.2 0.277095
756 2.16667 0.25857
757 2.26667 0.299169
758 2.26667 0.299169
759 2.23333 0.305818
760 2.23333 0.305818
761 2.26667 0.306757
762 2.26667 0.317799
763 2.3 0.322169
764 2.33333 0.315621
765 2.26667 0.321395
766 2.26667 0.32847
767 2.26667 0.317799
768 2.33333 0.311958
769 2.3 0.314953
770 2.3 0.314953
771 2.36667 0.330389
772 2.33333 0.322823
773 2.36667 0.326892
774 2.33333 0.319242
775 2.33333 0.319242
776 2.33333 0.329867
777 2.26667 0.310481
778 2.23333 0.305818
779 2.23333 0.313245
780 2.23333 0.313245
781 2.2 0.293218
782 2.2 0.277095
783 2.1 0.26414
784 2.1 0.26414
785 2.16667 0.267312
786 2.2 0.272915
787 2.26667 0.270943
788 2.2 0.277095
789 2.2 0.277095
790 2.16667 0.267312
791 2.1 0.26414
792 2.1 0.268457
793 2.06667 0.279299
794 2.03333 0.27744
795 2.03333 0.27744
796 2.06667 0.275152
797 2.1 0.272705
798 2.1 0.272705
799 2.1 0.272705
800 2.1 0.289073
801 2.06667 0.283384
802 2.03333 0.285606
803 2.06667 0.283384
804 2.06667 0.262321
805 2.06667 0.262321
806 2 0.266954
807 2.03333 0.269027
808 2.06667 0.279299
809 2.06667 0.279299
810 2.06667 0.279299
811 2.06667 0.266667
812 2.1 0.259752
813 2.13333 0.252497
814 2.13333 0.252497
815 2.16667 0.275778
816 2.2 0.272915
817 2.2 0.272915
818 2.2 0.272915
819 2.13333 0.274316
820 2.2 0.268671
821 2.2 0.268671
822 2.2 0.268671
823 2.16667 0.25857
824 2.1 0.241404
825 2.1 0.236595
826 2.06667 0.239412
827 2.03333 0.237241
828 2.03333 0.237241
829 2.06667 0.229609
830 2 0.229943
831 2.03333 0.251356
832 2.06667 0.244166
833 2.06667 0.244166
834 2.03333 0.251356
835 2 0.258199
836 2.1 0.272705
837 2.06667 0.257902
838 2.06667 0.253406
839 2.06667 0.244166
840 2.03333 0.227345
841 2.1 0.236595
842 2.1 0.236595
843 2.06667 0.219369
844 2.13333 0.212988
845 2.1 0.210909
846 2.03333 0.222232
847 2.1 0.236595
848 2.16667 0.254085
849 2.16667 0.244871
850 2.13333 0.243222
851 2.06667 0.239412
852 2.1 0.241404
853 2.2 0.250975
854 2.23333 0.252269
855 2.3 0.245183
856 2.3 0.235621
857 2.26667 0.224547
858 2.23333 0.233333
859 2.3 0.235621
860 2.3 0.24045
861 2.26667 0.239412
862 2.33333 0.25067
863 2.36667 0.260342
864 2.33333 0.259679
865 2.33333 0.259679
866 2.33333 0.259679
867 2.36667 0.260342
868 2.33333 0.259679
869 2.33333 0.259679
870 2.26667 0.270943
871 2.26667 0.270943
872 2.26667 0.270943
873 2.23333 0.265587
874 2.13333 0.270093
875 2.16667 0.279915
876 2.1 0.285069
877 2.1 0.281008
878 2.06667 0.283384
879 2 0.283654
880 2.13333 0.278474
881 2.06667 0.262321
882 2.06667 0.266667
883 2 0.258199
884 2.06667 0.253406
885 2.03333 0.242038
886 2.06667 0.234562
887 2.06667 0.229609
888 2 0.229943
889 1.96667 0.227345
890 1.93333 0.214065
891 1.9 0.216291
892 1.86667 0.212988
893 1.86667 0.212988
894 1.86667 0.212988
895 1.9 0.22667
896 1.86667 0.228606
897 1.83333 0.235296
898 1.83333 0.244871
899 1.83333 0.244871
900 1.86667 0.252497
901 1.9 0.246119
902 1.96667 0.255889
903 1.93333 0.244166
904 1.96667 0.246741
905 1.9 0.250746
906 1.9 0.250746
907 1.9 0.255289
908 1.9 0.255289
909 1.93333 0.262321
910 1.93333 0.244166
911 2 0.253708
912 2 0.253708
913 2 0.266954
914 2 0.249136
915 1.96667 0.242038
916 1.9 0.250746
917 1.9 0.250746
918 1.93333 0.253406
919 1.86667 0.261443
920 1.8 0.241642
921 1.76667 0.238209
922 1.83333 0.254085
923 1.86667 0.247903
924 1.83333 0.249521
925 1.83333 0.254085
926 1.86667 0.252497
927 1.86667 0.252497
928 1.83333 0.262977
929 1.73333 0.270943
930 1.73333 0.270943
931 1.73333 0.270943
932 1.73333 0.262321
933 1.66667 0.264068
934 1.63333 0.260342
935 1.63333 0.260342
936 1.63333 0.260342
937 1.6 0.256412
938 1.63333 0.255889
939 1.63333 0.251356
940 1.63333 0.251356
941 1.56667 0.238209
942 1.6 0.237806
943 1.56667 0.242986
944 1.6 0.269525
945 1.63333 0.281553
946 1.63333 0.281553
947 1.66667 0.276818
948 1.6 0.256412
949 1.56667 0.261223
950 1.63333 0.251356
951 1.63333 0.251356
952 1.63333 0.242038
953 1.63333 0.242038
954 1.63333 0.242038
955 1.66667 0.241325
956 1.66667 0.241325
957 1.66667 0.241325
958 1.66667 0.241325
959 1.66667 0.241325
960 1.66667 0.241325
961 1.66667 0.241325
962 1.7 0.245183
963 1.66667 0.236514
964 1.7 0.225654
965 1.76667 0.233333
966 1.9 0.241404
967 1.86667 0.247903
968 1.83333 0.254085
969 1.83333 0.254085
970 1.8 0.255514
971 1.73333 0.248829
972 1.73333 0.248829
973 1.73333 0.248829
974 1.73333 0.248829
975 1.73333 0.257902
976 1.73333 0.257902
977 1.7 0.258866
978 1.73333 0.262321
979 1.73333 0.262321
980 1.73333 0.262321
981 1.73333 0.262321
982 1.73333 0.262321
983 1.7 0.249828
984 1.8 0.236837
985 1.8 0.231933
986 1.76667 0.233333
987 1.73333 0.234562
988 1.66667 0.231603
989 1.66667 0.231603
990 1.76667 0.233333
991 1.76667 0.233333
992 1.8 0.241642
993 1.83333 0.240131
994 1.83333 0.240131
995 1.83333 0.240131
996 1.83333 0.230359
997 1.83333 0.230359
998 1.86667 0.23845
999 1.86667 0.228606
1000 1.86667 0.218318
1001 1.86667 0.212988
1002 1.83333 0.209451
1003 1.83333 0.209451
1004 1.86667 0.223521
1005 1.83333 0.220153
1006 1.83333 0.214869
1007 1.83333 0.225314
1008 1.86667 0.223521
1009 1.86667 0.223521
1010 1.86667 0.223521
1011 1.83333 0.225314
1012 1.9 0.216291
1013 1.9 0.216291
1014 1.96667 0.222232
1015 2 0.229943
1016 2 0.229943
1017 2.03333 0.242038
1018 2.06667 0.257902
1019 2.06667 0.257902
1020 2.06667 0.257902
1021 2.13333 0.261443
1022 2.16667 0.262977
1023 2.16667 0.262977
1024 2.16667 0.262977
1025 2.16667 0.262977
1026 2.16667 0.262977
1027 2.2 0.264358
1028 2.2 0.264358
1029 2.26667 0.266667
1030 2.26667 0.266667
1031 2.3 0.258866
1032 2.3 0.258866
1033 2.3 0.258866
1034 2.3 0.258866
1035 2.36667 0.26472
1036 2.4 0.265226
1037 2.43333 0.261223
1038 2.43333 0.261223
1039 2.43333 0.261223
1040 2.43333 0.261223
1041 2.43333 0.261223
1042 2.43333 0.261223
1043 2.43333 0.261223
1044 2.43333 0.261223
1045 2.43333 0.261223
1046 2.43333 0.261223
1047 2.43333 0.261223
1048 2.43333 0.261223
1049 2.46667 0.252497
1050 2.43333 0.252269
1051 2.43333 0.252269
1052 2.43333 0.252269
1053 2.43333 0.252269
1054 2.43333 0.252269
1055 2.43333 0.252269
1056 2.43333 0.252269
1057 2.43333 0.252269
1058 2.43333 0.252269
1059 2.43333 0.252269
1060 2.43333 0.252269
1061 2.5 0.257084
1062 2.56667 0.252269
1063 2.56667 0.252269
1064 2.53333 0.252497
1065 2.53333 0.252497
1066 2.56667 0.252269
1067 2.56667 0.252269
1068 2.56667 0.252269
1069 2.56667 0.252269
1070 2.56667 0.252269
1071 2.56667 0.252269
1072 2.56667 0.252269
1073 2.56667 0.252269
1074 2.56667 0.252269
1075 2.56667 0.252269
1076 2.56667 0.252269
1077 2.56667 0.252269
1078 2.6 0.256412
1079 2.63333 0.260342
1080 2.63333 0.260342
1081 2.63333 0.260342
1082 2.63333 0.260342
1083 2.63333 0.260342
1084 2.63333 0.260342
1085 2.63333 0.260342
1086 2.63333 0.260342
1087 2.63333 0.260342
1088 2.63333 0.260342
1089 2.66667 0.264068
1090 2.7 0.27186
1091 2.7 0.27186
1092 2.7 0.27186
1093 2.7 0.27186
1094 2.7 0.27186
1095 2.7 0.27186
1096 2.7 0.27186
1097 2.7 0.27186
1098 2.7 0.27186
1099 2.7 0.27186
1100 2.7 0.27186
1101 2.7 0.27186
1102 2.66667 0.272634
1103 2.7 0.27186
1104 2.73333 0.279299
1105 2.73333 0.279299
1106 2.76667 0.278268
1107 2.76667 0.278268
1108 2.76667 0.278268
1109 2.76667 0.278268
1110 2.76667 0.278268
1111 2.76667 0.278268
1112 2.76667 0.278268
1113 2.8 0.277095
1114 2.8 0.277095
1115 2.8 0.277095
1116 2.8 0.277095
1117 2.8 0.277095
1118 2.83333 0.291974
1119 2.83333 0.291974
1120 2.83333 0.291974
1121 2.83333 0.291974
1122 2.83333 0.291974
1123 2.83333 0.291974
1124 2.83333 0.291974
1125 2.83333 0.291974
1126 2.83333 0.291974
1127 2.83333 0.291974
1128 2.83333 0.291974
1129 2.83333 0.291974
1130 2.83333 0.291974
1131 2.83333 0.291974
1132 2.83333 0.291974
1133 2.8 0.285271
1134 2.83333 0.291974
1135 2.83333 0.291974
1136 2.83333 0.291974
1137 2.83333 0.291974
1138 2.83333 0.291974
1139 2.83333 0.291974
1140 2.86667 0.290593
1141 2.9 0.285069
1142 2.9 0.285069
1143 2.9 0.285069
1144 2.9 0.285069
1145 2.9 0.285069
1146 2.9 0.285069
1147 2.86667 0.278474
1148 2.9 0.281008
1149 2.93333 0.299169
1150 2.93333 0.299169
1151 2.93333 0.299169
1152 2.93333 0.299169
1153 2.93333 0.299169
1154 2.93333 0.299169
1155 2.93333 0.299169
1156 2.93333 0.299169
1157 2.93333 0.299169
1158 2.93333 0.299169
1159 2.93333 0.299169
1160 2.93333 0.299169
1161 2.93333 0.299169
1162 2.93333 0.299169
1163 2.93333 0.299169
1164 2.93333 0.299169
1165 2.93333 0.299169
1166 2.9 0.296919
1167 2.9 0.296919
1168 2.9 0.296919
1169 2.9 0.296919
1170 2.9 0.296919
1171 2.9 0.296919
1172 2.9 0.296919
1173 2.9 0.296919
1174 2.93333 0.295302
1175 2.96667 0.289603
1176 2.96667 0.289603
1177 2.96667 0.289603
1178 2.96667 0.289603
1179 2.96667 0.289603
1180 2.96667 0.289603
1181 2.96667 0.289603
1182 2.96667 0.289603
1183 2.96667 0.289603
1184 2.96667 0.289603
1185 2.96667 0.289603
1186 2.96667 0.289603
1187 2.96667 0.289603
1188 2.96667 0.289603
1189 2.96667 0.289603
1190 2.96667 0.289603
1191 2.96667 0.289603
1192 2.96667 0.289603
1193 2.96667 0.289603
1194 2.96667 0.289603
1195 2.96667 0.289603
1196 2.96667 0.289603
1197 2.96667 0.289603
1198 2.96667 0.289603
1199 2.96667 0.289603
1200 2.96667 0.289603
1201 2.96667 0.289603
1202 2.96667 0.289603
1203 2.96667 0.289603
1204 2.96667 0.289603
1205 2.96667 0.289603
1206 2.96667 0.289603
1207 2.96667 0.289603
1208 2.96667 0.289603
1209 2.96667 0.289603
1210 2.96667 0.289603
1211 2.96667 0.289603
1212 2.96667 0.289603
1213 2.96667 0.289603
1214 2.96667 0.289603
1215 2.96667 0.289603
1216 2.96667 0.289603
1217 2.96667 0.289603
1218 2.96667 0.289603
1219 2.96667 0.289603
1220 2.96667 0.289603
1221 2.96667 0.289603
1222 2.96667 0.289603
1223 2.96667 0.289603
1224 2.96667 0.289603
1225 2.96667 0.289603
1226 2.96667 0.289603
1227 2.96667 0.289603
1228 2.96667 0.289603
1229 2.96667 0.289603
1230 2.96667 0.289603
1231 2.96667 0.289603
1232 2.96667 0.289603
1233 2.96667 0.289603
1234 2.96667 0.289603
1235 2.96667 0.289603
1236 2.93333 0.291383
1237 2.93333 0.291383
1238 2.93333 0.291383
1239 2.93333 0.291383
1240 2.93333 0.291383
1241 2.9 0.285069
1242 2.9 0.285069
1243 2.9 0.285069
1244 2.9 0.285069
1245 2.9 0.285069
1246 2.9 0.285069
1247 2.9 0.285069
1248 2.9 0.285069
1249 2.93333 0.287411
1250 2.96667 0.293545
1251 2.96667 0.293545
1252 2.93333 0.295302
1253 2.93333 0.295302
1254 2.93333 0.295302
1255 2.96667 0.297435
1256 2.96667 0.297435
1257 3 0.295561
1258 2.96667 0.293545
1259 2.96667 0.293545
1260 2.96667 0.293545
1261 2.96667 0.293545
1262 2.96667 0.293545
1263 2.96667 0.293545
1264 2.96667 0.293545
1265 2.96667 0.293545
1266 2.96667 0.293545
1267 2.93333 0.295302
1268 2.93333 0.295302
1269 2.93333 0.295302
1270 2.93333 0.295302
1271 2.93333 0.295302
1272 2.93333 0.295302
1273 2.93333 0.295302
1274 2.93333 0.295302
1275 2.93333 0.295302
1276 2.93333 0.295302
1277 2.93333 0.295302
1278 2.93333 0.295302
1279 2.93333 0.295302
1280 2.93333 0.295302
1281 2.93333 0.295302
1282 2.93333 0.295302
1283 2.93333 0.295302
1284 2.93333 0.295302
1285 2.93333 0.295302
1286 2.93333 0.295302
1287 2.93333 0.295302
1288 2.93333 0.295302
1289 2.93333 0.295302
1290 2.93333 0.295302
1291 2.93333 0.295302
1292 2.93333 0.295302
1293 2.93333 0.295302
1294 2.93333 0.295302
1295 2.93333 0.295302
1296 2.93333 0.295302
1297 2.93333 0.295302
1298 2.96667 0.293545
1299 2.96667 0.293545
1300 2.96667 0.293545
1301 2.96667 0.293545
1302 2.96667 0.293545
1303 2.96667 0.293545
1304 2.96667 0.293545
1305 2.96667 0.293545
1306 2.96667 0.293545
1307 2.96667 0.293545
1308 2.96667 0.293545
1309 2.96667 0.293545
1310 2.96667 0.293545
1311 2.96667 0.293545
1312 2.96667 0.293545
1313 2.93333 0.295302
1314 2.93333 0.295302
1315 2.93333 0.295302
1316 2.93333 0.295302
1317 2.93333 0.295302
1318 2.93333 0.295302
1319 2.93333 0.295302
1320 2.93333 0.295302
1321 2.93333 0.295302
1322 2.93333 0.295302
1323 2.93333 0.295302
1324 2.93333 0.295302
1325 2.96667 0.297435
1326 2.96667 0.297435
1327 2.96667 0.297435
1328 2.96667 0.297435
1329 2.96667 0.297435
1330 2.96667 0.297435
1331 2.96667 0.297435
1332 2.96667 0.297435
1333 2.96667 0.297435
1334 2.96667 0.297435
1335 2.96667 0.297435
1336 2.96667 0.297435
1337 2.96667 0.297435
1338 2.96667 0.297435
1339 2.96667 0.297435
1340 2.96667 0.297435
1341 2.96667 0.297435
1342 2.96667 0.297435
1343 2.96667 0.297435
1344 2.96667 0.297435
1345 2.96667 0.297435
1346 2.96667 0.297435
1347 2.96667 0.297435
1348 2.96667 0.297435
1349 2.96667 0.297435
1350 2.96667 0.297435
1351 2.96667 0.297435
1352 3 0.295561
1353 3 0.295561
1354 3 0.295561
1355 3 0.295561
1356 3 0.295561
1357 3 0.295561
1358 3.03333 0.289603
1359 3.03333 0.289603
1360 3.06667 0.291383
1361 3.06667 0.291383
1362 3.06667 0.291383
1363 3.06667 0.291383
1364 3.06667 0.291383
1365 3.06667 0.291383
1366 3.06667 0.291383
1367 3.06667 0.291383
1368 3.06667 0.291383
1369 3.06667 0.291383
1370 3.06667 0.291383
1371 3.06667 0.291383
1372 3.06667 0.291383
1373 3.06667 0.291383
1374 3.06667 0.291383
1375 3.06667 0.291383
1376 3.06667 0.291383
1377 3.06667 0.291383
1378 3.06667 0.291383
1379 3.06667 0.291383
1380 3.06667 0.291383
1381 3.06667 0.291383
1382 3.06667 0.291383
1383 3.06667 0.291383
1384 3.06667 0.291383
1385 3.06667 0.291383
1386 3.06667 0.291383
1387 3.06667 0.291383
1388 3.06667 0.291383
1389 3.06667 0.291383
1390 3.06667 0.291383
1391 3.1 0.300765
1392 3.1 0.300765
1393 3.1 0.300765
1394 3.1 0.300765
1395 3.1 0.300765
1396 3.1 0.300765
1397 3.1 0.300765
1398 3.1 0.300765
1399 3.1 0.300765
1400 3.1 0.300765
1401 3.1 0.300765
1402 3.1 0.300765
1403 3.1 0.300765
1404 3.1 0.300765
1405 3.1 0.300765
1406 3.13333 0.302227
1407 3.13333 0.302227
1408 3.13333 0.302227
1409 3.13333 0.302227
1410 3.13333 0.302227
1411 3.13333 0.302227
1412 3.13333 0.302227
1413 3.13333 0.302227
1414 3.13333 0.302227
1415 3.13333 0.302227
1416 3.13333 0.302227
1417 3.13333 0.302227
1418 3.13333 0.302227
1419 3.13333 0.302227
1420 3.13333 0.302227
1421 3.13333 0.302227
1422 3.13333 0.302227
1423 3.13333 0.302227
1424 3.2 0.297113
1425 3.2 0.297113
1426 3.2 0.297113
1427 3.2 0.297113
1428 3.2 0.297113
1429 3.23333 0.298207
1430 3.23333 0.298207
1431 3.23333 0.298207
1432 3.23333 0.298207
1433 3.23333 0.298207
1434 3.23333 0.298207
1435 3.23333 0.298207
1436 3.23333 0.298207
1437 3.23333 0.298207
1438 3.23333 0.298207
1439 3.26667 0.291383
1440 3.26667 0.291383
1441 3.26667 0.291383
1442 3.26667 0.291383
1443 3.26667 0.291383
1444 3.26667 0.291383
1445 3.26667 0.291383
1446 3.26667 0.291383
1447 3.26667 0.291383
1448 3.26667 0.291383
1449 3.3 0.288277
1450 3.3 0.288277
1451 3.3 0.288277
1452 3.3 0.288277
1453 3.3 0.288277
1454 3.3 0.288277
1455 3.3 0.288277
1456 3.33333 0.289007
1457 3.33333 0.289007
1458 3.33333 0.289007
1459 3.33333 0.289007
1460 3.33333 0.289007
1461 3.33333 0.289007
1462 3.36667 0.281553
1463 3.36667 0.281553
1464 3.36667 0.281553
1465 3.36667 0.281553
1466 3.36667 0.281553
1467 3.4 0.282029
1468 3.4 0.282029
1469 3.4 0.282029
1470 3.4 0.282029
1471 3.4 0.282029
1472 3.4 0.282029
1473 3.4 0.282029
1474 3.4 0.282029
1475 3.4 0.282029
1476 3.4 0.282029
1477 3.4 0.282029
1478 3.4 0.282029
1479 3.4 0.282029
1480 3.4 0.282029
1481 3.4 0.282029
1482 3.4 0.282029
1483 3.4 0.282029
1484 3.4 0.282029
1485 3.4 0.282029
1486 3.4 0.282029
1487 3.4 0.282029
1488 3.4 0.282029
1489 3.36667 0.281553
1490 3.4 0.282029
1491 3.4 0.282029
1492 3.4 0.282029
1493 3.4 0.282029
1494 3.4 0.282029
1495 3.4 0.282029
1496 3.4 0.282029
1497 3.4 0.282029
1498 3.4 0.282029
1499 3.4 0.282029
1500 3.4 0.282029
1501 3.36667 0.27744
1502 3.36667 0.27744
1503 3.36667 0.27744
1504 3.36667 0.27744
1505 3.36667 0.27744
1506 3.36667 0.27744
1507 3.33333 0.285002
1508 3.33333 0.285002
1509 3.33333 0.285002
1510 3.33333 0.285002
1511 3.26667 0.266667
1512 3.2 0.264358
1513 3.1 0.276887
1514 3.03333 0.285606
1515 2.9 0.272705
1516 2.83333 0.271578
1517 2.8 0.281212
1518 2.8 0.281212
1519 2.73333 0.279299
1520 2.6 0.290065
1521 2.56667 0.294327
1522 2.56667 0.294327
1523 2.5 0.278543
1524 2.43333 0.26988
1525 2.33333 0.28094
1526 2.33333 0.28094
1527 2.33333 0.276818
1528 2.4 0.309245
1529 2.4 0.309245
1530 2.36667 0.305066
1531 2.36667 0.285606
1532 2.33333 0.292957
1533 2.3 0.307567
1534 2.26667 0.287411
1535 2.3 0.296144
1536 2.16667 0.291974
1537 2.13333 0.282572
1538 2.13333 0.282572
1539 2.1 0.26414
1540 2.1 0.26414
1541 2.1 0.26414
1542 2.06667 0.262321
1543 2 0.249136
1544 2 0.258199
1545 1.96667 0.26472
1546 1.93333 0.257902
1547 1.93333 0.257902
1548 2.03333 0.26472
1549 1.96667 0.255889
1550 1.93333 0.262321
1551 1.9 0.255289
1552 1.9 0.255289
1553 1.9 0.26414
1554 1.9 0.281008
1555 1.9 0.281008
1556 1.9 0.281008
1557 1.9 0.281008
1558 1.96667 0.293545
1559 1.93333 0.295302
1560 1.9 0.300765
1561 1.9 0.300765
1562 1.9 0.300765
1563 1.9 0.300765
1564 1.86667 0.294522
1565 1.83333 0.288011
1566 1.83333 0.283992
1567 1.86667 0.278474
1568 1.83333 0.283992
1569 1.9 0.289073
1570 1.9 0.293022
1571 1.86667 0.294522
1572 1.86667 0.294522
1573 1.8 0.300956
1574 1.86667 0.290593
1575 1.86667 0.290593
1576 1.86667 0.290593
1577 1.9 0.296919
1578 1.9 0.289073
1579 1.9 0.289073
1580 1.9 0.281008
1581 1.83333 0.279915
1582 1.86667 0.270093
1583 1.83333 0.25857
1584 1.8 0.236837
1585 1.83333 0.249521
1586 1.9 0.255289
1587 1.86667 0.261443
1588 1.83333 0.283992
1589 1.86667 0.298399
1590 1.9 0.296919
1591 1.86667 0.302227
1592 1.83333 0.307318
1593 1.73333 0.283384
1594 1.7 0.284261
1595 1.73333 0.287411
1596 1.73333 0.287411
1597 1.66667 0.285002
1598 1.73333 0.299169
1599 1.86667 0.290593
1600 1.9 0.285069
1601 1.86667 0.286611
1602 1.9 0.285069
1603 1.86667 0.278474
1604 1.83333 0.271578
1605 1.93333 0.262321
1606 1.9 0.246119
1607 1.83333 0.244871
1608 1.86667 0.247903
1609 1.96667 0.242038
1610 1.96667 0.242038
1611 2.03333 0.246741
1612 1.96667 0.246741
1613 2.03333 0.242038
1614 1.9 0.22667
1615 1.93333 0.224547
1616 1.9 0.22667
1617 1.9 0.22667
1618 1.9 0.22667
1619 1.9 0.22667
1620 1.86667 0.23358
1621 1.83333 0.230359
1622 1.8 0.216556
1623 1.83333 0.235296
1624 1.8 0.236837
1625 1.8 0.231933
1626 1.8 0.231933
1627 1.8 0.231933
1628 1.8 0.231933
1629 1.8 0.231933
1630 1.8 0.231933
1631 1.8 0.231933
1632 1.8 0.231933
1633 1.73333 0.234562
1634 1.73333 0.234562
1635 1.66667 0.231603
1636 1.8 0.231933
1637 1.83333 0.254085
1638 1.83333 0.244871
1639 1.86667 0.247903
1640 1.93333 0.244166
1641 1.96667 0.246741
1642 1.93333 0.239412
1643 1.9 0.246119
1644 1.9 0.246119
1645 1.83333 0.240131
1646 1.83333 0.240131
1647 1.8 0.236837
1648 1.83333 0.235296
1649 1.83333 0.235296
1650 1.83333 0.220153
1651 1.86667 0.218318
1652 1.86667 0.218318
1653 1.86667 0.218318
1654 1.96667 0.206132
1655 1.93333 0.203042
1656 1.93333 0.203042
1657 1.93333 0.203042
1658 1.96667 0.194661
1659 1.96667 0.194661
1660 2 0.197688
1661 2 0.197688
1662 2 0.197688
1663 1.96667 0.194661
1664 1.96667 0.194661
1665 1.96667 0.216998
1666 2 0.219718
1667 2 0.219718
1668 2.03333 0.227345
1669 2.06667 0.239412
1670 2.1 0.246119
1671 2.1 0.246119
1672 2.13333 0.247903
1673 2.13333 0.247903
1674 2.06667 0.244166
1675 2.1 0.231685
1676 2.2 0.236837
1677 2.16667 0.235296
1678 2.2 0.236837
1679 2.23333 0.238209
1680 2.23333 0.238209
1681 2.26667 0.248829
1682 2.26667 0.248829
1683 2.23333 0.256785
1684 2.16667 0.267312
1685 2.16667 0.267312
1686 2.13333 0.257009
1687 2.16667 0.25857
1688 2.3 0.254387
1689 2.3 0.254387
1690 2.3 0.254387
1691 2.26667 0.257902
1692 2.33333 0.255214
1693 2.3 0.258866
1694 2.3 0.258866
1695 2.3 0.258866
1696 2.36667 0.269027
1697 2.36667 0.269027
1698 2.33333 0.259679
1699 2.36667 0.260342
1700 2.4 0.260856
1701 2.3 0.263269
1702 2.2 0.259973
1703 2.16667 0.267312
1704 2.2 0.277095
1705 2.23333 0.282368
1706 2.2 0.281212
1707 2.2 0.281212
1708 2.1 0.276887
1709 2.16667 0.267312
1710 2.13333 0.274316
1711 2.16667 0.283992
1712 2.16667 0.275778
1713 2.16667 0.275778
1714 2.13333 0.274316
1715 2.16667 0.275778
1716 2.16667 0.283992
1717 2.16667 0.291974
1718 2.13333 0.286611
1719 2.1 0.289073
1720 2.06667 0.295302
1721 2.1 0.289073
1722 2.1 0.285069
1723 2.1 0.285069
1724 2.06667 0.279299
1725 2.06667 0.279299
1726 2.06667 0.279299
1727 2.1 0.276887
1728 2.06667 0.279299
1729 2.1 0.272705
1730 2.06667 0.279299
1731 2.03333 0.285606
1732 2.06667 0.283384
1733 2.1 0.289073
1734 2.1 0.289073
1735 2.16667 0.279915
1736 2.2 0.277095
1737 2.16667 0.279915
1738 2.16667 0.262977
1739 2.23333 0.252269
1740 2.23333 0.256785
1741 2.23333 0.26988
1742 2.26667 0.291383
1743 2.26667 0.291383
1744 2.26667 0.291383
1745 2.3 0.284261
1746 2.3 0.284261
1747 2.3 0.284261
1748 2.26667 0.283384
1749 2.3 0.296144
1750 2.3 0.296144
1751 2.3 0.280189
1752 2.26667 0.262321
1753 2.26667 0.262321
1754 2.23333 0.265587
1755 2.23333 0.265587
1756 2.2 0.272915
1757 2.16667 0.267312
1758 2.13333 0.274316
1759 2.16667 0.271578
1760 2.2 0.277095
1761 2.16667 0.279915
1762 2.16667 0.275778
1763 2.16667 0.271578
1764 2.1 0.281008
1765 2.1 0.268457
1766 2.13333 0.282572
1767 2.2 0.277095
1768 2.2 0.277095
1769 2.2 0.277095
1770 2.1 0.276887
1771 2.1 0.281008
1772 2.1 0.281008
1773 2 0.287678
1774 1.96667 0.293545
1775 2 0.295561
1776 2.03333 0.289603
1777 2.1 0.276887
1778 2.06667 0.270943
1779 2.03333 0.260342
1780 2.06667 0.257902
1781 2.06667 0.270943
1782 2.1 0.26414
1783 2.06667 0.266667
1784 2.1 0.259752
1785 2.1 0.259752
1786 2.1 0.259752
1787 2.03333 0.255889
1788 2.06667 0.262321
1789 2.1 0.26414
1790 2.13333 0.265803
1791 2.1 0.272705
1792 2.1 0.281008
1793 2.1 0.281008
1794 2.06667 0.275152
1795 2 0.258199
1796 2 0.258199
1797 2.06667 0.257902
1798 2.06667 0.257902
1799 2.1 0.259752
1800 2 0.234888
1801 2.03333 0.232346
1802 1.96667 0.246741
1803 1.9 0.236595
1804 1.86667 0.23845
1805 1.83333 0.244871
1806 1.9 0.255289
1807 1.86667 0.261443
1808 1.83333 0.254085
1809 1.86667 0.261443
1810 1.83333 0.244871
1811 1.83333 0.230359
1812 1.8 0.236837
1813 1.83333 0.249521
1814 1.83333 0.249521
1815 1.83333 0.249521
1816 1.83333 0.25857
1817 1.83333 0.25857
1818 1.8 0.255514
1819 1.83333 0.249521
1820 1.86667 0.261443
1821 1.8 0.264358
1822 1.8 0.272915
1823 1.8 0.272915
1824 1.8 0.272915
1825 1.8 0.272915
1826 1.8 0.264358
1827 1.83333 0.262977
1828 1.9 0.259752
1829 1.9 0.268457
1830 1.86667 0.257009
1831 1.83333 0.254085
1832 1.8 0.259973
1833 1.8 0.259973
1834 1.83333 0.262977
1835 1.86667 0.261443
1836 1.86667 0.261443
1837 1.9 0.268457
1838 1.86667 0.270093
1839 1.9 0.285069
1840 1.96667 0.260342
1841 1.93333 0.248829
1842 1.93333 0.248829
1843 1.96667 0.242038
1844 1.93333 0.239412
1845 1.9 0.241404
1846 1.93333 0.244166
1847 1.93333 0.244166
1848 1.9 0.259752
1849 1.83333 0.271578
1850 1.83333 0.279915
1851 1.86667 0.274316
1852 1.9 0.272705
1853 1.86667 0.261443
1854 1.86667 0.265803
1855 1.9 0.26414
1856 1.9 0.26414
1857 1.9 0.259752
1858 1.9 0.259752
1859 1.9 0.259752
1860 1.9 0.259752
1861 1.9 0.259752
1862 1.93333 0.262321
1863 1.93333 0.253406
1864 1.9 0.255289
1865 1.9 0.272705
1866 1.93333 0.283384
1867 1.93333 0.279299
1868 1.96667 0.289603
1869 1.96667 0.289603
1870 1.96667 0.285606
1871 1.96667 0.285606
1872 2 0.303239
1873 1.93333 0.306757
1874 1.86667 0.302227
1875 1.86667 0.302227
1876 1.86667 0.302227
1877 1.86667 0.302227
1878 1.86667 0.302227
1879 1.86667 0.302227
1880 1.9 0.308314
1881 1.9 0.315682
1882 1.93333 0.299169
1883 1.9 0.31202
1884 1.96667 0.305066
1885 1.96667 0.305066
1886 2 0.299425
1887 1.93333 0.299169
1888 1.93333 0.299169
1889 1.93333 0.287411
1890 1.9 0.276887
1891 1.9 0.276887
1892 1.86667 0.274316
1893 1.96667 0.316167
1894 1.96667 0.323356
1895 2 0.349055
1896 2 0.349055
1897 2 0.335624
1898 2.03333 0.330389
1899 2.03333 0.301274
1900 1.9 0.289073
1901 1.93333 0.291383
1902 1.86667 0.290593
1903 1.9 0.293022
1904 1.93333 0.302986
1905 1.93333 0.302986
1906 1.93333 0.302986
1907 1.93333 0.302986
1908 1.93333 0.299169
1909 1.9 0.304563
1910 1.93333 0.314161
1911 1.93333 0.314161
1912 1.96667 0.319782
1913 1.96667 0.319782
1914 2.03333 0.316167
1915 2.13333 0.324244
1916 2.13333 0.324244
1917 2.16667 0.33247
1918 2.16667 0.33247
1919 2.2 0.330099
1920 2.13333 0.324244
1921 2.23333 0.324067
1922 2.23333 0.324067
1923 2.26667 0.324952
1924 2.2 0.312204
1925 2.16667 0.31471
1926 2.13333 0.294522
1927 2.13333 0.298399
1928 2.13333 0.298399
1929 2.1 0.319302
1930 2.1 0.319302
1931 2.16667 0.318341
1932 2.13333 0.324244
1933 2.1 0.315682
1934 2.06667 0.317799
1935 2.06667 0.317799
1936 2.06667 0.317799
1937 2.1 0.315682
1938 2.1 0.315682
1939 2.1 0.322882
1940 2.1 0.322882
1941 2.06667 0.310481
1942 2.03333 0.308811
1943 2.06667 0.310481
1944 2.03333 0.308811
1945 2.13333 0.313429
1946 2.13333 0.32777
1947 2.13333 0.32777
1948 2.13333 0.320679
1949 2.1 0.304563
1950 2.1 0.31202
1951 2.1 0.31202
1952 2.13333 0.306006
1953 2.13333 0.306006
1954 2.1 0.281008
1955 2.13333 0.294522
1956 2.2 0.293218
1957 2.2 0.297113
1958 2.13333 0.286611
1959 2.23333 0.274106
1960 2.26667 0.275152
1961 2.3 0.276056
1962 2.23333 0.28641
1963 2.26667 0.283384
1964 2.3 0.288277
1965 2.26667 0.279299
1966 2.33333 0.28094
1967 2.3 0.284261
1968 2.3 0.280189
1969 2.26667 0.266667
1970 2.26667 0.266667
1971 2.33333 0.272634
1972 2.36667 0.260342
1973 2.4 0.269525
1974 2.36667 0.26472
1975 2.36667 0.26472
1976 2.36667 0.260342
1977 2.3 0.254387
1978 2.33333 0.241325
1979 2.3 0.245183
1980 2.26667 0.239412
1981 2.23333 0.242986
1982 2.2 0.241642
1983 2.26667 0.248829
1984 2.23333 0.247671
1985 2.26667 0.244166
1986 2.26667 0.253406
1987 2.23333 0.242986
1988 2.26667 0.248829
1989 2.23333 0.242986
1990 2.2 0.246353
1991 2.16667 0.25857
1992 2.2 0.255514
1993 2.2 0.268671
1994 2.2 0.264358
1995 2.23333 0.265587
1996 2.23333 0.265587
1997 2.2 0.259973
1998 2.23333 0.265587
1999 2.3 0.27186
2000 2.3 0.27186
2001 2.26667 0.279299
2002 2.33333 0.289007
2003 2.33333 0.289007
2004 2.33333 0.289007
2005 2.3 0.292237
2006 2.33333 0.300702
2007 2.33333 0.300702
2008 2.3 0.296144
2009 2.3 0.280189
2010 2.3 0.276056
2011 2.33333 0.28094
2012 2.33333 0.28094
2013 2.33333 0.28094
2014 0.333333 0.187747
2015 0.333333 0.187747
2016 0.333333 0.187747
