0 0 0
1 11.5667 0.61342
2 15.8667 0.414489
3 15.8667 0.481218
4 13.5667 0.558494
5 11.6333 0.501683
6 9.56667 0.528897
7 8.36667 0.490093
8 7.66667 0.494413
9 6.83333 0.426381
10 5.86667 0.43611
11 5.2 0.410774
12 4.6 0.370151
13 4.3 0.352821
14 4 0.321634
15 3.73333 0.310481
16 3.36667 0.319782
17 3.06667 0.306757
18 2.83333 0.262977
19 2.46667 0.265803
20 2.1 0.255289
21 1.86667 0.223521
22 1.73333 0.219369
23 1.53333 0.218318
24 1.33333 0.193773
25 1.16667 0.192284
26 1.13333 0.177682
27 1.06667 0.185282
28 1 0.179399
29 1 0.179399
30 0.833333 0.173426
31 0.8 0.168836
32 0.7 0.160101
33 0.666667 0.161411
34 0.6 0.140606
35 0.533333 0.124414
36 0.433333 0.114303
37 0.4 0.102833
38 0.4 0.102833
39 0.4 0.102833
40 0.366667 0.101521
41 0.333333 0.0998082
42 0.266667 0.0950902
43 0.266667 0.0950902
44 0.233333 0.0785403
45 0.2 0.0742781
46 0.2 0.0742781
47 0.166667 0.0692046
48 0.166667 0.0692046
49 0.166667 0.0692046
50 0.133333 0.0631243
51 0.1 0.0557086
52 0.0666667 0.0463206
53 0.0666667 0.0463206
54 0.0666667 0.0463206
55 0.0666667 0.0463206
56 0.0666667 0.0463206
57 0.0666667 0.0463206
58 0.1 0.0557086
59 0.0666667 0.0463206
60 0.0666667 0.0463206
61 0.0666667 0.0463206
62 0.0666667 0.0463206
63 0.0666667 0.0463206
64 0.0666667 0.0463206
65 0.0666667 0.0463206
66 0.0666667 0.0463206
67 0.0666667 0.0463206
68 0.0666667 0.0463206
69 0.0666667 0.0463206
70 0.0333333 0.0333333
71 0.0333333 0.0333333
72 0.0333333 0.0333333
73 0.0333333 0.0333333
74 0.0333333 0.0333333
75 0.0333333 0.0333333
76 0.0333333 0.0333333
77 0.0333333 0.0333333
78 0.0333333 0.0333333
79 0.0333333 0.0333333
80 0 0
81 0 0
82 0 0
83 0 0
84 0 0
85 0 0
86 0 0
87 0 0
88 0 0
89 0 0
90 0 0
91 0 0
92 0 0
93 0 0
94 0 0
95 0 0
96 0 0
97 0 0
98 0 0
99 0 0
100 0 0
101 0 0
102 0 0
103 0 0
104 0 0
105 0 0
106 0 0
107 0 0
108 0 0
109 0 0
110 0 0
111 0 0
112 0 0
113 0 0
114 0 0
115 0 0
116 0 0
117 0 0
118 0 0
119 0 0
120 0 0
121 0 0
122 0 0
123 0 0
124 0 0
125 0 0
126 0 0
127 0 0
128 0 0
129 0 0
130 0 0
131 0 0
132 0 0
133 0 0
134 0 0
135 0 0
136 0 0
137 0 0
138 0 0
139 0 0
140 0 0
141 0 0
142 0 0
143 0 0
144 0 0
145 0.0333333 0.0333333
146 0 0
147 0 0
148 0 0
149 0 0
150 0 0
151 0 0
152 0 0
153 0 0
154 0 0
155 0 0
156 0 0
157 0 0
158 0 0
159 0 0
160 0 0
161 0 0
162 0 0
163 0 0
164 0 0
165 0 0
166 0 0
167 0 0
168 0 0
169 0 0
170 0 0
171 0 0
172 0 0
173 0 0
174 0 0
175 0 0
176 0 0
177 0 0
178 0 0
179 0 0
180 0 0
181 0 0
182 0 0
183 0 0
184 0 0
185 0 0
186 0 0
187 0 0
188 0 0
189 0 0
190 0 0
191 0 0
192 0 0
193 0 0
194 0 0
195 0 0
196 0 0
197 0 0
198 0 0
199 0 0
200 0 0
201 0 0
202 0 0
203 0 0
204 0 0
205 0 0
206 0 0
207 0 0
208 0 0
209 0 0
210 0 0
211 0 0
212 0 0
213 0 0
214 0 0
215 0 0
216 0 0
217 0 0
218 0 0
219 0 0
220 0 0
221 0 0
222 0 0
223 0 0
224 0 0
225 0 0
226 0 0
227 0 0
228 0 0
229 0 0
230 0 0
231 0 0
232 0 0
233 0 0
234 0 0
235 0 0
236 0 0
237 0 0
238 0 0
239 0 0
240 0 0
241 0 0
242 0 0
243 0 0
244 0 0
245 0 0
246 0 0
247 0 0
248 0 0
249 0.0333333 0.0333333
250 0.0333333 0.0333333
251 0.0333333 0.0333333
252 0.0333333 0.0333333
253 0.0333333 0.0333333
254 0.0333333 0.0333333
255 0.0333333 0.0333333
256 0.0333333 0.0333333
257 0.0333333 0.0333333
258 0.0333333 0.0333333
259 0.0333333 0.0333333
260 0.0333333 0.0333333
261 0.0333333 0.0333333
262 0.0333333 0.0333333
263 0.0333333 0.0333333
264 0.0333333 0.0333333
265 0.0333333 0.0333333
266 0.0333333 0.0333333
267 0.0333333 0.0333333
268 0.0333333 0.0333333
269 0.0333333 0.0333333
270 0.0333333 0.0333333
271 0.0333333 0.0333333
272 0.0333333 0.0333333
273 0.0333333 0.0333333
274 0.0333333 0.0333333
275 0.0333333 0.0333333
276 0 0
277 0 0
278 0 0
279 0 0
280 0 0
281 0 0
282 0 0
283 0 0
284 0 0
285 0 0
286 0 0
287 0 0
288 0 0
289 0 0
290 0 0
291 0 0
292 0 0
293 0 0
294 0 0
295 0 0
296 0 0
297 0 0
298 0 0
299 0 0
300 0 0
301 0 0
302 0 0
303 0 0
304 0 0
305 0 0
306 0 0
307 0 0
308 0 0
309 0 0
310 0 0
311 0 0
312 0 0
313 0 0
314 0 0
315 0 0
316 0 0
317 0 0
318 0 0
319 0 0
320 0 0
321 0 0
322 0 0
323 0 0
324 0 0
325 0 0
326 0 0
327 0 0
328 0 0
329 0 0
330 0 0
331 0 0
332 0 0
333 0 0
334 0 0
335 0 0
336 0 0
337 0 0
338 0 0
339 0 0
340 0 0
341 0 0
342 0 0
343 0 0
344 0 0
345 0 0
346 0 0
347 0 0
348 0 0
349 0 0
350 0.0333333 0.0333333
351 0 0
352 0 0
353 0 0
354 0 0
355 0 0
356 0 0
357 0 0
358 0 0
359 0 0
360 0 0
361 0 0
362 0 0
363 0 0
364 0 0
365 0 0
366 0 0
367 0 0
368 0 0
369 0 0
370 0 0
371 0 0
372 0 0
373 0 0
374 0 0
375 0 0
376 0 0
377 0 0
378 0 0
379 0 0
380 0 0
381 0 0
382 0 0
383 0 0
384 0 0
385 0 0
386 0 0
387 0 0
388 0 0
389 0 0
390 0 0
391 0 0
392 0 0
393 0 0
394 0 0
395 0 0
396 0 0
397 0 0
398 0 0
399 0 0
400 0 0
401 0 0
402 0 0
403 0 0
404 0 0
405 0 0
406 0 0
407 0 0
408 0 0
409 0 0
410 0 0
411 0 0
412 0 0
413 0 0
414 0 0
415 0 0
416 0 0
417 0 0
418 0 0
419 0 0
420 0 0
421 0 0
422 0 0
423 0 0
424 0 0
425 0 0
426 0 0
427 0 0
428 0 0
429 0 0
430 0 0
431 0 0
432 0 0
433 0 0
434 0 0
435 0 0
436 0 0
437 0 0
438 0 0
439 0 0
440 0 0
441 0 0
442 0 0
443 0 0
444 0 0
445 0 0
446 0 0
447 0 0
448 0 0
449 0 0
450 0 0
451 0 0
452 0 0
453 0 0
454 0 0
455 0.0333333 0.0333333
456 0.0333333 0.0333333
457 0.0333333 0.0333333
458 0.0333333 0.0333333
459 0 0
460 0 0
461 0 0
462 0 0
463 0 0
464 0 0
465 0 0
466 0 0
467 0 0
468 0 0
469 0 0
470 0 0
471 0 0
472 0 0
473 0 0
474 0 0
475 0 0
476 0 0
477 0 0
478 0 0
479 0 0
480 0 0
481 0 0
482 0 0
483 0 0
484 0 0
485 0 0
486 0 0
487 0 0
488 0 0
489 0 0
490 0 0
491 0 0
492 0 0
493 0 0
494 0 0
495 0 0
496 0 0
497 0 0
498 0 0
499 0 0
500 0 0
501 0 0
502 0 0
503 0.0333333 0.0333333
504 0.0666667 0.0463206
505 0.1 0.0557086
506 0.166667 0.0692046
507 0.166667 0.0692046
508 0.1 0.0557086
509 0.1 0.0557086
510 0.233333 0.0785403
511 0.4 0.0909718
512 0.5 0.133477
513 0.566667 0.141286
514 0.566667 0.123952
515 0.6 0.140606
516 0.6 0.156102
517 0.566667 0.1492
518 0.733333 0.178971
519 0.733333 0.172429
520 0.7 0.167126
521 0.5 0.114971
522 0.5 0.114971
523 0.566667 0.141286
524 0.633333 0.139649
525 0.766667 0.1492
526 0.8 0.161885
527 0.8 0.181944
528 0.833333 0.198172
529 0.866667 0.19018
530 0.8 0.175512
531 0.8 0.154622
532 0.866667 0.164235
533 0.833333 0.166667
534 0.833333 0.192284
535 0.766667 0.195838
536 0.8 0.216556
537 0.766667 0.189878
538 0.766667 0.195838
539 0.8 0.194168
540 0.933333 0.208626
541 1 0.219718
542 0.866667 0.196131
543 0.866667 0.207521
544 0.833333 0.179932
545 0.9 0.199712
546 0.8 0.181944
547 0.8 0.175512
548 0.8 0.168836
549 0.833333 0.159621
550 0.766667 0.170754
551 0.733333 0.172429
552 0.766667 0.170754
553 0.766667 0.170754
554 0.766667 0.163885
555 0.8 0.168836
556 0.8 0.161885
557 0.766667 0.141286
558 0.8 0.147001
559 0.833333 0.179932
560 0.9 0.193872
561 0.9 0.168496
562 0.9 0.181627
563 1.03333 0.188663
564 0.966667 0.182469
565 1.06667 0.178971
566 1.2 0.168836
567 1.23333 0.195838
568 1.4 0.176817
569 1.36667 0.182469
570 1.3 0.180357
571 1.4 0.170193
572 1.4 0.189373
573 1.33333 0.181522
574 1.33333 0.187747
575 1.33333 0.216202
576 1.2 0.168836
577 1.16667 0.15225
578 1.06667 0.135046
579 1.03333 0.139649
580 1.03333 0.147651
581 1 0.143839
582 0.9 0.138547
583 0.966667 0.147651
584 0.966667 0.182469
585 1.03333 0.182469
586 1.16667 0.192284
587 1.1 0.168496
588 1.06667 0.172429
589 1.16667 0.209451
590 1.16667 0.18621
591 1.3 0.215225
592 1.16667 0.198172
593 1.26667 0.219369
594 1.3 0.220501
595 1.3 0.204265
596 1.3 0.215225
597 1.26667 0.219369
598 1.13333 0.19018
599 1.13333 0.207521
600 1 0.179399
601 1.06667 0.203042
602 1.06667 0.208626
603 1 0.179399
604 0.933333 0.165629
605 0.9 0.168496
606 0.833333 0.144503
607 0.933333 0.165629
608 0.966667 0.176057
609 1.06667 0.185282
610 1.1 0.193872
611 1.13333 0.184037
612 1.1 0.187849
613 1.06667 0.191385
614 1.13333 0.19018
615 0.833333 0.159621
616 0.8 0.161885
617 0.7 0.136878
618 0.666667 0.129839
619 0.666667 0.129839
620 0.7 0.128206
621 0.766667 0.123952
622 0.9 0.138547
623 0.8 0.138962
624 0.766667 0.141286
625 0.7 0.128206
626 0.6 0.123176
627 0.633333 0.122083
628 0.833333 0.136317
629 0.933333 0.143305
630 0.9 0.1109
631 0.9 0.138547
632 0.866667 0.141692
633 0.9 0.15425
634 0.933333 0.158537
635 1.06667 0.1973
636 1.13333 0.19018
637 1.13333 0.201907
638 1.2 0.188155
639 1.13333 0.19018
640 1.13333 0.19018
641 1.06667 0.185282
642 1.06667 0.158537
643 1.1 0.15425
644 1.06667 0.143305
645 1.13333 0.164235
646 1.2 0.181944
647 1.2 0.175512
648 1.16667 0.173426
649 1.13333 0.171091
650 1.2 0.175512
651 1.23333 0.177358
652 1.3 0.209817
653 1.26667 0.219369
654 1.3 0.220501
655 1.33333 0.210819
656 1.26667 0.178971
657 1.16667 0.159621
658 1.2 0.168836
659 1.13333 0.164235
660 1.1 0.15425
661 0.966667 0.162476
662 0.933333 0.165629
663 1.03333 0.182469
664 1 0.179399
665 1.06667 0.185282
666 1 0.179399
667 1 0.15902
668 1.03333 0.162476
669 1.1 0.16153
670 1.13333 0.177682
671 1.1 0.16153
672 1.2 0.168836
673 1.16667 0.166667
674 1.16667 0.173426
675 1.23333 0.177358
676 1.3 0.192682
677 1.2 0.2
678 1.16667 0.192284
679 1.16667 0.192284
680 1.06667 0.185282
681 1.1 0.193872
682 1.3 0.186622
683 1.3 0.145033
684 1.4 0.189373
685 1.5 0.207614
686 1.5 0.202001
687 1.46667 0.212988
688 1.33333 0.216202
689 1.2 0.205667
690 1.2 0.188155
691 1.23333 0.170754
692 1.26667 0.178971
693 1.23333 0.189878
694 1.26667 0.178971
695 1.13333 0.177682
696 1.1 0.193872
697 1.03333 0.194661
698 1.13333 0.212988
699 1.1 0.22667
700 1.23333 0.233333
701 1.23333 0.189878
702 1.2 0.194168
703 1.06667 0.185282
704 1 0.197688
705 1.1 0.199712
706 1.1 0.205387
707 0.966667 0.176057
708 0.933333 0.165629
709 0.833333 0.127607
710 0.8 0.130428
711 0.766667 0.123952
712 0.766667 0.123952
713 0.833333 0.136317
714 1 0.135613
715 1.06667 0.135046
716 1 0.126854
717 0.866667 0.133333
718 0.833333 0.136317
719 0.833333 0.144503
720 0.866667 0.141692
721 0.766667 0.132902
722 1 0.15162
723 1.13333 0.157081
724 1.03333 0.169403
725 1.2 0.154622
726 1.06667 0.158537
727 1 0.15162
728 1.03333 0.162476
729 1.13333 0.177682
730 1.06667 0.178971
731 0.966667 0.194661
732 1 0.179399
733 0.933333 0.158537
734 0.933333 0.143305
735 0.933333 0.151113
736 1.13333 0.177682
737 0.966667 0.169403
738 1.13333 0.201907
739 1.13333 0.19018
740 1.03333 0.162476
741 1.06667 0.151113
742 1.23333 0.163885
743 1.23333 0.177358
744 1.1 0.175185
745 1.2 0.194168
746 1.2 0.181944
747 1.26667 0.191385
748 1.23333 0.189878
749 1.26667 0.203042
750 1.4 0.247284
751 1.4 0.286075
752 1.56667 0.274106
753 1.5 0.274385
754 1.23333 0.189878
755 1.26667 0.185282
756 1.13333 0.177682
757 1.1 0.16153
758 1.26667 0.208626
759 1.33333 0.193773
760 1.4 0.217615
761 1.3 0.225654
762 1.33333 0.236514
763 1.3 0.225654
764 1.26667 0.1973
765 1.4 0.201146
766 1.36667 0.216998
767 1.4 0.206782
768 1.33333 0.210819
769 1.4 0.212267
770 1.4 0.232922
771 1.33333 0.226586
772 1.33333 0.226586
773 1.3 0.204265
774 1.26667 0.203042
775 1.2 0.194168
776 1.23333 0.177358
777 1.1 0.16153
778 1.1 0.146609
779 1.16667 0.15225
780 1.16667 0.166667
781 1.13333 0.177682
782 1.13333 0.177682
783 1.23333 0.183725
784 1.06667 0.158537
785 1.2 0.161885
786 1.06667 0.151113
787 1.06667 0.151113
788 1.1 0.181627
789 1.16667 0.179932
790 1.16667 0.159621
791 1 0.126854
792 1.1 0.129987
793 1.06667 0.126249
794 1.06667 0.126249
795 1 0.15162
796 0.966667 0.122083
797 1.03333 0.147651
798 1.1 0.146609
799 1.1 0.15425
800 1.2 0.161885
801 1.13333 0.184037
802 1.13333 0.201907
803 1.1 0.199712
804 1.2 0.2
805 1.16667 0.198172
806 1.26667 0.203042
807 1.3 0.215225
808 1.33333 0.221455
809 1.36667 0.200478
810 1.23333 0.189878
811 1.26667 0.185282
812 1.33333 0.210819
813 1.23333 0.207244
814 1.3 0.225654
815 1.33333 0.221455
816 1.43333 0.233333
817 1.46667 0.23358
818 1.36667 0.216998
819 1.36667 0.194661
820 1.43333 0.201622
821 1.43333 0.195838
822 1.4 0.183203
823 1.26667 0.165629
824 1.2 0.161885
825 1.26667 0.172429
826 1.23333 0.170754
827 1.2 0.175512
828 1.1 0.138547
829 1.06667 0.158537
830 1.1 0.16153
831 1 0.179399
832 0.9 0.129987
833 0.933333 0.135046
834 0.866667 0.124414
835 0.9 0.138547
836 1 0.143839
837 1 0.126854
838 1.03333 0.147651
839 0.966667 0.147651
840 1.06667 0.172429
841 1.1 0.175185
842 1.1 0.210909
843 0.966667 0.200478
844 0.9 0.216291
845 0.9 0.216291
846 0.9 0.205387
847 1 0.219718
848 1 0.208993
849 1.03333 0.211635
850 0.966667 0.211635
851 0.866667 0.207521
852 0.866667 0.184037
853 0.966667 0.194661
854 1.1 0.199712
855 1.1 0.199712
856 1.06667 0.172429
857 0.9 0.16153
858 0.8 0.121296
859 0.9 0.129987
860 0.933333 0.151113
861 0.866667 0.157081
862 0.866667 0.157081
863 0.9 0.187849
864 0.933333 0.178971
865 0.933333 0.185282
866 0.833333 0.192284
867 0.933333 0.224547
868 1.06667 0.219369
869 1.1 0.221541
870 1.1 0.22667
871 1.13333 0.207521
872 1.16667 0.214869
873 1.3 0.220501
874 1.36667 0.232346
875 1.3 0.235621
876 1.2 0.205667
877 1.23333 0.183725
878 1.23333 0.195838
879 1.23333 0.183725
880 1.26667 0.229609
881 1.33333 0.236514
882 1.3 0.225654
883 1.36667 0.216998
884 1.33333 0.210819
885 1.33333 0.236514
886 1.3 0.220501
887 1.3 0.198558
888 1.2 0.2
889 1.2 0.194168
890 1.33333 0.199616
891 1.3 0.192682
892 1.16667 0.192284
893 1.16667 0.159621
894 1.2 0.138962
895 1.16667 0.159621
896 1.26667 0.165629
897 1.23333 0.189878
898 1.4 0.217615
899 1.36667 0.232346
900 1.43333 0.238209
901 1.46667 0.23845
902 1.43333 0.233333
903 1.4 0.227934
904 1.56667 0.223264
905 1.66667 0.241325
906 1.66667 0.231603
907 1.63333 0.211635
908 1.7 0.220501
909 1.66667 0.210819
910 1.7 0.215225
911 1.73333 0.219369
912 1.7 0.209817
913 1.53333 0.212988
914 1.53333 0.177682
915 1.4 0.183203
916 1.36667 0.188663
917 1.46667 0.196131
918 1.56667 0.212718
919 1.5 0.213078
920 1.53333 0.201907
921 1.5 0.196229
922 1.53333 0.196131
923 1.6 0.189373
924 1.63333 0.188663
925 1.56667 0.207244
926 1.4 0.189373
927 1.43333 0.195838
928 1.43333 0.201622
929 1.33333 0.199616
930 1.46667 0.228606
931 1.3 0.180357
932 1.33333 0.187747
933 1.3 0.180357
934 1.23333 0.183725
935 1.33333 0.210819
936 1.33333 0.216202
937 1.33333 0.187747
938 1.23333 0.156714
939 1.13333 0.164235
940 1.16667 0.179932
941 1.23333 0.207244
942 1.13333 0.201907
943 1.13333 0.201907
944 1.06667 0.178971
945 1 0.185695
946 0.933333 0.143305
947 0.833333 0.136317
948 0.933333 0.158537
949 1.06667 0.214065
950 1.06667 0.224547
951 1.03333 0.222232
952 1.1 0.22667
953 1.1 0.241404
954 1.16667 0.244871
955 1.16667 0.235296
956 1.16667 0.220153
957 1.26667 0.203042
958 1.26667 0.214065
959 1.26667 0.219369
960 1.2 0.2
961 1.13333 0.196131
962 1.2 0.188155
963 1.26667 0.203042
964 1.26667 0.1973
965 1.33333 0.199616
966 1.3 0.180357
967 1.33333 0.168382
968 1.33333 0.161411
969 1.3 0.167126
970 1.3 0.192682
971 1.23333 0.183725
972 1.26667 0.178971
973 1.2 0.175512
974 1.06667 0.165629
975 1.06667 0.165629
976 1.1 0.187849
977 1.13333 0.207521
978 1.1 0.193872
979 1.2 0.2218
980 1.06667 0.185282
981 1.1 0.193872
982 1.06667 0.208626
983 1.1 0.210909
984 1.16667 0.225314
985 1.1 0.22667
986 1.06667 0.191385
987 1.03333 0.182469
988 1.1 0.175185
989 1.1 0.168496
990 1.1 0.16153
991 1.16667 0.173426
992 1.3 0.180357
993 1.23333 0.163885
994 1.23333 0.163885
995 1.23333 0.170754
996 1.33333 0.161411
997 1.36667 0.139649
998 1.26667 0.135046
999 1.23333 0.132902
1000 1.3 0.128206
1001 1.33333 0.110727
1002 1.33333 0.120662
1003 1.36667 0.13116
1004 1.4 0.140606
1005 1.43333 0.1492
1006 1.33333 0.138409
1007 1.3 0.136878
1008 1.2 0.121296
1009 1.1 0.120821
1010 1.03333 0.13116
1011 0.933333 0.135046
1012 0.933333 0.135046
1013 0.866667 0.133333
1014 0.866667 0.133333
1015 0.733333 0.126249
1016 0.7 0.128206
1017 0.7 0.128206
1018 0.666667 0.129839
1019 0.633333 0.13116
1020 0.666667 0.129839
1021 0.633333 0.13116
1022 0.533333 0.133333
1023 0.433333 0.123952
1024 0.4 0.123176
1025 0.4 0.123176
1026 0.366667 0.122083
1027 0.366667 0.122083
1028 0.366667 0.122083
1029 0.366667 0.122083
1030 0.366667 0.122083
1031 0.4 0.123176
1032 0.366667 0.112274
1033 0.333333 0.0998082
1034 0.3 0.0850963
1035 0.266667 0.0821176
1036 0.233333 0.0785403
1037 0.233333 0.0785403
1038 0.233333 0.0785403
1039 0.233333 0.0785403
1040 0.233333 0.0785403
1041 0.233333 0.0785403
1042 0.233333 0.0785403
1043 0.2 0.0742781
1044 0.2 0.0742781
1045 0.233333 0.0785403
1046 0.2 0.0742781
1047 0.166667 0.0692046
1048 0.166667 0.0692046
1049 0.166667 0.0692046
1050 0.166667 0.0692046
1051 0.166667 0.0692046
1052 0.133333 0.0631243
1053 0.133333 0.0631243
1054 0.133333 0.0631243
1055 0.133333 0.0631243
1056 0.133333 0.0631243
1057 0.133333 0.0631243
1058 0.133333 0.0631243
1059 0.133333 0.0631243
1060 0.133333 0.0631243
1061 0.133333 0.0631243
1062 0.133333 0.0631243
1063 0.133333 0.0631243
1064 0.1 0.0557086
1065 0.0666667 0.0463206
1066 0.1 0.0557086
1067 0.1 0.0557086
1068 0.1 0.0557086
1069 0.1 0.0557086
1070 0.1 0.0557086
1071 0.1 0.0557086
1072 0.1 0.0557086
1073 0.1 0.0557086
1074 0.1 0.0557086
1075 0.1 0.0557086
1076 0.1 0.0557086
1077 0.1 0.0557086
1078 0.0666667 0.0463206
1079 0.0666667 0.0463206
1080 0.0666667 0.0463206
1081 0.0666667 0.0463206
1082 0.0666667 0.0463206
1083 0.0666667 0.0463206
1084 0.0666667 0.0463206
1085 0.0666667 0.0463206
1086 0.0666667 0.0463206
1087 0.0666667 0.0463206
1088 0.0666667 0.0463206
1089 0.0666667 0.0463206
1090 0.0666667 0.0463206
1091 0.0666667 0.0463206
1092 0.0666667 0.0463206
1093 0.0666667 0.0463206
1094 0.0666667 0.0463206
1095 0.0666667 0.0463206
1096 0.0666667 0.0463206
1097 0.0666667 0.0463206
1098 0.0666667 0.0463206
1099 0.0666667 0.0463206
1100 0.0666667 0.0463206
1101 0.0666667 0.0463206
1102 0.0666667 0.0463206
1103 0.0666667 0.0463206
1104 0.0666667 0.0463206
1105 0.1 0.0735003
1106 0.1 0.0735003
1107 0.1 0.0735003
1108 0.1 0.0735003
1109 0.1 0.0735003
1110 0.1 0.0735003
1111 0.1 0.0735003
1112 0.1 0.0735003
1113 0.1 0.0735003
1114 0.0666667 0.0666667
1115 0.0666667 0.0666667
1116 0.0666667 0.0666667
1117 0.0666667 0.0666667
1118 0.0666667 0.0666667
1119 0.0333333 0.0333333
1120 0.0333333 0.0333333
1121 0.0333333 0.0333333
1122 0.0333333 0.0333333
1123 0.0333333 0.0333333
1124 0.0333333 0.0333333
1125 0.0333333 0.0333333
1126 0.0333333 0.0333333
1127 0.0333333 0.0333333
1128 0.0333333 0.0333333
1129 0.0333333 0.0333333
1130 0.0333333 0.0333333
1131 0.0333333 0.0333333
1132 0.0333333 0.0333333
1133 0.0333333 0.0333333
1134 0.0333333 0.0333333
1135 0.0333333 0.0333333
1136 0.0333333 0.0333333
1137 0.0333333 0.0333333
1138 0.0333333 0.0333333
1139 0.0333333 0.0333333
1140 0.0333333 0.0333333
1141 0 0
1142 0 0
1143 0 0
1144 0 0
1145 0 0
1146 0 0
1147 0 0
1148 0 0
1149 0 0
1150 0 0
1151 0 0
1152 0 0
1153 0 0
1154 0 0
1155 0 0
1156 0 0
1157 0 0
1158 0 0
1159 0 0
1160 0 0
1161 0 0
1162 0 0
1163 0 0
1164 0 0
1165 0 0
1166 0 0
1167 0 0
1168 0.0333333 0.0333333
1169 0.0333333 0.0333333
1170 0.0333333 0.0333333
1171 0.0333333 0.0333333
1172 0.0333333 0.0333333
1173 0.0333333 0.0333333
1174 0.0333333 0.0333333
1175 0.0333333 0.0333333
1176 0.0333333 0.0333333
1177 0.0333333 0.0333333
1178 0.0333333 0.0333333
1179 0.0333333 0.0333333
1180 0.0333333 0.0333333
1181 0.0333333 0.0333333
1182 0.0333333 0.0333333
1183 0.0333333 0.0333333
1184 0.0333333 0.0333333
1185 0 0
1186 0 0
1187 0 0
1188 0 0
1189 0 0
1190 0 0
1191 0 0
1192 0 0
1193 0 0
1194 0 0
1195 0 0
1196 0 0
1197 0 0
1198 0 0
1199 0 0
1200 0 0
1201 0 0
1202 0 0
1203 0 0
1204 0 0
1205 0 0
1206 0 0
1207 0 0
1208 0 0
1209 0.0333333 0.0333333
1210 0.0333333 0.0333333
1211 0 0
1212 0 0
1213 0 0
1214 0 0
1215 0 0
1216 0 0
1217 0 0
1218 0 0
1219 0 0
1220 0 0
1221 0 0
1222 0 0
1223 0 0
1224 0 0
1225 0 0
1226 0 0
1227 0 0
1228 0 0
1229 0 0
1230 0 0
1231 0 0
1232 0 0
1233 0 0
1234 0 0
1235 0 0
1236 0 0
1237 0 0
1238 0 0
1239 0 0
1240 0 0
1241 0 0
1242 0 0
1243 0.0333333 0.0333333
1244 0.0333333 0.0333333
1245 0.0333333 0.0333333
1246 0.0333333 0.0333333
1247 0.0333333 0.0333333
1248 0.0333333 0.0333333
1249 0.0333333 0.0333333
1250 0.0333333 0.0333333
1251 0.0333333 0.0333333
1252 0.0333333 0.0333333
1253 0.0333333 0.0333333
1254 0.0333333 0.0333333
1255 0.0333333 0.0333333
1256 0.0333333 0.0333333
1257 0.0333333 0.0333333
1258 0.0333333 0.0333333
1259 0.0333333 0.0333333
1260 0.0333333 0.0333333
1261 0.0333333 0.0333333
1262 0.0333333 0.0333333
1263 0.0333333 0.0333333
1264 0.0333333 0.0333333
1265 0.0333333 0.0333333
1266 0.0333333 0.0333333
1267 0.0333333 0.0333333
1268 0.0333333 0.0333333
1269 0.0333333 0.0333333
1270 0.0333333 0.0333333
1271 0.0333333 0.0333333
1272 0.0333333 0.0333333
1273 0 0
1274 0 0
1275 0 0
1276 0 0
1277 0 0
1278 0 0
1279 0 0
1280 0 0
1281 0 0
1282 0 0
1283 0 0
1284 0 0
1285 0 0
1286 0 0
1287 0 0
1288 0 0
1289 0 0
1290 0 0
1291 0 0
1292 0 0
1293 0 0
1294 0 0
1295 0 0
1296 0 0
1297 0 0
1298 0 0
1299 0 0
1300 0 0
1301 0 0
1302 0 0
1303 0 0
1304 0 0
1305 0 0
1306 0 0
1307 0 0
1308 0 0
1309 0 0
1310 0 0
1311 0 0
1312 0 0
1313 0 0
1314 0 0
1315 0 0
1316 0 0
1317 0 0
1318 0 0
1319 0 0
1320 0 0
1321 0 0
1322 0 0
1323 0 0
1324 0 0
1325 0 0
1326 0 0
1327 0 0
1328 0 0
1329 0 0
1330 0 0
1331 0 0
1332 0 0
1333 0 0
1334 0 0
1335 0 0
1336 0 0
1337 0 0
1338 0 0
1339 0 0
1340 0 0
1341 0 0
1342 0 0
1343 0 0
1344 0 0
1345 0 0
1346 0 0
1347 0 0
1348 0 0
1349 0 0
1350 0 0
1351 0 0
1352 0 0
1353 0 0
1354 0 0
1355 0 0
1356 0 0
1357 0 0
1358 0 0
1359 0 0
1360 0 0
1361 0 0
1362 0 0
1363 0 0
1364 0 0
1365 0 0
1366 0 0
1367 0 0
1368 0 0
1369 0 0
1370 0 0
1371 0 0
1372 0 0
1373 0 0
1374 0 0
1375 0 0
1376 0 0
1377 0 0
1378 0 0
1379 0 0
1380 0 0
1381 0 0
1382 0 0
1383 0 0
1384 0 0
1385 0 0
1386 0 0
1387 0 0
1388 0 0
1389 0 0
1390 0 0
1391 0 0
1392 0 0
1393 0 0
1394 0 0
1395 0.0333333 0.0333333
1396 0.0333333 0.0333333
1397 0.0333333 0.0333333
1398 0.0333333 0.0333333
1399 0.0333333 0.0333333
1400 0.0333333 0.0333333
1401 0.0333333 0.0333333
1402 0.0333333 0.0333333
1403 0.0333333 0.0333333
1404 0.0333333 0.0333333
1405 0.0333333 0.0333333
1406 0.0333333 0.0333333
1407 0.0333333 0.0333333
1408 0.0333333 0.0333333
1409 0.0333333 0.0333333
1410 0.0333333 0.0333333
1411 0.0333333 0.0333333
1412 0.0333333 0.0333333
1413 0.0333333 0.0333333
1414 0.0333333 0.0333333
1415 0.0333333 0.0333333
1416 0.0333333 0.0333333
1417 0.0333333 0.0333333
1418 0.0333333 0.0333333
1419 0.0333333 0.0333333
1420 0.0333333 0.0333333
1421 0.0333333 0.0333333
1422 0.0333333 0.0333333
1423 0.0333333 0.0333333
1424 0.0333333 0.0333333
1425 0 0
1426 0 0
1427 0 0
1428 0 0
1429 0 0
1430 0 0
1431 0 0
1432 0 0
1433 0 0
1434 0 0
1435 0 0
1436 0 0
1437 0 0
1438 0 0
1439 0 0
1440 0 0
1441 0 0
1442 0 0
1443 0 0
1444 0 0
1445 0 0
1446 0 0
1447 0 0
1448 0 0
1449 0 0
1450 0 0
1451 0 0
1452 0 0
1453 0 0
1454 0 0
1455 0 0
1456 0 0
1457 0 0
1458 0 0
1459 0 0
1460 0 0
1461 0 0
1462 0 0
1463 0 0
1464 0 0
1465 0 0
1466 0 0
1467 0 0
1468 0 0
1469 0 0
1470 0 0
1471 0 0
1472 0 0
1473 0 0
1474 0 0
1475 0 0
1476 0 0
1477 0 0
1478 0.0333333 0.0333333
1479 0 0
1480 0 0
1481 0 0
1482 0 0
1483 0 0
1484 0 0
1485 0 0
1486 0 0
1487 0.0333333 0.0333333
1488 0.0333333 0.0333333
1489 0 0
1490 0 0
1491 0 0
1492 0 0
1493 0 0
1494 0 0
1495 0 0
1496 0 0
1497 0 0
1498 0 0
1499 0 0
1500 0.0333333 0.0333333
1501 0.0333333 0.0333333
1502 0.0333333 0.0333333
1503 0.0333333 0.0333333
1504 0.0333333 0.0333333
1505 0.0333333 0.0333333
1506 0 0
1507 0 0
1508 0 0
1509 0 0
1510 0 0
1511 0.0333333 0.0333333
1512 0.0666667 0.0463206
1513 0.1 0.0557086
1514 0.1 0.0557086
1515 0.133333 0.0631243
1516 0.166667 0.0692046
1517 0.166667 0.0692046
1518 0.2 0.0742781
1519 0.266667 0.0950902
1520 0.366667 0.122083
1521 0.4 0.123176
1522 0.433333 0.123952
1523 0.433333 0.123952
1524 0.466667 0.124414
1525 0.5 0.124568
1526 0.566667 0.123952
1527 0.6 0.148556
1528 0.633333 0.147651
1529 0.6 0.148556
1530 0.6 0.148556
1531 0.6 0.132179
1532 0.6 0.140606
1533 0.7 0.160101
1534 0.766667 0.156714
1535 0.766667 0.1492
1536 0.8 0.154622
1537 0.9 0.16153
1538 0.9 0.168496
1539 0.833333 0.179932
1540 0.866667 0.201907
1541 0.966667 0.194661
1542 0.933333 0.185282
1543 0.9 0.181627
1544 0.866667 0.19018
1545 0.966667 0.188663
1546 1.03333 0.188663
1547 1 0.185695
1548 0.966667 0.182469
1549 0.933333 0.178971
1550 1 0.185695
1551 0.966667 0.194661
1552 0.9 0.210909
1553 1 0.234888
1554 1.13333 0.247903
1555 1 0.197688
1556 0.933333 0.185282
1557 0.933333 0.172429
1558 0.8 0.168836
1559 0.766667 0.170754
1560 0.733333 0.165629
1561 0.666667 0.154126
1562 0.733333 0.158537
1563 0.8 0.147001
1564 0.766667 0.141286
1565 0.766667 0.141286
1566 0.9 0.168496
1567 0.966667 0.176057
1568 1.2 0.205667
1569 1.26667 0.1973
1570 1.4 0.222834
1571 1.43333 0.233333
1572 1.46667 0.23845
1573 1.4 0.242591
1574 1.46667 0.228606
1575 1.56667 0.247671
1576 1.53333 0.23845
1577 1.46667 0.223521
1578 1.4 0.189373
1579 1.43333 0.195838
1580 1.53333 0.212988
1581 1.43333 0.212718
1582 1.5 0.223607
1583 1.4 0.232922
1584 1.46667 0.243222
1585 1.5 0.223607
1586 1.46667 0.223521
1587 1.46667 0.23358
1588 1.43333 0.223264
1589 1.33333 0.221455
1590 1.36667 0.216998
1591 1.23333 0.201622
1592 1.3 0.198558
1593 1.23333 0.170754
1594 1.26667 0.191385
1595 1.2 0.175512
1596 1.26667 0.208626
1597 1.4 0.217615
1598 1.33333 0.210819
1599 1.3 0.225654
1600 1.1 0.193872
1601 1.06667 0.185282
1602 1.1 0.181627
1603 1.1 0.193872
1604 1.16667 0.192284
1605 1.06667 0.185282
1606 1.1 0.187849
1607 1.13333 0.19018
1608 1.23333 0.212718
1609 1.16667 0.220153
1610 1.2 0.211182
1611 1.2 0.194168
1612 1.23333 0.195838
1613 1.33333 0.193773
1614 1.26667 0.214065
1615 1.26667 0.214065
1616 1.2 0.194168
1617 1.23333 0.201622
1618 1.3 0.215225
1619 1.3 0.192682
1620 1.23333 0.201622
1621 1.2 0.211182
1622 1.23333 0.228354
1623 1.16667 0.198172
1624 1.33333 0.221455
1625 1.3 0.230691
1626 1.26667 0.248829
1627 1.2 0.259973
1628 1.2 0.259973
1629 1.26667 0.208626
1630 1.26667 0.229609
1631 1.16667 0.209451
1632 1.16667 0.220153
1633 1.2 0.216556
1634 1.13333 0.212988
1635 1.1 0.210909
1636 1.33333 0.246041
1637 1.43333 0.207244
1638 1.4 0.212267
1639 1.33333 0.205294
1640 1.4 0.206782
1641 1.26667 0.203042
1642 1.4 0.237806
1643 1.3 0.209817
1644 1.4 0.217615
1645 1.36667 0.216998
1646 1.3 0.192682
1647 1.36667 0.200478
1648 1.36667 0.200478
1649 1.43333 0.212718
1650 1.26667 0.185282
1651 1.33333 0.205294
1652 1.33333 0.221455
1653 1.3 0.198558
1654 1.3 0.180357
1655 1.23333 0.189878
1656 1.16667 0.18621
1657 1.16667 0.18621
1658 1.16667 0.179932
1659 1.2 0.168836
1660 1.06667 0.143305
1661 1.1 0.138547
1662 1.1 0.146609
1663 1.13333 0.149584
1664 1.2 0.168836
1665 1.1 0.16153
1666 1.03333 0.155241
1667 1.13333 0.157081
1668 1.16667 0.159621
1669 1.26667 0.165629
1670 1.2 0.175512
1671 1.23333 0.195838
1672 1.26667 0.185282
1673 1.3 0.192682
1674 1.23333 0.183725
1675 1.2 0.168836
1676 1.13333 0.177682
1677 1.13333 0.201907
1678 1.1 0.193872
1679 1.06667 0.203042
1680 1.03333 0.194661
1681 1 0.191785
1682 0.933333 0.203042
1683 1.03333 0.211635
1684 1.03333 0.211635
1685 1.13333 0.218318
1686 1.16667 0.214869
1687 1.16667 0.225314
1688 1.2 0.2218
1689 1.1 0.210909
1690 1.13333 0.223521
1691 1.2 0.216556
1692 1.06667 0.178971
1693 1.1 0.193872
1694 1.1 0.193872
1695 1.16667 0.214869
1696 1.16667 0.209451
1697 1.06667 0.191385
1698 1.1 0.187849
1699 1.16667 0.225314
1700 1.13333 0.223521
1701 1 0.185695
1702 0.966667 0.176057
1703 1.16667 0.203889
1704 1.1 0.199712
1705 1.13333 0.212988
1706 1.16667 0.214869
1707 1 0.203419
1708 1.1 0.221541
1709 1.13333 0.212988
1710 1.2 0.211182
1711 1.26667 0.1973
1712 1.26667 0.1973
1713 1.13333 0.196131
1714 1.13333 0.184037
1715 1.06667 0.165629
1716 1.1 0.181627
1717 1.03333 0.162476
1718 1.03333 0.169403
1719 1.16667 0.173426
1720 1.2 0.175512
1721 1.3 0.198558
1722 1.33333 0.199616
1723 1.33333 0.216202
1724 1.23333 0.212718
1725 1.26667 0.214065
1726 1.26667 0.214065
1727 1.3 0.209817
1728 1.26667 0.214065
1729 1.33333 0.231603
1730 1.43333 0.238209
1731 1.4 0.242591
1732 1.46667 0.23358
1733 1.5 0.274385
1734 1.43333 0.278268
1735 1.46667 0.306006
1736 1.53333 0.30974
1737 1.46667 0.302227
1738 1.56667 0.316893
1739 1.53333 0.313429
1740 1.5 0.31349
1741 1.56667 0.302037
1742 1.53333 0.265803
1743 1.43333 0.223264
1744 1.4 0.222834
1745 1.4 0.232922
1746 1.4 0.237806
1747 1.5 0.243301
1748 1.4 0.227934
1749 1.33333 0.241325
1750 1.36667 0.222232
1751 1.16667 0.220153
1752 1.26667 0.219369
1753 1.23333 0.201622
1754 1.3 0.209817
1755 1.4 0.212267
1756 1.3 0.198558
1757 1.36667 0.206132
1758 1.2 0.216556
1759 1.26667 0.224547
1760 1.2 0.188155
1761 1.2 0.2
1762 1.33333 0.193773
1763 1.43333 0.207244
1764 1.36667 0.200478
1765 1.33333 0.216202
1766 1.33333 0.216202
1767 1.16667 0.203889
1768 1.16667 0.209451
1769 1.13333 0.196131
1770 1.2 0.188155
1771 1.16667 0.179932
1772 1.23333 0.183725
1773 1.2 0.188155
1774 1.3 0.215225
1775 1.26667 0.214065
1776 1.26667 0.203042
1777 1.16667 0.18621
1778 1.13333 0.177682
1779 1.23333 0.189878
1780 1.33333 0.175075
1781 1.36667 0.182469
1782 1.26667 0.172429
1783 1.26667 0.172429
1784 1.2 0.175512
1785 1.3 0.180357
1786 1.23333 0.163885
1787 1.13333 0.171091
1788 1.3 0.204265
1789 1.36667 0.211635
1790 1.4 0.212267
1791 1.43333 0.207244
1792 1.46667 0.207521
1793 1.6 0.232922
1794 1.66667 0.255214
1795 1.83333 0.291974
1796 1.8 0.293218
1797 1.73333 0.299169
1798 1.6 0.265226
1799 1.63333 0.26472
1800 1.7 0.263269
1801 1.73333 0.253406
1802 1.73333 0.234562
1803 1.8 0.281212
1804 1.9 0.285069
1805 1.93333 0.287411
1806 1.9 0.281008
1807 1.93333 0.275152
1808 1.73333 0.229609
1809 1.76667 0.242986
1810 1.8 0.264358
1811 1.7 0.235621
1812 1.66667 0.231603
1813 1.5 0.223607
1814 1.46667 0.218318
1815 1.56667 0.228354
1816 1.36667 0.194661
1817 1.33333 0.199616
1818 1.33333 0.216202
1819 1.4 0.212267
1820 1.5 0.213078
1821 1.46667 0.228606
1822 1.53333 0.218318
1823 1.6 0.206782
1824 1.63333 0.211635
1825 1.5 0.207614
1826 1.43333 0.228354
1827 1.46667 0.23845
1828 1.43333 0.233333
1829 1.36667 0.211635
1830 1.46667 0.223521
1831 1.46667 0.207521
1832 1.46667 0.212988
1833 1.3 0.225654
1834 1.23333 0.223264
1835 1.2 0.226923
1836 1.1 0.210909
1837 1.13333 0.223521
1838 1.03333 0.211635
1839 1.03333 0.216998
1840 1.06667 0.214065
1841 1.16667 0.225314
1842 1.26667 0.234562
1843 1.2 0.2218
1844 1.13333 0.207521
1845 1.1 0.210909
1846 1.06667 0.203042
1847 1.06667 0.219369
1848 1.1 0.216291
1849 1.23333 0.233333
1850 1.2 0.216556
1851 1.2 0.211182
1852 1.26667 0.208626
1853 1.33333 0.226586
1854 1.3 0.225654
1855 1.33333 0.216202
1856 1.33333 0.226586
1857 1.46667 0.223521
1858 1.53333 0.247903
1859 1.53333 0.257009
1860 1.43333 0.233333
1861 1.3 0.215225
1862 1.4 0.227934
1863 1.53333 0.23845
1864 1.5 0.233662
1865 1.53333 0.23358
1866 1.6 0.222834
1867 1.6 0.212267
1868 1.53333 0.212988
1869 1.56667 0.242986
1870 1.46667 0.23845
1871 1.36667 0.211635
1872 1.33333 0.199616
1873 1.26667 0.1973
1874 1.26667 0.219369
1875 1.16667 0.209451
1876 1.16667 0.214869
1877 1.26667 0.229609
1878 1.33333 0.226586
1879 1.3 0.235621
1880 1.23333 0.247671
1881 1.36667 0.260342
1882 1.4 0.269525
1883 1.2 0.281212
1884 1.13333 0.23358
1885 1.1 0.231685
1886 1.13333 0.23358
1887 1.13333 0.228606
1888 1.3 0.276056
1889 1.33333 0.28094
1890 1.6 0.294001
1891 1.4 0.269525
1892 1.46667 0.265803
1893 1.36667 0.246741
1894 1.13333 0.196131
1895 1.13333 0.177682
1896 1.2 0.168836
1897 1.16667 0.179932
1898 1.1 0.175185
1899 1.1 0.175185
1900 1.1 0.181627
1901 0.966667 0.169403
1902 0.933333 0.172429
1903 1 0.172873
1904 1.1 0.210909
1905 1.03333 0.182469
1906 1.06667 0.185282
1907 1.06667 0.191385
1908 1 0.185695
1909 0.933333 0.178971
1910 1 0.191785
1911 0.966667 0.169403
1912 1 0.179399
1913 1.06667 0.191385
1914 1.03333 0.169403
1915 1.16667 0.18621
1916 1.13333 0.19018
1917 1.06667 0.178971
1918 1.13333 0.177682
1919 1.1 0.168496
1920 1.2 0.168836
1921 1.26667 0.172429
1922 1.16667 0.159621
1923 1.13333 0.171091
1924 1.23333 0.207244
1925 1.33333 0.221455
1926 1.36667 0.206132
1927 1.33333 0.193773
1928 1.33333 0.199616
1929 1.36667 0.200478
1930 1.43333 0.228354
1931 1.4 0.247284
1932 1.43333 0.265587
1933 1.36667 0.246741
1934 1.3 0.24045
1935 1.2 0.236837
1936 1.16667 0.230359
1937 1.16667 0.214869
1938 1.2 0.231933
1939 1.2 0.241642
1940 1.26667 0.262321
1941 1.36667 0.269027
1942 1.36667 0.26472
1943 1.4 0.232922
1944 1.33333 0.210819
1945 1.33333 0.199616
1946 1.36667 0.206132
1947 1.3 0.192682
1948 1.43333 0.189878
1949 1.46667 0.212988
1950 1.43333 0.207244
1951 1.4 0.201146
1952 1.3 0.209817
1953 1.4 0.247284
1954 1.43333 0.228354
1955 1.56667 0.223264
1956 1.56667 0.228354
1957 1.46667 0.243222
1958 1.36667 0.246741
1959 1.3 0.258866
1960 1.33333 0.25067
1961 1.26667 0.203042
1962 1.13333 0.207521
1963 1.03333 0.200478
1964 1.03333 0.200478
1965 1.06667 0.203042
1966 1.13333 0.201907
1967 1.2 0.194168
1968 1.23333 0.212718
1969 1.1 0.216291
1970 1.2 0.226923
1971 1.36667 0.237241
1972 1.33333 0.216202
1973 1.16667 0.192284
1974 1.13333 0.196131
1975 1.1 0.210909
1976 1 0.197688
1977 1 0.197688
1978 1.13333 0.207521
1979 1.03333 0.176057
1980 1.06667 0.1973
1981 1.13333 0.196131
1982 1.23333 0.223264
1983 1.1 0.181627
1984 1.1 0.199712
1985 0.966667 0.147651
1986 1.03333 0.139649
1987 1.1 0.16153
1988 1.16667 0.173426
1989 1.13333 0.184037
1990 1.2 0.181944
1991 1.33333 0.205294
1992 1.43333 0.223264
1993 1.3 0.220501
1994 1.33333 0.226586
1995 1.5 0.223607
1996 1.5 0.207614
1997 1.5 0.213078
1998 1.43333 0.228354
1999 1.43333 0.228354
2000 1.36667 0.216998
2001 1.33333 0.216202
2002 1.36667 0.188663
2003 1.43333 0.183725
2004 1.3 0.173867
2005 1.16667 0.166667
2006 1.16667 0.18621
2007 1.2 0.194168
2008 1.06667 0.203042
2009 1.23333 0.218055
2010 1.16667 0.220153
2011 1.16667 0.198172
2012 1.3 0.225654
2013 1.23333 0.223264
2014 0.133333 0.0792687
2015 0.166667 0.084191
2016 0.166667 0.084191
