0 0 0
1 0.05 0.05
2 0.3 0.105131
3 0.4 0.133771
4 0.55 0.135239
5 0.8 0.11698
6 0.95 0.135239
7 1.1 0.14327
8 1.25 0.190221
9 1.3 0.193309
10 1.45 0.2112
11 1.45 0.223312
12 1.6 0.275299
13 1.7 0.272416
14 1.75 0.306723
15 1.9 0.347169
16 1.95 0.343932
17 1.95 0.343932
18 1.95 0.343932
19 2 0.340279
20 2.15 0.399177
21 2.15 0.35744
22 2.15 0.35744
23 2.3 0.348682
24 2.3 0.356149
25 2.35 0.35744
26 2.35 0.35744
27 2.4 0.393366
28 2.7 0.398021
29 2.9 0.422399
30 2.85 0.424729
31 3 0.435286
32 3.05 0.444114
33 3 0.429198
34 3.1 0.458258
35 3.3 0.470722
36 3.2 0.46226
37 3.25 0.469462
38 3.3 0.481773
39 3.35 0.471699
40 3.3 0.481773
41 3.3 0.476279
42 3.35 0.477245
43 3.45 0.461548
44 3.4 0.466792
45 3.4 0.477934
46 3.45 0.478347
47 3.4 0.483409
48 3.45 0.478347
49 3.45 0.478347
50 3.6 0.520121
51 3.6 0.504715
52 3.65 0.498814
53 3.7 0.487205
54 3.8 0.479034
55 4 0.464531
56 4 0.486664
57 4 0.486664
58 4 0.497361
59 4.05 0.483817
60 4 0.470162
61 3.95 0.461548
62 4 0.481227
63 4.05 0.520501
64 4.05 0.520501
65 4 0.512989
66 4.05 0.505106
67 4.15 0.504062
68 4.15 0.504062
69 4.05 0.478347
70 4.1 0.496832
71 4.15 0.509256
72 4.1 0.496832
73 4.15 0.509256
74 4.1 0.517585
75 4.05 0.505106
76 3.9 0.463965
77 3.85 0.482728
78 3.85 0.488149
79 3.85 0.460406
80 3.9 0.469602
81 3.9 0.469602
82 3.9 0.469602
83 4 0.486664
84 4.15 0.509256
85 4 0.518094
86 4.1 0.507315
87 4.15 0.509256
88 4.15 0.509256
89 4.15 0.509256
90 4.2 0.516058
91 4.15 0.509256
92 4.15 0.488149
93 4.15 0.488149
94 4.15 0.488149
95 4.1 0.475173
96 4.05 0.483817
97 4 0.481227
98 4 0.481227
99 4 0.481227
100 4.15 0.509256
101 4.15 0.509256
102 4.2 0.521132
103 4.2 0.521132
104 4.2 0.521132
105 4.25 0.537416
106 4.25 0.537416
107 4.4 0.544832
108 4.45 0.540346
109 4.5 0.540468
110 4.6 0.544832
111 4.6 0.544832
112 4.6 0.544832
113 4.55 0.559488
114 4.55 0.559488
115 4.55 0.55
116 4.6 0.559135
117 4.55 0.525532
118 4.5 0.53064
119 4.5 0.53064
120 4.45 0.525532
121 4.45 0.525532
122 4.45 0.525532
123 4.45 0.520501
124 4.5 0.505236
125 4.45 0.499868
126 4.5 0.505236
127 4.5 0.510418
128 4.55 0.510289
129 4.5 0.505236
130 4.4 0.499473
131 4.45 0.489226
132 4.5 0.494709
133 4.5 0.48936
134 4.5 0.505236
135 4.55 0.51542
136 4.55 0.51542
137 4.55 0.535454
138 4.4 0.525157
139 4.35 0.52453
140 4.3 0.523651
141 4.35 0.519489
142 4.35 0.466087
143 4.3 0.45364
144 4.3 0.470722
145 4.35 0.477245
146 4.4 0.477934
147 4.4 0.477934
148 4.4 0.466792
149 4.45 0.467215
150 4.45 0.467215
151 4.55 0.489226
152 4.45 0.467215
153 4.45 0.461548
154 4.5 0.478484
155 4.5 0.46169
156 4.45 0.478347
157 4.45 0.478347
158 4.45 0.478347
159 4.5 0.48936
160 4.6 0.488822
161 4.45 0.483817
162 4.45 0.483817
163 4.55 0.499868
164 4.6 0.509902
165 4.6 0.509902
166 4.65 0.509256
167 4.6 0.494177
168 4.65 0.509256
169 4.7 0.492576
170 4.7 0.492576
171 4.75 0.522519
172 4.8 0.510933
173 4.8 0.516058
174 4.8 0.495241
175 4.9 0.502101
176 4.95 0.505106
177 4.9 0.502101
178 4.9 0.486123
179 4.95 0.494576
180 4.95 0.499868
181 4.95 0.499868
182 4.9 0.507315
183 4.8 0.495241
184 4.75 0.50197
185 4.8 0.473509
186 4.8 0.473509
187 4.85 0.460406
188 4.8 0.467918
189 4.8 0.473509
190 4.85 0.471699
191 4.85 0.471699
192 4.9 0.502101
193 4.85 0.493511
194 4.8 0.516058
195 4.7 0.503148
196 4.6 0.504715
197 4.55 0.489226
198 4.55 0.499868
199 4.55 0.499868
200 4.55 0.499868
201 4.65 0.514398
202 4.65 0.52453
203 4.65 0.52453
204 4.65 0.504062
205 4.6 0.488822
206 4.65 0.477245
207 4.75 0.480542
208 4.75 0.475035
209 4.6 0.466792
210 4.6 0.466792
211 4.65 0.482728
212 4.65 0.482728
213 4.75 0.475035
214 4.7 0.481773
215 4.7 0.476279
216 4.75 0.480542
217 4.75 0.480542
218 4.75 0.480542
219 4.75 0.475035
220 4.7 0.465098
221 4.7 0.476279
222 4.7 0.476279
223 4.6 0.46112
224 4.6 0.437697
225 4.7 0.470722
226 4.85 0.504062
227 4.95 0.520501
228 4.9 0.512476
229 4.9 0.512476
230 4.9 0.512476
231 4.95 0.51542
232 4.95 0.525532
233 5 0.528155
234 4.95 0.530516
235 4.9 0.537538
236 4.65 0.514398
237 4.7 0.503148
238 4.7 0.503148
239 4.6 0.504715
240 4.6 0.504715
241 4.6 0.504715
242 4.6 0.504715
243 4.6 0.494177
244 4.65 0.498814
245 4.65 0.498814
246 4.7 0.487205
247 4.7 0.487205
248 4.7 0.487205
249 4.55 0.478347
250 4.55 0.478347
251 4.6 0.488822
252 4.65 0.482728
253 4.7 0.492576
254 4.7 0.492576
255 4.75 0.50197
256 4.75 0.50197
257 4.8 0.505756
258 4.8 0.505756
259 4.85 0.509256
260 4.8 0.500526
261 4.75 0.4967
262 4.75 0.480542
263 4.65 0.466087
264 4.6 0.455377
265 4.55 0.444114
266 4.55 0.472814
267 4.55 0.45
268 4.55 0.45
269 4.6 0.46112
270 4.65 0.466087
271 4.45 0.467215
272 4.45 0.467215
273 4.45 0.467215
274 4.45 0.467215
275 4.5 0.472953
276 4.55 0.483817
277 4.6 0.477934
278 4.55 0.483817
279 4.55 0.483817
280 4.6 0.483409
281 4.6 0.472396
282 4.6 0.472396
283 4.5 0.46169
284 4.5 0.46169
285 4.5 0.46169
286 4.5 0.467355
287 4.55 0.472814
288 4.4 0.46112
289 4.4 0.472396
290 4.4 0.472396
291 4.55 0.483817
292 4.55 0.483817
293 4.45 0.478347
294 4.35 0.471699
295 4.3 0.508351
296 4.4 0.515037
297 4.3 0.503148
298 4.2 0.484496
299 4.2 0.484496
300 4.15 0.471699
301 4.2 0.479034
302 4.4 0.472396
303 4.4 0.472396
304 4.4 0.488822
305 4.4 0.483409
306 4.3 0.465098
307 4.3 0.465098
308 4.2 0.484496
309 4.3 0.49789
310 4.3 0.492576
311 4.3 0.459405
312 4.2 0.432861
313 4.2 0.407818
314 4.2 0.407818
315 4.25 0.422243
316 4.35 0.448829
317 4.45 0.444114
318 4.4 0.477934
319 4.4 0.477934
320 4.4 0.477934
321 4.5 0.510418
322 4.45 0.525532
323 4.45 0.520501
324 4.5 0.53064
325 4.45 0.545194
326 4.5 0.535576
327 4.45 0.535454
328 4.5 0.515548
329 4.5 0.515548
330 4.6 0.504715
331 4.6 0.504715
332 4.6 0.504715
333 4.65 0.488149
334 4.75 0.458114
335 4.8 0.46226
336 4.75 0.458114
337 4.7 0.459405
338 4.85 0.454654
339 4.9 0.469602
340 4.9 0.458258
341 4.95 0.45581
342 5 0.458831
343 5 0.458831
344 5.1 0.486123
345 5.1 0.486123
346 5.1 0.486123
347 5 0.458831
348 5.05 0.472814
349 5.05 0.461548
350 5 0.45306
351 5.05 0.461548
352 5 0.464531
353 4.95 0.478347
354 4.95 0.478347
355 5 0.481227
356 4.95 0.499868
357 4.9 0.502101
358 4.95 0.483817
359 4.9 0.469602
360 4.9 0.491507
361 4.85 0.488149
362 4.95 0.478347
363 4.95 0.478347
364 5 0.497361
365 5.05 0.494576
366 4.95 0.472814
367 4.9 0.491507
368 4.8 0.489898
369 4.75 0.475035
370 4.75 0.475035
371 4.75 0.475035
372 4.9 0.491507
373 4.9 0.486123
374 4.9 0.486123
375 4.9 0.463965
376 4.9 0.463965
377 4.9 0.463965
378 4.95 0.478347
379 4.9 0.469602
380 5 0.481227
381 5 0.475727
382 4.9 0.463965
383 4.75 0.42843
384 4.75 0.458114
385 4.8 0.444854
386 4.8 0.444854
387 4.8 0.444854
388 4.75 0.434529
389 4.75 0.434529
390 4.8 0.426738
391 4.8 0.438898
392 4.85 0.43088
393 4.85 0.43088
394 4.9 0.428584
395 5 0.44129
396 5.1 0.458258
397 5.05 0.45
398 5 0.44129
399 5 0.44129
400 4.95 0.4321
401 4.95 0.4321
402 5 0.44129
403 5.05 0.425966
404 5.05 0.438148
405 5.05 0.438148
406 5 0.45306
407 4.9 0.446625
408 4.75 0.409589
409 4.95 0.419743
410 4.95 0.407011
411 5.05 0.425966
412 4.95 0.419743
413 4.85 0.424729
414 4.65 0.436945
415 4.6 0.437697
416 4.55 0.444114
417 4.7 0.487205
418 4.65 0.488149
419 4.75 0.485988
420 4.75 0.507185
421 4.8 0.489898
422 4.75 0.475035
423 4.75 0.469462
424 4.8 0.456532
425 4.85 0.454654
426 4.85 0.454654
427 4.9 0.469602
428 4.75 0.491373
429 4.75 0.4967
430 4.9 0.491507
431 4.85 0.477245
432 4.9 0.480679
433 4.95 0.467215
434 4.85 0.442927
435 4.85 0.442927
436 4.85 0.448829
437 4.8 0.438898
438 4.9 0.463965
439 4.85 0.454654
440 4.85 0.454654
441 4.75 0.458114
442 4.8 0.467918
443 4.8 0.467918
444 4.8 0.467918
445 4.8 0.484496
446 4.85 0.477245
447 4.85 0.460406
448 4.8 0.473509
449 4.8 0.473509
450 4.8 0.473509
451 4.8 0.484496
452 4.8 0.484496
453 4.75 0.480542
454 4.75 0.480542
455 4.75 0.480542
456 4.75 0.480542
457 4.8 0.467918
458 4.8 0.484496
459 4.7 0.481773
460 4.75 0.469462
461 4.8 0.473509
462 4.9 0.486123
463 4.9 0.486123
464 4.95 0.489226
465 5 0.497361
466 4.95 0.494576
467 4.95 0.499868
468 5 0.481227
469 5.05 0.489226
470 5 0.475727
471 5 0.458831
472 5.05 0.444114
473 5.05 0.444114
474 5 0.45306
475 4.95 0.444114
476 4.95 0.467215
477 4.8 0.479034
478 4.8 0.479034
479 4.85 0.488149
480 4.7 0.481773
481 4.65 0.466087
482 4.7 0.45364
483 4.65 0.460406
484 4.65 0.477245
485 4.7 0.465098
486 4.75 0.480542
487 4.75 0.469462
488 4.7 0.481773
489 4.7 0.481773
490 4.7 0.481773
491 4.65 0.471699
492 4.65 0.471699
493 4.65 0.498814
494 4.6 0.494177
495 4.6 0.488822
496 4.65 0.504062
497 4.6 0.494177
498 4.75 0.4967
499 4.7 0.492576
500 4.8 0.521132
501 4.75 0.50197
502 4.8 0.505756
503 4.7 0.503148
504 4.65 0.498814
505 4.65 0.488149
506 4.6 0.46112
507 4.55 0.45581
508 4.6 0.466792
509 4.6 0.466792
510 4.45 0.4321
511 4.45 0.4321
512 4.5 0.438298
513 4.55 0.444114
514 4.55 0.4321
515 4.55 0.4321
516 4.65 0.460406
517 4.7 0.459405
518 4.7 0.441886
519 4.7 0.441886
520 4.65 0.436945
521 4.75 0.446477
522 4.7 0.441886
523 4.65 0.43088
524 4.65 0.43088
525 4.7 0.423643
526 4.6 0.412948
527 4.55 0.38027
528 4.6 0.419273
529 4.55 0.419743
530 4.6 0.425503
531 4.6 0.425503
532 4.55 0.4321
533 4.55 0.467215
534 4.6 0.466792
535 4.6 0.46112
536 4.6 0.449561
537 4.75 0.4967
538 4.75 0.4967
539 4.7 0.476279
540 4.65 0.477245
541 4.7 0.476279
542 4.65 0.482728
543 4.6 0.488822
544 4.5 0.478484
545 4.55 0.472814
546 4.6 0.466792
547 4.55 0.438148
548 4.55 0.438148
549 4.55 0.438148
550 4.65 0.471699
551 4.6 0.477934
552 4.7 0.470722
553 4.6 0.455377
554 4.65 0.454654
555 4.6 0.437697
556 4.55 0.425966
557 4.6 0.437697
558 4.7 0.465098
559 4.55 0.472814
560 4.6 0.455377
561 4.5 0.432252
562 4.45 0.419743
563 4.45 0.425966
564 4.5 0.4199
565 4.4 0.412948
566 4.45 0.425966
567 4.45 0.425966
568 4.5 0.432252
569 4.45 0.407011
570 4.5 0.4199
571 4.5 0.4199
572 4.45 0.413426
573 4.45 0.400493
574 4.55 0.366168
575 4.55 0.38027
576 4.45 0.407011
577 4.4 0.393366
578 4.4 0.4
579 4.45 0.387128
580 4.5 0.380443
581 4.4 0.386618
582 4.4 0.386618
583 4.35 0.385766
584 4.45 0.400493
585 4.45 0.400493
586 4.45 0.400493
587 4.4 0.406526
588 4.45 0.38027
589 4.4 0.386618
590 4.4 0.386618
591 4.25 0.409589
592 4.35 0.399177
593 4.35 0.392529
594 4.3 0.391354
595 4.3 0.391354
596 4.35 0.392529
597 4.3 0.377666
598 4.3 0.377666
599 4.3 0.398021
600 4.25 0.389838
601 4.35 0.385766
602 4.45 0.358909
603 4.5 0.366348
604 4.5 0.336389
605 4.45 0.328273
606 4.45 0.351501
607 4.5 0.344124
608 4.5 0.366348
609 4.5 0.359092
610 4.3 0.333246
611 4.35 0.35
612 4.35 0.35
613 4.3 0.356149
614 4.3 0.363463
615 4.15 0.371873
616 4.2 0.359825
617 4.35 0.326666
618 4.35 0.334625
619 4.3 0.333246
620 4.3 0.317059
621 4.35 0.364728
622 4.35 0.364728
623 4.35 0.364728
624 4.3 0.377666
625 4.4 0.379751
626 4.55 0.38027
627 4.55 0.373286
628 4.6 0.372756
629 4.6 0.372756
630 4.55 0.358909
631 4.55 0.366168
632 4.5 0.351688
633 4.5 0.336389
634 4.55 0.351501
635 4.5 0.344124
636 4.55 0.328273
637 4.5 0.336389
638 4.55 0.343932
639 4.6 0.335606
640 4.6 0.335606
641 4.5 0.351688
642 4.6 0.343358
643 4.65 0.334625
644 4.7 0.348682
645 4.7 0.348682
646 4.65 0.334625
647 4.7 0.348682
648 4.7 0.348682
649 4.65 0.35744
650 4.65 0.35744
651 4.7 0.348682
652 4.7 0.348682
653 4.75 0.354483
654 4.65 0.35744
655 4.7 0.363463
656 4.7 0.363463
657 4.65 0.378883
658 4.6 0.386618
659 4.5 0.387298
660 4.45 0.393867
661 4.5 0.387298
662 4.5 0.394034
663 4.55 0.358909
664 4.55 0.373286
665 4.55 0.373286
666 4.5 0.380443
667 4.5 0.394034
668 4.5 0.394034
669 4.75 0.389838
670 4.7 0.391354
671 4.75 0.396531
672 4.75 0.396531
673 4.7 0.384571
674 4.6 0.372756
675 4.65 0.385766
676 4.75 0.403113
677 4.8 0.394702
678 4.75 0.415964
679 4.75 0.422243
680 4.75 0.409589
681 4.7 0.398021
682 4.7 0.398021
683 4.7 0.398021
684 4.65 0.412151
685 4.75 0.415964
686 4.8 0.401314
687 4.75 0.396531
688 4.65 0.405716
689 4.45 0.400493
690 4.55 0.407011
691 4.5 0.413585
692 4.55 0.425966
693 4.6 0.412948
694 4.6 0.412948
695 4.55 0.413426
696 4.55 0.413426
697 4.6 0.425503
698 4.6 0.425503
699 4.65 0.442927
700 4.5 0.426121
701 4.55 0.4321
702 4.55 0.4321
703 4.65 0.418487
704 4.65 0.418487
705 4.8 0.438898
706 4.75 0.434529
707 4.7 0.42981
708 4.75 0.434529
709 4.85 0.436945
710 4.85 0.436945
711 4.9 0.440693
712 4.9 0.434681
713 4.85 0.418487
714 4.85 0.418487
715 4.8 0.414221
716 4.85 0.412151
717 4.9 0.416122
718 4.9 0.416122
719 4.95 0.4321
720 4.8 0.414221
721 4.8 0.407818
722 4.85 0.405716
723 4.9 0.40975
724 4.95 0.419743
725 5.1 0.422399
726 5.1 0.440693
727 5.05 0.425966
728 5.05 0.425966
729 5.15 0.448829
730 5.15 0.412151
731 5.15 0.412151
732 5.15 0.412151
733 5.15 0.412151
734 5.15 0.412151
735 5.15 0.385766
736 5.15 0.399177
737 5.15 0.399177
738 5.2 0.387977
739 5.2 0.387977
740 5.15 0.378883
741 5.15 0.378883
742 5.2 0.394702
743 5.25 0.389838
744 5.25 0.409589
745 5.3 0.398021
746 5.3 0.398021
747 5.25 0.415964
748 5.25 0.415964
749 5.3 0.398021
750 5.3 0.398021
751 5.25 0.396531
752 5.35 0.405716
753 5.4 0.419273
754 5.35 0.424729
755 5.35 0.424729
756 5.35 0.424729
757 5.35 0.424729
758 5.35 0.442927
759 5.25 0.434529
760 5.3 0.441886
761 5.2 0.438898
762 5.2 0.438898
763 5.25 0.463823
764 5.2 0.467918
765 5 0.486664
766 5 0.492042
767 5 0.497361
768 5.05 0.472814
769 5 0.475727
770 5 0.481227
771 4.95 0.494576
772 4.9 0.496832
773 4.8 0.505756
774 4.8 0.505756
775 4.95 0.489226
776 4.9 0.512476
777 4.9 0.512476
778 4.95 0.510289
779 4.95 0.525532
780 5.1 0.517585
781 5.25 0.485988
782 5.3 0.481773
783 5.3 0.481773
784 5.25 0.463823
785 5.25 0.446477
786 5.25 0.440544
787 5.2 0.467918
788 5.15 0.436945
789 5.05 0.407011
790 5.15 0.418487
791 5.1 0.416122
792 5.05 0.425966
793 4.95 0.444114
794 4.9 0.428584
795 4.95 0.438148
796 4.95 0.438148
797 4.95 0.425966
798 4.95 0.425966
799 4.85 0.424729
800 4.8 0.426738
801 4.85 0.43088
802 4.9 0.440693
803 4.8 0.426738
804 4.8 0.426738
805 4.85 0.43088
806 4.9 0.416122
807 4.95 0.4321
808 5.05 0.419743
809 5 0.435286
810 4.95 0.407011
811 4.9 0.416122
812 4.95 0.419743
813 5.1 0.428584
814 5.1 0.428584
815 5 0.447214
816 5 0.447214
817 5.1 0.422399
818 5.1 0.422399
819 5.15 0.412151
820 5.2 0.401314
821 5.15 0.399177
822 5.1 0.403276
823 5 0.429198
824 4.95 0.45581
825 5 0.435286
826 5.05 0.438148
827 5 0.447214
828 5.05 0.461548
829 5.1 0.452479
830 5 0.423022
831 5.1 0.440693
832 5.1 0.469602
833 5.05 0.478347
834 5.1 0.463965
835 5 0.44129
836 5.05 0.478347
837 5.05 0.461548
838 5.05 0.461548
839 5 0.447214
840 5.05 0.45
841 5 0.458831
842 5.05 0.4321
843 5.1 0.446625
844 5.1 0.446625
845 5.1 0.480679
846 5.15 0.460406
847 5.1 0.458258
848 5.1 0.458258
849 5.15 0.460406
850 5.1 0.469602
851 5.1 0.469602
852 5.05 0.461548
853 5 0.481227
854 4.95 0.467215
855 4.85 0.448829
856 5.05 0.467215
857 5.1 0.486123
858 5.1 0.486123
859 5.1 0.486123
860 5.25 0.522519
861 5.2 0.516058
862 5.2 0.516058
863 5.25 0.522519
864 5.2 0.526158
865 5.2 0.531136
866 5.2 0.531136
867 5.1 0.507315
868 5.05 0.520501
869 5 0.523148
870 5 0.518094
871 5 0.518094
872 5.05 0.499868
873 4.95 0.483817
874 4.9 0.475173
875 4.9 0.452479
876 4.95 0.413426
877 5 0.423022
878 4.95 0.419743
879 4.85 0.448829
880 4.8 0.46226
881 4.8 0.46226
882 4.85 0.460406
883 4.75 0.469462
884 4.7 0.42981
885 4.65 0.418487
886 4.6 0.406526
887 4.6 0.406526
888 4.6 0.419273
889 4.6 0.4
890 4.75 0.440544
891 4.75 0.458114
892 4.75 0.458114
893 4.75 0.458114
894 4.8 0.46226
895 4.75 0.452333
896 4.7 0.447802
897 4.7 0.42981
898 4.7 0.42981
899 4.75 0.409589
900 4.7 0.404579
901 4.75 0.409589
902 4.8 0.414221
903 4.75 0.415964
904 4.8 0.407818
905 4.8 0.387977
906 4.8 0.387977
907 4.75 0.383028
908 4.8 0.381134
909 4.8 0.359825
910 4.75 0.376095
911 4.7 0.370632
912 4.65 0.371873
913 4.7 0.398021
914 4.7 0.423643
915 4.85 0.43088
916 4.65 0.418487
917 4.6 0.406526
918 4.55 0.400493
919 4.55 0.38027
920 4.55 0.38027
921 4.55 0.373286
922 4.55 0.373286
923 4.6 0.379751
924 4.55 0.387128
925 4.55 0.387128
926 4.6 0.386618
927 4.65 0.405716
928 4.5 0.380443
929 4.5 0.366348
930 4.45 0.351501
931 4.5 0.359092
932 4.45 0.336194
933 4.45 0.336194
934 4.5 0.312039
935 4.5 0.312039
936 4.65 0.301531
937 4.7 0.3
938 4.7 0.3
939 4.85 0.342399
940 4.75 0.331464
941 4.65 0.318508
942 4.8 0.321182
943 4.8 0.312881
944 4.85 0.326666
945 4.8 0.329274
946 4.8 0.329274
947 4.8 0.321182
948 4.85 0.318508
949 4.8 0.304354
950 4.7 0.291096
951 4.55 0.26631
952 4.55 0.26631
953 4.65 0.292674
954 4.7 0.291096
955 4.85 0.301531
956 4.85 0.301531
957 4.8 0.295581
958 4.8 0.295581
959 4.85 0.318508
960 4.9 0.315394
961 4.85 0.310136
962 4.7 0.308647
963 4.7 0.308647
964 4.55 0.276015
965 4.6 0.284697
966 4.6 0.311195
967 4.6 0.311195
968 4.6 0.327671
969 4.65 0.326666
970 4.6 0.335606
971 4.55 0.336194
972 4.5 0.336389
973 4.55 0.328273
974 4.55 0.328273
975 4.4 0.30262
976 4.55 0.320156
977 4.55 0.303272
978 4.55 0.303272
979 4.6 0.327671
980 4.6 0.358359
981 4.6 0.379751
982 4.6 0.379751
983 4.65 0.371873
984 4.65 0.371873
985 4.6 0.379751
986 4.75 0.376095
987 4.85 0.378883
988 4.75 0.409589
989 4.7 0.404579
990 4.65 0.412151
991 4.7 0.404579
992 4.7 0.404579
993 4.7 0.404579
994 4.8 0.401314
995 4.9 0.3832
996 4.85 0.392529
997 4.8 0.401314
998 4.7 0.404579
999 4.6 0.406526
1000 4.65 0.405716
1001 4.7 0.404579
1002 4.7 0.404579
1003 4.7 0.404579
1004 4.65 0.405716
1005 4.7 0.411032
1006 4.75 0.409589
1007 4.75 0.409589
1008 4.65 0.399177
1009 4.8 0.387977
1010 4.8 0.367065
1011 4.7 0.363463
1012 4.75 0.354483
1013 4.6 0.372756
1014 4.65 0.385766
1015 4.65 0.371873
1016 4.6 0.372756
1017 4.55 0.366168
1018 4.6 0.386618
1019 4.55 0.407011
1020 4.5 0.407173
1021 4.6 0.379751
1022 4.6 0.379751
1023 4.55 0.387128
1024 4.55 0.387128
1025 4.55 0.387128
1026 4.5 0.394034
1027 4.5 0.394034
1028 4.55 0.400493
1029 4.5 0.400657
1030 4.55 0.393867
1031 4.5 0.387298
1032 4.5 0.400657
1033 4.55 0.413426
1034 4.6 0.406526
1035 4.6 0.406526
1036 4.5 0.4199
1037 4.5 0.438298
1038 4.55 0.407011
1039 4.55 0.400493
1040 4.5 0.407173
1041 4.5 0.407173
1042 4.4 0.419273
1043 4.5 0.432252
1044 4.4 0.425503
1045 4.5 0.380443
1046 4.5 0.380443
1047 4.5 0.380443
1048 4.45 0.387128
1049 4.55 0.407011
1050 4.6 0.4
1051 4.7 0.404579
1052 4.7 0.404579
1053 4.7 0.404579
1054 4.7 0.404579
1055 4.75 0.409589
1056 4.7 0.411032
1057 4.65 0.412151
1058 4.7 0.411032
1059 4.75 0.409589
1060 4.75 0.403113
1061 4.75 0.403113
1062 4.75 0.403113
1063 4.75 0.403113
1064 4.75 0.403113
1065 4.7 0.398021
1066 4.7 0.423643
1067 4.7 0.423643
1068 4.75 0.42843
1069 4.7 0.423643
1070 4.8 0.414221
1071 4.8 0.401314
1072 4.8 0.401314
1073 4.8 0.401314
1074 4.8 0.401314
1075 4.75 0.383028
1076 4.8 0.381134
1077 4.85 0.385766
1078 4.9 0.403276
1079 4.8 0.394702
1080 4.75 0.409589
1081 4.7 0.398021
1082 4.65 0.399177
1083 4.75 0.383028
1084 4.75 0.403113
1085 4.7 0.411032
1086 4.7 0.411032
1087 4.65 0.424729
1088 4.65 0.424729
1089 4.6 0.425503
1090 4.6 0.406526
1091 4.7 0.441886
1092 4.65 0.43088
1093 4.7 0.465098
1094 4.7 0.465098
1095 4.65 0.466087
1096 4.65 0.454654
1097 4.55 0.444114
1098 4.55 0.444114
1099 4.5 0.450146
1100 4.4 0.449561
1101 4.45 0.45581
1102 4.45 0.45581
1103 4.55 0.438148
1104 4.55 0.45
1105 4.55 0.45
1106 4.45 0.4321
1107 4.4 0.437697
1108 4.4 0.449561
1109 4.3 0.459405
1110 4.35 0.448829
1111 4.35 0.448829
1112 4.25 0.440544
1113 4.25 0.440544
1114 4.2 0.45073
1115 4.3 0.42981
1116 4.3 0.42981
1117 4.3 0.42981
1118 4.3 0.42981
1119 4.35 0.448829
1120 4.45 0.45
1121 4.5 0.467355
1122 4.4 0.455377
1123 4.35 0.454654
1124 4.3 0.45364
1125 4.25 0.434529
1126 4.3 0.441886
1127 4.3 0.465098
1128 4.25 0.469462
1129 4.1 0.475173
1130 4.15 0.442927
1131 4.1 0.428584
1132 4.1 0.428584
1133 4.1 0.428584
1134 4.05 0.407011
1135 4.1 0.403276
1136 4.15 0.385766
1137 4.2 0.394702
1138 4.3 0.42981
1139 4.2 0.420526
1140 4.05 0.4321
1141 4.1 0.452479
1142 4.1 0.469602
1143 4.1 0.469602
1144 4.15 0.466087
1145 4.15 0.466087
1146 4.1 0.491507
1147 4.1 0.491507
1148 4.25 0.485988
1149 4.3 0.487205
1150 4.2 0.479034
1151 4.35 0.471699
1152 4.45 0.467215
1153 4.4 0.449561
1154 4.35 0.448829
1155 4.25 0.475035
1156 4.2 0.467918
1157 4.15 0.471699
1158 4.1 0.458258
1159 4.15 0.482728
1160 4.15 0.482728
1161 4.1 0.475173
1162 4.15 0.482728
1163 4.1 0.491507
1164 4.15 0.477245
1165 4.15 0.477245
1166 4.05 0.461548
1167 4.1 0.458258
1168 4.15 0.466087
1169 4.25 0.458114
1170 4.2 0.456532
1171 4.25 0.463823
1172 4.25 0.463823
1173 4.2 0.456532
1174 4.05 0.444114
1175 4.05 0.45
1176 4 0.458831
1177 4 0.458831
1178 4.1 0.469602
1179 4.1 0.469602
1180 4.15 0.460406
1181 4.15 0.442927
1182 4.1 0.446625
1183 4.15 0.460406
1184 4.15 0.460406
1185 4.15 0.460406
1186 4.15 0.460406
1187 4.15 0.460406
1188 4.15 0.460406
1189 4.2 0.484496
1190 4.2 0.467918
1191 4.15 0.477245
1192 4.2 0.467918
1193 4.15 0.460406
1194 4.1 0.452479
1195 4.1 0.446625
1196 4.2 0.438898
1197 4.15 0.448829
1198 4.35 0.442927
1199 4.4 0.431643
1200 4.4 0.431643
1201 4.35 0.442927
1202 4.45 0.444114
1203 4.45 0.444114
1204 4.35 0.412151
1205 4.3 0.411032
1206 4.4 0.393366
1207 4.45 0.393867
1208 4.5 0.407173
1209 4.5 0.407173
1210 4.4 0.431643
1211 4.45 0.45
1212 4.45 0.45
1213 4.4 0.437697
1214 4.45 0.413426
1215 4.45 0.413426
1216 4.55 0.400493
1217 4.55 0.393867
1218 4.55 0.425966
1219 4.55 0.425966
1220 4.55 0.425966
1221 4.55 0.425966
1222 4.5 0.432252
1223 4.35 0.424729
1224 4.4 0.425503
1225 4.45 0.45
1226 4.45 0.45581
1227 4.4 0.437697
1228 4.45 0.4321
1229 4.5 0.438298
1230 4.55 0.438148
1231 4.55 0.438148
1232 4.45 0.425966
1233 4.45 0.425966
1234 4.45 0.425966
1235 4.45 0.419743
1236 4.45 0.419743
1237 4.45 0.419743
1238 4.45 0.419743
1239 4.5 0.426121
1240 4.55 0.407011
1241 4.55 0.407011
1242 4.6 0.393366
1243 4.55 0.387128
1244 4.6 0.4
1245 4.65 0.405716
1246 4.65 0.405716
1247 4.6 0.412948
1248 4.55 0.400493
1249 4.5 0.400657
1250 4.45 0.407011
1251 4.4 0.4
1252 4.4 0.4
1253 4.4 0.4
1254 4.35 0.392529
1255 4.45 0.407011
1256 4.45 0.407011
1257 4.35 0.392529
1258 4.35 0.392529
1259 4.25 0.376095
1260 4.2 0.359825
1261 4.25 0.36183
1262 4.35 0.371873
1263 4.4 0.372756
1264 4.35 0.371873
1265 4.5 0.394034
1266 4.6 0.437697
1267 4.6 0.437697
1268 4.7 0.459405
1269 4.7 0.459405
1270 4.65 0.448829
1271 4.6 0.431643
1272 4.55 0.419743
1273 4.55 0.419743
1274 4.5 0.400657
1275 4.5 0.400657
1276 4.45 0.419743
1277 4.35 0.392529
1278 4.35 0.405716
1279 4.4 0.419273
1280 4.4 0.431643
1281 4.4 0.431643
1282 4.45 0.425966
1283 4.45 0.461548
1284 4.4 0.449561
1285 4.35 0.454654
1286 4.3 0.459405
1287 4.25 0.458114
1288 4.3 0.447802
1289 4.4 0.431643
1290 4.4 0.412948
1291 4.3 0.411032
1292 4.2 0.407818
1293 4.25 0.446477
1294 4.15 0.399177
1295 4.15 0.399177
1296 4.1 0.396697
1297 4.2 0.394702
1298 4.2 0.401314
1299 4.1 0.428584
1300 4.1 0.428584
1301 4.15 0.405716
1302 4 0.39736
1303 4.05 0.413426
1304 4.05 0.400493
1305 4 0.39736
1306 4.1 0.396697
1307 4.15 0.392529
1308 4.2 0.374166
1309 4.2 0.374166
1310 4.15 0.378883
1311 4.15 0.392529
1312 4.15 0.418487
1313 4.15 0.418487
1314 4.2 0.432861
1315 4.15 0.436945
1316 4.2 0.484496
1317 4.25 0.458114
1318 4.25 0.458114
1319 4.2 0.45073
1320 4.25 0.434529
1321 4.2 0.420526
1322 4.35 0.418487
1323 4.35 0.418487
1324 4.35 0.418487
1325 4.4 0.406526
1326 4.4 0.406526
1327 4.35 0.418487
1328 4.35 0.418487
1329 4.3 0.42981
1330 4.2 0.401314
1331 4.15 0.392529
1332 4.15 0.392529
1333 4.2 0.401314
1334 4.2 0.401314
1335 4.15 0.418487
1336 4.15 0.418487
1337 4.2 0.426738
1338 4.2 0.407818
1339 4.2 0.407818
1340 4.2 0.407818
1341 4.25 0.396531
1342 4.4 0.419273
1343 4.35 0.418487
1344 4.3 0.42981
1345 4.25 0.434529
1346 4.3 0.423643
1347 4.4 0.412948
1348 4.5 0.426121
1349 4.45 0.4321
1350 4.45 0.45
1351 4.4 0.443669
1352 4.4 0.443669
1353 4.35 0.43088
1354 4.4 0.437697
1355 4.4 0.425503
1356 4.25 0.440544
1357 4.15 0.412151
1358 4.05 0.413426
1359 4 0.390681
1360 4 0.390681
1361 4.15 0.399177
1362 4.2 0.387977
1363 4.2 0.387977
1364 4.05 0.38027
1365 4.05 0.387128
1366 4.05 0.387128
1367 4 0.376969
1368 4 0.362738
1369 4 0.362738
1370 3.95 0.366168
1371 4.05 0.393867
1372 4.1 0.403276
1373 4 0.423022
1374 4 0.423022
1375 4.1 0.416122
1376 4.05 0.393867
1377 3.95 0.373286
1378 3.95 0.373286
1379 3.95 0.373286
1380 4 0.383886
1381 4 0.390681
1382 3.95 0.373286
1383 4 0.390681
1384 4.05 0.419743
1385 4.05 0.387128
1386 4.05 0.387128
1387 4.1 0.403276
1388 4.05 0.387128
1389 4 0.376969
1390 4 0.376969
1391 3.9 0.3832
1392 3.9 0.390007
1393 3.9 0.390007
1394 3.8 0.367065
1395 3.85 0.371873
1396 3.9 0.3832
1397 3.9 0.3832
1398 3.9 0.3832
1399 3.95 0.373286
1400 3.95 0.373286
1401 3.9 0.3832
1402 3.95 0.393867
1403 4 0.403928
1404 4.05 0.400493
1405 4.05 0.400493
1406 4 0.383886
1407 3.9 0.36921
1408 3.9 0.37627
1409 3.85 0.392529
1410 3.8 0.401314
1411 3.7 0.377666
1412 3.65 0.385766
1413 3.75 0.354483
1414 3.75 0.346979
1415 3.8 0.337171
1416 3.8 0.337171
1417 3.8 0.337171
1418 3.8 0.337171
1419 3.85 0.35
1420 3.75 0.376095
1421 3.65 0.364728
1422 3.85 0.405716
1423 3.8 0.387977
1424 3.8 0.394702
1425 3.8 0.394702
1426 3.75 0.409589
1427 3.7 0.398021
1428 3.7 0.391354
1429 3.75 0.376095
1430 3.8 0.387977
1431 3.65 0.364728
1432 3.75 0.383028
1433 3.7 0.411032
1434 3.7 0.411032
1435 3.65 0.399177
1436 3.65 0.399177
1437 3.6 0.393366
1438 3.7 0.398021
1439 3.65 0.418487
1440 3.75 0.42843
1441 3.65 0.43088
1442 3.65 0.43088
1443 3.75 0.42843
1444 3.75 0.42843
1445 3.65 0.412151
1446 3.65 0.412151
1447 3.6 0.4
1448 3.55 0.38027
1449 3.5 0.366348
1450 3.5 0.366348
1451 3.55 0.366168
1452 3.55 0.358909
1453 3.7 0.377666
1454 3.75 0.376095
1455 3.8 0.381134
1456 3.8 0.381134
1457 3.65 0.405716
1458 3.55 0.413426
1459 3.6 0.419273
1460 3.7 0.423643
1461 3.75 0.434529
1462 3.8 0.420526
1463 3.8 0.432861
1464 3.85 0.436945
1465 3.85 0.436945
1466 3.85 0.442927
1467 3.8 0.420526
1468 3.7 0.42981
1469 3.7 0.42981
1470 3.85 0.418487
1471 3.8 0.426738
1472 3.8 0.426738
1473 3.8 0.426738
1474 3.8 0.426738
1475 3.7 0.42981
1476 3.6 0.419273
1477 3.7 0.43589
1478 3.7 0.43589
1479 3.7 0.43589
1480 3.6 0.419273
1481 3.55 0.407011
1482 3.5 0.400657
1483 3.5 0.407173
1484 3.5 0.394034
1485 3.55 0.38027
1486 3.6 0.365629
1487 3.65 0.371873
1488 3.55 0.366168
1489 3.6 0.365629
1490 3.6 0.393366
1491 3.75 0.403113
1492 3.75 0.403113
1493 3.75 0.403113
1494 3.7 0.398021
1495 3.6 0.393366
1496 3.65 0.392529
1497 3.65 0.412151
1498 3.7 0.404579
1499 3.65 0.378883
1500 3.7 0.384571
1501 3.75 0.369031
1502 3.8 0.367065
1503 3.75 0.376095
1504 3.7 0.377666
1505 3.65 0.418487
1506 3.65 0.418487
1507 3.75 0.415964
1508 3.8 0.407818
1509 3.8 0.426738
1510 3.75 0.415964
1511 3.85 0.412151
1512 3.85 0.412151
1513 3.75 0.415964
1514 3.8 0.420526
1515 3.8 0.420526
1516 3.8 0.414221
1517 3.9 0.403276
1518 3.9 0.403276
1519 3.85 0.378883
1520 3.85 0.378883
1521 3.95 0.400493
1522 3.95 0.419743
1523 4 0.39736
1524 4.05 0.387128
1525 4.05 0.38027
1526 4 0.390681
1527 4 0.390681
1528 4 0.410391
1529 4 0.410391
1530 4 0.410391
1531 4 0.410391
1532 3.95 0.407011
1533 4 0.390681
1534 4 0.39736
1535 4.05 0.400493
1536 3.95 0.407011
1537 3.9 0.396697
1538 3.95 0.400493
1539 3.85 0.405716
1540 3.85 0.418487
1541 3.9 0.40975
1542 3.95 0.407011
1543 4 0.410391
1544 3.95 0.425966
1545 4 0.423022
1546 4.05 0.419743
1547 4.1 0.428584
1548 4 0.458831
1549 4.05 0.444114
1550 4.1 0.428584
1551 4.15 0.424729
1552 4.15 0.424729
1553 4.15 0.424729
1554 4.15 0.442927
1555 4.25 0.463823
1556 4.25 0.440544
1557 4.4 0.46112
1558 4.35 0.466087
1559 4.35 0.460406
1560 4.3 0.459405
1561 4.3 0.470722
1562 4.3 0.470722
1563 4.15 0.448829
1564 4.1 0.446625
1565 4.05 0.461548
1566 4.05 0.483817
1567 4.2 0.505756
1568 4.15 0.498814
1569 4.15 0.498814
1570 4.15 0.509256
1571 4.2 0.500526
1572 4.05 0.483817
1573 4 0.492042
1574 4.05 0.478347
1575 4.05 0.472814
1576 4 0.470162
1577 3.95 0.467215
1578 4.05 0.45
1579 4.05 0.444114
1580 4.05 0.444114
1581 4 0.423022
1582 4.1 0.422399
1583 4.15 0.424729
1584 4.15 0.454654
1585 4.15 0.454654
1586 4.15 0.442927
1587 4.15 0.442927
1588 4.1 0.434681
1589 4.15 0.436945
1590 4.15 0.436945
1591 4.1 0.452479
1592 4.15 0.448829
1593 4.1 0.434681
1594 4.05 0.425966
1595 4 0.410391
1596 4 0.416754
1597 4.05 0.407011
1598 4.05 0.400493
1599 4.2 0.420526
1600 4.2 0.438898
1601 4.2 0.438898
1602 4.25 0.440544
1603 4.3 0.42981
1604 4.35 0.442927
1605 4.45 0.444114
1606 4.4 0.443669
1607 4.4 0.443669
1608 4.4 0.431643
1609 4.4 0.431643
1610 4.4 0.443669
1611 4.4 0.443669
1612 4.45 0.45581
1613 4.5 0.444262
1614 4.5 0.444262
1615 4.5 0.444262
1616 4.5 0.444262
1617 4.45 0.425966
1618 4.4 0.437697
1619 4.35 0.448829
1620 4.35 0.448829
1621 4.35 0.448829
1622 4.25 0.434529
1623 4.1 0.452479
1624 4 0.458831
1625 4.1 0.458258
1626 4.05 0.45
1627 4.05 0.45
1628 4.1 0.446625
1629 4.15 0.466087
1630 4.1 0.452479
1631 4.1 0.452479
1632 4.1 0.434681
1633 4.05 0.425966
1634 4.1 0.428584
1635 4.15 0.43088
1636 4.2 0.407818
1637 4.25 0.409589
1638 4.3 0.417385
1639 4.2 0.394702
1640 4.25 0.389838
1641 4.3 0.391354
1642 4.3 0.391354
1643 4.3 0.398021
1644 4.3 0.398021
1645 4.35 0.385766
1646 4.4 0.406526
1647 4.45 0.407011
1648 4.5 0.426121
1649 4.5 0.426121
1650 4.45 0.413426
1651 4.4 0.393366
1652 4.45 0.413426
1653 4.35 0.399177
1654 4.35 0.399177
1655 4.35 0.399177
1656 4.4 0.412948
1657 4.4 0.412948
1658 4.45 0.419743
1659 4.5 0.394034
1660 4.5 0.394034
1661 4.35 0.371873
1662 4.45 0.407011
1663 4.5 0.400657
1664 4.45 0.419743
1665 4.45 0.419743
1666 4.4 0.419273
1667 4.35 0.399177
1668 4.4 0.4
1669 4.4 0.393366
1670 4.35 0.43088
1671 4.3 0.43589
1672 4.3 0.43589
1673 4.35 0.436945
1674 4.35 0.436945
1675 4.3 0.459405
1676 4.3 0.481773
1677 4.3 0.481773
1678 4.25 0.463823
1679 4.25 0.463823
1680 4.25 0.463823
1681 4.3 0.481773
1682 4.35 0.460406
1683 4.3 0.470722
1684 4.2 0.495241
1685 4.25 0.485988
1686 4.25 0.485988
1687 4.25 0.485988
1688 4.25 0.485988
1689 4.35 0.477245
1690 4.3 0.470722
1691 4.3 0.481773
1692 4.25 0.491373
1693 4.2 0.489898
1694 4.3 0.481773
1695 4.25 0.463823
1696 4.25 0.463823
1697 4.3 0.459405
1698 4.4 0.431643
1699 4.4 0.431643
1700 4.45 0.45
1701 4.4 0.443669
1702 4.45 0.425966
1703 4.55 0.413426
1704 4.55 0.413426
1705 4.7 0.441886
1706 4.7 0.441886
1707 4.65 0.448829
1708 4.65 0.43088
1709 4.65 0.43088
1710 4.65 0.43088
1711 4.65 0.43088
1712 4.65 0.43088
1713 4.65 0.43088
1714 4.65 0.448829
1715 4.65 0.448829
1716 4.55 0.444114
1717 4.5 0.450146
1718 4.5 0.450146
1719 4.5 0.450146
1720 4.4 0.425503
1721 4.5 0.4199
1722 4.5 0.4199
1723 4.5 0.4199
1724 4.5 0.4199
1725 4.55 0.425966
1726 4.6 0.419273
1727 4.6 0.419273
1728 4.6 0.4
1729 4.5 0.400657
1730 4.55 0.373286
1731 4.5 0.387298
1732 4.55 0.38027
1733 4.55 0.38027
1734 4.65 0.392529
1735 4.7 0.398021
1736 4.7 0.398021
1737 4.6 0.406526
1738 4.7 0.423643
1739 4.7 0.447802
1740 4.55 0.444114
1741 4.55 0.467215
1742 4.55 0.45
1743 4.6 0.437697
1744 4.6 0.437697
1745 4.55 0.4321
1746 4.5 0.4199
1747 4.55 0.425966
1748 4.55 0.425966
1749 4.65 0.424729
1750 4.7 0.43589
1751 4.6 0.431643
1752 4.6 0.431643
1753 4.55 0.4321
1754 4.55 0.4321
1755 4.4 0.406526
1756 4.45 0.425966
1757 4.5 0.426121
1758 4.5 0.426121
1759 4.5 0.450146
1760 4.5 0.426121
1761 4.4 0.406526
1762 4.45 0.425966
1763 4.55 0.467215
1764 4.65 0.448829
1765 4.7 0.43589
1766 4.65 0.436945
1767 4.6 0.455377
1768 4.65 0.442927
1769 4.65 0.442927
1770 4.7 0.441886
1771 4.7 0.441886
1772 4.7 0.441886
1773 4.65 0.448829
1774 4.65 0.448829
1775 4.6 0.437697
1776 4.7 0.42981
1777 4.65 0.436945
1778 4.65 0.436945
1779 4.6 0.443669
1780 4.65 0.460406
1781 4.6 0.443669
1782 4.55 0.461548
1783 4.55 0.461548
1784 4.5 0.478484
1785 4.65 0.471699
1786 4.65 0.471699
1787 4.65 0.493511
1788 4.65 0.493511
1789 4.7 0.481773
1790 4.7 0.481773
1791 4.6 0.483409
1792 4.55 0.467215
1793 4.55 0.467215
1794 4.5 0.455955
1795 4.5 0.450146
1796 4.45 0.438148
1797 4.5 0.444262
1798 4.4 0.425503
1799 4.5 0.450146
1800 4.55 0.472814
1801 4.55 0.45
1802 4.55 0.467215
1803 4.45 0.467215
1804 4.5 0.444262
1805 4.6 0.443669
1806 4.6 0.443669
1807 4.6 0.443669
1808 4.8 0.438898
1809 4.8 0.438898
1810 4.75 0.415964
1811 4.65 0.405716
1812 4.65 0.405716
1813 4.6 0.419273
1814 4.6 0.419273
1815 4.6 0.419273
1816 4.6 0.419273
1817 4.65 0.399177
1818 4.65 0.436945
1819 4.65 0.460406
1820 4.6 0.449561
1821 4.65 0.471699
1822 4.7 0.45364
1823 4.7 0.459405
1824 4.75 0.469462
1825 4.6 0.443669
1826 4.65 0.460406
1827 4.7 0.45364
1828 4.8 0.432861
1829 4.75 0.440544
1830 4.8 0.444854
1831 4.75 0.42843
1832 4.8 0.438898
1833 4.8 0.438898
1834 4.8 0.45073
1835 4.75 0.42843
1836 4.75 0.463823
1837 4.75 0.463823
1838 4.75 0.469462
1839 4.75 0.434529
1840 4.75 0.422243
1841 4.8 0.426738
1842 4.85 0.436945
1843 4.9 0.396697
1844 4.9 0.396697
1845 4.9 0.428584
1846 4.9 0.428584
1847 4.9 0.463965
1848 4.95 0.467215
1849 4.95 0.461548
1850 4.9 0.469602
1851 4.9 0.469602
1852 4.9 0.446625
1853 4.9 0.446625
1854 4.9 0.422399
1855 4.95 0.407011
1856 5 0.416754
1857 4.95 0.407011
1858 4.95 0.407011
1859 5 0.416754
1860 4.95 0.45
1861 5 0.45306
1862 4.9 0.434681
1863 4.95 0.425966
1864 4.9 0.422399
1865 5 0.39736
1866 5 0.39736
1867 5 0.369922
1868 5 0.347926
1869 5 0.347926
1870 5 0.340279
1871 5.05 0.366168
1872 5.15 0.378883
1873 5.1 0.37627
1874 5.05 0.38027
1875 5 0.376969
1876 5.15 0.405716
1877 5.05 0.373286
1878 5.15 0.35744
1879 5.15 0.35744
1880 5.05 0.351501
1881 5.1 0.362012
1882 5.1 0.362012
1883 5 0.347926
1884 5.05 0.351501
1885 5 0.362738
1886 5 0.347926
1887 4.95 0.358909
1888 5.05 0.387128
1889 5.1 0.403276
1890 5.1 0.422399
1891 5.05 0.419743
1892 5.05 0.425966
1893 5.15 0.436945
1894 5.15 0.436945
1895 5.2 0.426738
1896 5.1 0.440693
1897 5.15 0.466087
1898 5.25 0.463823
1899 5.3 0.45364
1900 5.3 0.45364
1901 5.3 0.43589
1902 5.2 0.401314
1903 5.25 0.389838
1904 5.25 0.389838
1905 5.25 0.389838
1906 5.2 0.394702
1907 5.25 0.396531
1908 5.2 0.374166
1909 5.2 0.367065
1910 5.05 0.373286
1911 5.05 0.38027
1912 5.05 0.38027
1913 5.1 0.36921
1914 5.1 0.36921
1915 5.05 0.387128
1916 5 0.383886
1917 5.1 0.36921
1918 5.1 0.36921
1919 5.1 0.36921
1920 5.05 0.373286
1921 5 0.376969
1922 5 0.376969
1923 4.95 0.373286
1924 4.95 0.387128
1925 4.85 0.399177
1926 4.9 0.390007
1927 4.85 0.399177
1928 4.95 0.387128
1929 4.9 0.331662
1930 4.85 0.364728
1931 4.9 0.339504
1932 5.05 0.320156
1933 5.1 0.315394
1934 5.1 0.323631
1935 5.15 0.326666
1936 5.15 0.326666
1937 5.1 0.315394
1938 5 0.324443
1939 5.05 0.336194
1940 5.05 0.320156
1941 5 0.316228
1942 5 0.316228
1943 5.05 0.294467
1944 5 0.299122
1945 5.05 0.320156
1946 5 0.251312
1947 5.1 0.280038
1948 5.15 0.292674
1949 5.2 0.28654
1950 5.15 0.292674
1951 5.1 0.289282
1952 5.15 0.28354
1953 5.1 0.306937
1954 5 0.324443
1955 5.05 0.320156
1956 5.1 0.331662
1957 5.1 0.354668
1958 5.1 0.362012
1959 5.1 0.331662
1960 5.05 0.320156
1961 5 0.324443
1962 5.15 0.310136
1963 5.2 0.28654
1964 5.2 0.277204
1965 5.25 0.29802
1966 5.3 0.3
1967 5.3 0.3
1968 5.15 0.292674
1969 5.1 0.270477
1970 5.05 0.256238
1971 5.1 0.260566
1972 5.05 0.245753
1973 5.05 0.256238
1974 5.1 0.239517
1975 5.25 0.260314
1976 5.2 0.267542
1977 5.25 0.260314
1978 5.25 0.260314
1979 5.2 0.257519
1980 5.25 0.260314
1981 5.2 0.257519
1982 5.25 0.260314
1983 5.2 0.257519
1984 5.25 0.270234
1985 5.2 0.28654
1986 5.25 0.279803
1987 5.25 0.289055
1988 5.25 0.289055
1989 5.35 0.28354
1990 5.35 0.28354
1991 5.35 0.28354
1992 5.3 0.272416
1993 5.25 0.270234
1994 5.2 0.277204
1995 5.15 0.28354
1996 5.15 0.301531
1997 5.15 0.28354
1998 5.25 0.29802
1999 5.3 0.3
2000 5.25 0.315186
2001 5.2 0.304354
2002 5.1 0.306937
2003 5.15 0.342399
2004 5.25 0.323427
2005 5.25 0.323427
2006 5.2 0.344887
2007 5.1 0.339504
2008 5.15 0.342399
2009 5.15 0.342399
2010 5.1 0.323631
2011 5.1 0.323631
2012 5.1 0.323631
2013 5.25 0.323427
2014 5.25 0.323427
2015 5.25 0.289055
2016 5.2 0.277204
2017 4.95 0.276015
2018 4.95 0.276015
2019 4.95 0.276015
2020 5.1 0.260566
2021 5.15 0.28354
2022 5.15 0.28354
2023 5.1 0.306937
2024 5.05 0.311828
2025 5.1 0.289282
2026 5.15 0.274101
2027 5.25 0.279803
2028 5.2 0.295581
2029 5.05 0.311828
2030 5.05 0.311828
2031 5.1 0.306937
2032 5.05 0.303272
2033 5 0.307794
2034 5.1 0.289282
2035 5.15 0.28354
2036 5.1 0.29824
2037 5.05 0.303272
2038 5.05 0.311828
2039 5.05 0.311828
2040 5 0.299122
2041 5.05 0.303272
2042 5.05 0.294467
2043 5.05 0.303272
2044 5.05 0.336194
2045 5.05 0.336194
2046 5.15 0.301531
2047 5.15 0.301531
2048 5.05 0.320156
2049 5.05 0.328273
2050 5.05 0.336194
2051 5.05 0.336194
2052 5 0.332455
2053 4.95 0.294467
2054 4.95 0.294467
2055 4.9 0.29824
2056 4.95 0.294467
2057 5.05 0.26631
2058 5.05 0.26631
2059 5 0.271448
2060 4.95 0.276015
2061 4.9 0.260566
2062 4.9 0.29824
2063 4.95 0.303272
2064 4.8 0.277204
2065 4.75 0.279803
2066 4.75 0.279803
2067 4.75 0.279803
2068 4.6 0.265568
2069 4.7 0.272416
2070 4.75 0.270234
2071 4.7 0.281911
2072 4.7 0.272416
2073 4.65 0.28354
2074 4.55 0.276015
2075 4.65 0.264326
2076 4.65 0.274101
2077 4.7 0.272416
2078 4.75 0.270234
2079 4.75 0.279803
2080 4.75 0.279803
2081 4.85 0.292674
2082 4.75 0.289055
2083 4.8 0.321182
2084 4.9 0.315394
2085 4.9 0.315394
2086 4.95 0.328273
2087 5 0.340279
2088 5 0.340279
2089 4.85 0.35
2090 4.85 0.35
2091 4.85 0.35
2092 4.85 0.35
2093 4.8 0.359825
2094 4.8 0.359825
2095 4.75 0.346979
2096 4.75 0.346979
2097 4.8 0.387977
2098 4.8 0.420526
2099 4.85 0.418487
2100 4.85 0.418487
2101 4.85 0.418487
2102 4.9 0.422399
2103 4.9 0.422399
2104 4.9 0.422399
2105 4.85 0.436945
2106 4.9 0.452479
2107 4.8 0.438898
2108 4.8 0.438898
2109 4.85 0.424729
2110 4.9 0.416122
2111 4.8 0.432861
2112 4.8 0.432861
2113 4.75 0.440544
2114 4.7 0.447802
2115 4.75 0.440544
2116 4.75 0.422243
2117 4.8 0.438898
2118 4.9 0.440693
2119 4.95 0.438148
2120 5 0.44129
2121 5 0.44129
2122 5 0.429198
2123 5 0.429198
2124 4.95 0.419743
2125 4.95 0.400493
2126 4.85 0.405716
2127 4.85 0.405716
2128 4.9 0.422399
2129 4.95 0.425966
2130 4.9 0.440693
2131 4.9 0.440693
2132 4.95 0.425966
2133 4.9 0.452479
2134 4.85 0.436945
2135 4.9 0.440693
2136 4.95 0.438148
2137 4.95 0.45581
2138 4.9 0.446625
2139 4.9 0.446625
2140 4.85 0.436945
2141 4.8 0.420526
2142 4.75 0.383028
2143 4.8 0.394702
2144 4.85 0.412151
2145 4.85 0.412151
2146 5 0.423022
2147 5.05 0.413426
2148 5.05 0.413426
2149 4.95 0.387128
2150 4.8 0.394702
2151 4.9 0.396697
2152 4.85 0.392529
2153 4.95 0.419743
2154 5 0.435286
2155 5 0.435286
2156 5.1 0.440693
2157 5.05 0.45581
2158 5 0.458831
2159 5 0.458831
2160 5.05 0.438148
2161 5 0.447214
2162 4.95 0.438148
2163 4.9 0.446625
2164 4.85 0.442927
2165 4.9 0.434681
2166 4.9 0.416122
2167 4.9 0.428584
2168 4.85 0.43088
2169 4.9 0.428584
2170 4.9 0.422399
2171 4.9 0.428584
2172 4.95 0.4321
2173 4.9 0.416122
2174 4.95 0.393867
2175 5.05 0.393867
2176 5 0.383886
2177 4.9 0.396697
2178 4.85 0.418487
2179 4.85 0.418487
2180 4.8 0.401314
2181 4.75 0.383028
2182 4.75 0.403113
2183 4.7 0.384571
2184 4.75 0.376095
2185 4.7 0.384571
2186 4.75 0.376095
2187 4.8 0.359825
2188 4.8 0.359825
2189 4.95 0.343932
2190 4.95 0.343932
2191 4.9 0.36921
2192 4.9 0.36921
2193 4.9 0.37627
2194 5 0.390681
2195 5 0.390681
2196 5 0.376969
2197 5 0.355409
2198 5.1 0.323631
2199 5.1 0.323631
2200 5.1 0.323631
2201 4.95 0.343932
2202 5 0.347926
2203 4.95 0.358909
2204 5 0.355409
2205 5.05 0.351501
2206 5 0.332455
2207 4.9 0.339504
2208 4.95 0.336194
2209 5 0.347926
2210 5.05 0.351501
2211 5 0.355409
2212 4.95 0.343932
2213 4.85 0.35744
2214 4.9 0.331662
2215 4.9 0.331662
2216 5.05 0.303272
2217 5.05 0.303272
2218 5 0.316228
2219 4.85 0.334625
2220 4.85 0.342399
2221 4.85 0.342399
2222 4.9 0.323631
2223 4.9 0.331662
2224 5 0.324443
2225 5.05 0.311828
2226 5.1 0.323631
2227 5.15 0.326666
2228 5.2 0.312881
2229 5.2 0.304354
2230 5.15 0.318508
2231 5.15 0.318508
2232 5.15 0.318508
2233 5.1 0.315394
2234 5.15 0.318508
2235 5.2 0.277204
2236 5.15 0.28354
2237 4.95 0.320156
2238 5.05 0.311828
2239 5.05 0.311828
2240 5 0.307794
2241 4.95 0.320156
2242 4.85 0.326666
2243 4.9 0.339504
2244 4.95 0.343932
2245 5 0.332455
2246 5 0.340279
2247 5.05 0.320156
2248 5 0.324443
2249 5.05 0.28539
2250 5.1 0.29824
2251 5.05 0.28539
2252 5 0.290191
2253 5.05 0.294467
2254 5.05 0.303272
2255 5.05 0.294467
2256 5 0.290191
2257 4.95 0.28539
2258 4.95 0.28539
2259 5.05 0.303272
2260 5.05 0.303272
2261 5.15 0.301531
2262 5.1 0.315394
2263 5.05 0.336194
2264 5.05 0.336194
2265 5 0.340279
2266 5.1 0.331662
2267 5 0.324443
2268 4.95 0.328273
2269 5.05 0.328273
2270 5 0.316228
2271 5.05 0.311828
2272 5 0.324443
2273 5.1 0.354668
2274 5.05 0.366168
2275 5.05 0.38027
2276 5.2 0.374166
2277 5.2 0.367065
2278 5.2 0.359825
2279 5.15 0.371873
2280 5.1 0.37627
2281 5.25 0.383028
2282 5.25 0.369031
2283 5.15 0.371873
2284 5.1 0.37627
2285 5.05 0.358909
2286 5.1 0.37627
2287 5 0.390681
2288 5.1 0.37627
2289 5.15 0.364728
2290 5.2 0.367065
2291 5.25 0.36183
2292 5.3 0.398021
2293 5.35 0.392529
2294 5.4 0.393366
2295 5.35 0.392529
2296 5.35 0.378883
2297 5.25 0.383028
2298 5.15 0.405716
2299 5.2 0.407818
2300 5.3 0.404579
2301 5.2 0.420526
2302 5.2 0.420526
2303 5.25 0.409589
2304 5.25 0.389838
2305 5.25 0.376095
2306 5.15 0.392529
2307 5.25 0.415964
2308 5.25 0.415964
2309 5.3 0.42981
2310 5.3 0.42981
2311 5.3 0.42981
2312 5.3 0.43589
2313 5.35 0.442927
2314 5.35 0.442927
2315 5.35 0.442927
2316 5.3 0.447802
2317 5.25 0.434529
2318 5.25 0.434529
2319 5.25 0.434529
2320 5.2 0.45073
2321 5.25 0.440544
2322 5.25 0.440544
2323 5.15 0.442927
2324 5.2 0.456532
2325 5.25 0.440544
2326 5.25 0.440544
2327 5.2 0.438898
2328 5.25 0.446477
2329 5.2 0.432861
2330 5.15 0.436945
2331 5.2 0.420526
2332 5.1 0.428584
2333 5.1 0.428584
2334 5.05 0.419743
2335 5.1 0.403276
2336 5.25 0.396531
2337 5.3 0.417385
2338 5.25 0.409589
2339 5.2 0.414221
2340 5.2 0.414221
2341 5.15 0.418487
2342 5.05 0.425966
2343 5.1 0.416122
2344 5.05 0.413426
2345 5.1 0.396697
2346 5.15 0.385766
2347 5.15 0.385766
2348 5.25 0.389838
2349 5.15 0.405716
2350 5.2 0.420526
2351 5.3 0.417385
2352 5.4 0.393366
2353 5.35 0.385766
2354 5.2 0.381134
2355 5.3 0.363463
2356 5.2 0.367065
2357 5.2 0.367065
2358 5.2 0.387977
2359 5.2 0.387977
2360 5.05 0.38027
2361 5.1 0.396697
2362 5.1 0.396697
2363 5.05 0.400493
2364 5.1 0.396697
2365 5.15 0.418487
2366 5.25 0.42843
2367 5.25 0.389838
2368 5.15 0.385766
2369 5.1 0.36921
2370 5.1 0.362012
2371 5.15 0.378883
2372 5.1 0.390007
2373 5.1 0.390007
2374 5.05 0.407011
2375 5.1 0.36921
2376 5.05 0.373286
2377 5.05 0.373286
2378 5.05 0.387128
2379 4.95 0.400493
2380 5 0.416754
2381 5.1 0.40975
2382 5 0.423022
2383 4.9 0.440693
2384 4.85 0.436945
2385 5.05 0.472814
2386 5.05 0.472814
2387 5.05 0.472814
2388 5 0.486664
2389 5 0.492042
2390 5.05 0.472814
2391 5 0.470162
2392 5.05 0.478347
2393 5.05 0.472814
2394 5 0.475727
2395 5 0.45306
2396 4.95 0.444114
2397 4.9 0.422399
2398 4.85 0.448829
2399 4.85 0.448829
2400 4.9 0.458258
2401 4.85 0.466087
2402 4.9 0.463965
2403 4.95 0.483817
2404 4.8 0.46226
2405 4.8 0.46226
2406 4.8 0.456532
2407 4.7 0.417385
2408 4.65 0.418487
2409 4.75 0.415964
2410 4.85 0.412151
2411 4.8 0.401314
2412 4.9 0.428584
2413 4.9 0.428584
2414 4.9 0.434681
2415 4.85 0.418487
2416 4.95 0.419743
2417 5 0.39736
2418 5.05 0.407011
2419 5.1 0.416122
2420 4.85 0.405716
2421 4.9 0.396697
2422 4.95 0.413426
2423 5 0.39736
2424 5.1 0.403276
2425 5.05 0.413426
2426 4.95 0.387128
2427 4.9 0.354668
2428 4.9 0.339504
2429 4.85 0.318508
2430 4.8 0.352435
2431 4.95 0.387128
2432 5.05 0.38027
2433 5.05 0.38027
2434 5.1 0.3832
2435 5.1 0.3832
2436 5.1 0.3832
2437 5.05 0.387128
2438 5.05 0.387128
2439 5.2 0.394702
2440 5.15 0.412151
2441 5.1 0.403276
2442 5.05 0.425966
2443 5.1 0.434681
2444 5.1 0.446625
2445 5.05 0.438148
2446 5.05 0.438148
2447 5.05 0.419743
2448 4.95 0.393867
2449 4.9 0.3832
2450 4.85 0.378883
2451 4.95 0.387128
2452 5 0.390681
2453 5 0.39736
2454 5.05 0.4321
2455 5 0.416754
2456 5.05 0.393867
2457 5 0.390681
2458 4.95 0.393867
2459 5 0.390681
2460 5.1 0.396697
2461 5.1 0.403276
2462 5.15 0.405716
2463 5.1 0.40975
2464 5.1 0.40975
2465 5.05 0.425966
2466 5.15 0.392529
2467 5.1 0.403276
2468 5 0.416754
2469 5 0.390681
2470 5 0.423022
2471 4.95 0.407011
2472 4.9 0.40975
2473 5.05 0.413426
2474 5 0.423022
2475 5.1 0.416122
2476 4.95 0.400493
2477 5 0.410391
2478 5.1 0.396697
2479 5.3 0.370632
2480 5.3 0.370632
2481 5.25 0.346979
2482 5.2 0.337171
2483 5.2 0.337171
2484 5.15 0.342399
2485 5 0.332455
2486 5 0.299122
2487 5.05 0.294467
2488 5.1 0.29824
2489 5.2 0.28654
2490 5.15 0.28354
2491 5.1 0.306937
2492 5.2 0.312881
2493 5.25 0.323427
2494 5.25 0.315186
2495 5.25 0.29802
2496 5.25 0.289055
2497 5.25 0.289055
2498 5.25 0.289055
2499 5.25 0.289055
2500 5.25 0.306723
2501 5.25 0.306723
2502 5.2 0.295581
2503 5.2 0.295581
2504 5.2 0.295581
2505 5.25 0.289055
2506 5.2 0.304354
2507 5.15 0.310136
2508 5.15 0.342399
2509 5.15 0.342399
2510 5.2 0.344887
2511 5.25 0.354483
2512 5.25 0.354483
2513 5.2 0.337171
2514 5.3 0.333246
2515 5.35 0.318508
2516 5.35 0.318508
2517 5.35 0.318508
2518 5.35 0.318508
2519 5.3 0.3
2520 5.3 0.3
2521 5.3 0.3
2522 5.3 0.281911
2523 5.35 0.334625
2524 5.35 0.334625
2525 5.3 0.308647
2526 5.25 0.29802
2527 5.25 0.29802
2528 5.25 0.29802
2529 5.15 0.310136
2530 5.1 0.289282
2531 5.1 0.289282
2532 4.95 0.276015
2533 5.1 0.260566
2534 5.05 0.256238
2535 5.05 0.276015
2536 5 0.251312
2537 5 0.251312
2538 4.95 0.26631
2539 4.85 0.243602
2540 5.05 0.294467
2541 5.05 0.294467
2542 5.05 0.294467
2543 5 0.290191
2544 5.05 0.294467
2545 5.1 0.280038
2546 5.1 0.280038
2547 5.1 0.280038
2548 5.05 0.28539
2549 5.05 0.28539
2550 5.05 0.303272
2551 5.05 0.303272
2552 5.05 0.303272
2553 5.05 0.28539
2554 4.95 0.28539
2555 4.95 0.28539
2556 4.9 0.280038
2557 5 0.271448
2558 4.95 0.294467
2559 5 0.280976
2560 4.95 0.28539
2561 5.05 0.26631
2562 5 0.261574
2563 5 0.261574
2564 5.05 0.26631
2565 4.95 0.28539
2566 5 0.271448
2567 4.95 0.276015
2568 4.95 0.276015
2569 5 0.261574
2570 5.05 0.26631
2571 5 0.280976
2572 5.05 0.26631
2573 5 0.271448
2574 4.95 0.28539
2575 4.85 0.274101
2576 4.85 0.28354
2577 4.9 0.289282
2578 4.9 0.289282
2579 4.85 0.301531
2580 4.9 0.315394
2581 4.95 0.303272
2582 4.9 0.29824
2583 4.9 0.29824
2584 4.9 0.29824
2585 4.95 0.294467
2586 5 0.307794
2587 4.95 0.311828
2588 5.2 0.329274
2589 5.25 0.315186
2590 5.2 0.295581
2591 5.2 0.295581
2592 5.15 0.301531
