0 0 0
1 0 0
2 0.05 0.05
3 0.1 0.0688247
4 0.1 0.0688247
5 0.25 0.0993399
6 0.5 0.135724
7 0.5 0.135724
8 0.65 0.15
9 0.85 0.195677
10 0.95 0.2112
11 1.1 0.190567
12 1.15 0.181731
13 1.25 0.14281
14 1.4 0.152177
15 1.55 0.234801
16 1.55 0.234801
17 1.5 0.266557
18 1.55 0.26631
19 1.65 0.292674
20 1.8 0.295581
21 1.9 0.280038
22 1.85 0.28354
23 1.9 0.306937
24 1.85 0.318508
25 1.9 0.315394
26 1.9 0.323631
27 1.85 0.310136
28 1.85 0.310136
29 1.8 0.28654
30 1.95 0.276015
31 2.1 0.289282
32 2.25 0.289055
33 2.25 0.270234
34 2.35 0.264326
35 2.35 0.232549
36 2.4 0.255467
37 2.4 0.255467
38 2.5 0.256495
39 2.45 0.234801
40 2.5 0.246021
41 2.55 0.234801
42 2.6 0.244949
43 2.6 0.244949
44 2.6 0.244949
45 2.5 0.235081
46 2.55 0.256238
47 2.6 0.255467
48 2.6 0.255467
49 2.65 0.274101
50 2.65 0.274101
51 2.7 0.272416
52 2.8 0.277204
53 2.85 0.301531
54 2.85 0.28354
55 2.9 0.29824
56 2.85 0.310136
57 2.9 0.306937
58 2.9 0.315394
59 3 0.299122
60 3 0.299122
61 2.95 0.303272
62 3 0.299122
63 3.1 0.315394
64 3.1 0.315394
65 3.1 0.315394
66 3.05 0.328273
67 3.05 0.328273
68 3 0.347926
69 3 0.347926
70 3.05 0.328273
71 3.1 0.331662
72 3.15 0.318508
73 3.1 0.29824
74 3.1 0.29824
75 3.15 0.326666
76 3.15 0.342399
77 3.2 0.321182
78 3.2 0.329274
79 3.25 0.323427
80 3.3 0.325253
81 3.2 0.321182
82 3.3 0.325253
83 3.25 0.331464
84 3.35 0.371873
85 3.35 0.371873
86 3.35 0.405716
87 3.35 0.424729
88 3.35 0.43088
89 3.4 0.431643
90 3.35 0.424729
91 3.4 0.425503
92 3.45 0.444114
93 3.4 0.449561
94 3.5 0.455955
95 3.55 0.45
96 3.6 0.431643
97 3.65 0.424729
98 3.7 0.42981
99 3.7 0.42981
100 3.7 0.42981
101 3.7 0.42981
102 3.7 0.42981
103 3.65 0.43088
104 3.6 0.425503
105 3.55 0.4321
106 3.55 0.461548
107 3.55 0.461548
108 3.55 0.478347
109 3.6 0.472396
110 3.55 0.461548
111 3.55 0.461548
112 3.6 0.455377
113 3.55 0.45
114 3.6 0.455377
115 3.5 0.426121
116 3.5 0.455955
117 3.5 0.455955
118 3.55 0.461548
119 3.55 0.461548
120 3.45 0.461548
121 3.5 0.467355
122 3.45 0.45581
123 3.45 0.45581
124 3.4 0.443669
125 3.4 0.466792
126 3.3 0.470722
127 3.2 0.438898
128 3.25 0.42843
129 3.15 0.460406
130 3.35 0.482728
131 3.4 0.466792
132 3.4 0.466792
133 3.4 0.466792
134 3.4 0.466792
135 3.35 0.471699
136 3.4 0.466792
137 3.4 0.466792
138 3.45 0.461548
139 3.5 0.483953
140 3.5 0.483953
141 3.5 0.438298
142 3.55 0.45
143 3.55 0.45
144 3.55 0.45
145 3.55 0.45
146 3.6 0.443669
147 3.5 0.426121
148 3.5 0.4199
149 3.45 0.4321
150 3.5 0.426121
151 3.55 0.4321
152 3.55 0.45581
153 3.5 0.46169
154 3.45 0.467215
155 3.5 0.444262
156 3.6 0.425503
157 3.65 0.436945
158 3.65 0.436945
159 3.65 0.436945
160 3.7 0.45364
161 3.7 0.45364
162 3.7 0.45364
163 3.65 0.442927
164 3.65 0.442927
165 3.55 0.425966
166 3.65 0.442927
167 3.65 0.442927
168 3.6 0.449561
169 3.6 0.449561
170 3.6 0.449561
171 3.6 0.449561
172 3.65 0.448829
173 3.65 0.442927
174 3.65 0.442927
175 3.75 0.458114
176 3.75 0.458114
177 3.75 0.458114
178 3.7 0.470722
179 3.8 0.45073
180 3.8 0.45073
181 3.75 0.446477
182 3.8 0.444854
183 3.7 0.447802
184 3.65 0.43088
185 3.55 0.45
186 3.65 0.436945
187 3.7 0.447802
188 3.7 0.470722
189 3.7 0.476279
190 3.75 0.458114
191 3.65 0.460406
192 3.5 0.432252
193 3.55 0.45581
194 3.6 0.466792
195 3.6 0.466792
196 3.55 0.467215
197 3.55 0.467215
198 3.55 0.467215
199 3.55 0.494576
200 3.55 0.494576
201 3.6 0.494177
202 3.55 0.483817
203 3.55 0.494576
204 3.4 0.477934
205 3.45 0.478347
206 3.5 0.483953
207 3.5 0.483953
208 3.4 0.483409
209 3.35 0.498814
210 3.3 0.518601
211 3.35 0.488149
212 3.3 0.49789
213 3.4 0.477934
214 3.5 0.472953
215 3.4 0.455377
216 3.5 0.478484
217 3.35 0.460406
218 3.3 0.447802
219 3.15 0.424729
220 3.25 0.463823
221 3.35 0.460406
222 3.35 0.460406
223 3.3 0.447802
224 3.3 0.447802
225 3.3 0.441886
226 3.4 0.46112
227 3.4 0.46112
228 3.35 0.460406
229 3.35 0.460406
230 3.3 0.459405
231 3.35 0.454654
232 3.3 0.45364
233 3.4 0.443669
234 3.4 0.443669
235 3.35 0.442927
236 3.35 0.442927
237 3.35 0.442927
238 3.4 0.437697
239 3.35 0.412151
240 3.4 0.412948
241 3.4 0.412948
242 3.45 0.413426
243 3.5 0.426121
244 3.5 0.438298
245 3.5 0.438298
246 3.5 0.438298
247 3.5 0.438298
248 3.55 0.4321
249 3.5 0.432252
250 3.5 0.426121
251 3.55 0.413426
252 3.5 0.4199
253 3.55 0.425966
254 3.6 0.437697
255 3.55 0.45
256 3.55 0.45
257 3.55 0.45
258 3.6 0.443669
259 3.6 0.443669
260 3.55 0.419743
261 3.45 0.393867
262 3.45 0.393867
263 3.4 0.393366
264 3.45 0.419743
265 3.4 0.393366
266 3.35 0.399177
267 3.35 0.399177
268 3.3 0.404579
269 3.4 0.386618
270 3.35 0.392529
271 3.35 0.405716
272 3.35 0.378883
273 3.45 0.387128
274 3.45 0.387128
275 3.45 0.400493
276 3.55 0.413426
277 3.5 0.400657
278 3.45 0.400493
279 3.35 0.412151
280 3.35 0.405716
281 3.35 0.405716
282 3.5 0.387298
283 3.55 0.387128
284 3.6 0.4
285 3.6 0.4
286 3.55 0.387128
287 3.6 0.4
288 3.7 0.404579
289 3.7 0.404579
290 3.7 0.404579
291 3.7 0.404579
292 3.7 0.404579
293 3.7 0.404579
294 3.7 0.404579
295 3.65 0.392529
296 3.6 0.386618
297 3.6 0.4
298 3.6 0.4
299 3.6 0.4
300 3.6 0.4
301 3.6 0.4
302 3.6 0.406526
303 3.6 0.425503
304 3.65 0.442927
305 3.65 0.448829
306 3.7 0.465098
307 3.65 0.448829
308 3.7 0.43589
309 3.7 0.43589
310 3.7 0.43589
311 3.7 0.43589
312 3.7 0.43589
313 3.65 0.436945
314 3.45 0.425966
315 3.55 0.444114
316 3.5 0.432252
317 3.6 0.437697
318 3.55 0.45
319 3.5 0.450146
320 3.4 0.449561
321 3.5 0.46169
322 3.55 0.45581
323 3.6 0.455377
324 3.6 0.455377
325 3.6 0.455377
326 3.55 0.425966
327 3.5 0.432252
328 3.6 0.419273
329 3.55 0.400493
330 3.6 0.437697
331 3.45 0.393867
332 3.5 0.407173
333 3.45 0.393867
334 3.5 0.400657
335 3.55 0.393867
336 3.55 0.393867
337 3.6 0.412948
338 3.65 0.412151
339 3.6 0.4
340 3.55 0.413426
341 3.55 0.413426
342 3.65 0.412151
343 3.6 0.4
344 3.65 0.371873
345 3.6 0.350939
346 3.65 0.371873
347 3.65 0.371873
348 3.75 0.396531
349 3.8 0.401314
350 3.75 0.376095
351 3.7 0.356149
352 3.7 0.356149
353 3.7 0.356149
354 3.55 0.351501
355 3.55 0.351501
356 3.55 0.351501
357 3.6 0.365629
358 3.65 0.371873
359 3.65 0.371873
360 3.6 0.365629
361 3.6 0.365629
362 3.65 0.371873
363 3.6 0.358359
364 3.65 0.35744
365 3.6 0.343358
366 3.75 0.36183
367 3.75 0.36183
368 3.65 0.35
369 3.65 0.35
370 3.65 0.35
371 3.6 0.343358
372 3.65 0.35
373 3.6 0.343358
374 3.6 0.343358
375 3.6 0.343358
376 3.55 0.38027
377 3.55 0.351501
378 3.65 0.35
379 3.6 0.358359
380 3.55 0.351501
381 3.55 0.358909
382 3.55 0.373286
383 3.55 0.351501
384 3.5 0.351688
385 3.65 0.385766
386 3.6 0.386618
387 3.5 0.413585
388 3.55 0.400493
389 3.55 0.400493
390 3.5 0.387298
391 3.45 0.366168
392 3.5 0.380443
393 3.6 0.379751
394 3.6 0.379751
395 3.6 0.379751
396 3.6 0.379751
397 3.5 0.373462
398 3.5 0.366348
399 3.5 0.366348
400 3.55 0.366168
401 3.55 0.366168
402 3.55 0.366168
403 3.65 0.385766
404 3.6 0.379751
405 3.65 0.385766
406 3.65 0.385766
407 3.6 0.386618
408 3.55 0.366168
409 3.6 0.365629
410 3.55 0.351501
411 3.65 0.385766
412 3.5 0.380443
413 3.5 0.413585
414 3.4 0.4
415 3.5 0.400657
416 3.4 0.4
417 3.45 0.407011
418 3.5 0.4199
419 3.45 0.419743
420 3.4 0.412948
421 3.55 0.425966
422 3.55 0.425966
423 3.5 0.413585
424 3.55 0.425966
425 3.5 0.432252
426 3.45 0.438148
427 3.45 0.438148
428 3.45 0.438148
429 3.4 0.431643
430 3.45 0.425966
431 3.5 0.432252
432 3.55 0.438148
433 3.55 0.438148
434 3.5 0.444262
435 3.45 0.438148
436 3.6 0.425503
437 3.6 0.425503
438 3.65 0.43088
439 3.6 0.419273
440 3.55 0.407011
441 3.65 0.412151
442 3.65 0.412151
443 3.65 0.460406
444 3.6 0.443669
445 3.6 0.431643
446 3.65 0.405716
447 3.7 0.398021
448 3.7 0.398021
449 3.6 0.412948
450 3.55 0.407011
451 3.55 0.407011
452 3.55 0.419743
453 3.6 0.419273
454 3.65 0.436945
455 3.65 0.424729
456 3.8 0.420526
457 3.8 0.420526
458 3.85 0.405716
459 3.9 0.390007
460 3.9 0.390007
461 3.95 0.38027
462 3.9 0.36921
463 3.95 0.38027
464 3.95 0.38027
465 3.95 0.38027
466 3.9 0.37627
467 3.9 0.37627
468 3.85 0.385766
469 3.8 0.374166
470 3.85 0.371873
471 3.8 0.374166
472 3.8 0.387977
473 3.75 0.389838
474 3.75 0.396531
475 3.7 0.417385
476 3.7 0.384571
477 3.7 0.384571
478 3.75 0.383028
479 3.75 0.383028
480 3.75 0.383028
481 3.7 0.384571
482 3.8 0.374166
483 3.85 0.385766
484 3.8 0.387977
485 3.6 0.412948
486 3.8 0.387977
487 3.85 0.392529
488 3.85 0.392529
489 3.8 0.374166
490 3.8 0.374166
491 3.8 0.401314
492 3.75 0.389838
493 3.8 0.387977
494 3.8 0.387977
495 3.8 0.387977
496 3.65 0.378883
497 3.75 0.376095
498 3.7 0.363463
499 3.7 0.348682
500 3.7 0.363463
501 3.7 0.363463
502 3.75 0.376095
503 3.65 0.35744
504 3.65 0.378883
505 3.7 0.356149
506 3.7 0.370632
507 3.7 0.370632
508 3.7 0.370632
509 3.7 0.370632
510 3.7 0.391354
511 3.75 0.383028
512 3.75 0.383028
513 3.8 0.381134
514 3.8 0.381134
515 3.75 0.383028
516 3.75 0.383028
517 3.7 0.391354
518 3.65 0.385766
519 3.7 0.377666
520 3.7 0.377666
521 3.65 0.378883
522 3.65 0.412151
523 3.75 0.376095
524 3.65 0.364728
525 3.75 0.376095
526 3.7 0.370632
527 3.65 0.385766
528 3.7 0.391354
529 3.75 0.389838
530 3.75 0.389838
531 3.75 0.389838
532 3.85 0.399177
533 3.8 0.387977
534 3.85 0.399177
535 3.9 0.390007
536 3.85 0.392529
537 3.85 0.392529
538 3.85 0.392529
539 3.75 0.403113
540 3.75 0.409589
541 3.75 0.409589
542 3.8 0.394702
543 3.8 0.394702
544 3.8 0.394702
545 3.65 0.405716
546 3.6 0.406526
547 3.45 0.366168
548 3.45 0.413426
549 3.5 0.4199
550 3.55 0.407011
551 3.55 0.407011
552 3.5 0.394034
553 3.65 0.385766
554 3.7 0.391354
555 3.65 0.392529
556 3.6 0.386618
557 3.6 0.372756
558 3.55 0.366168
559 3.5 0.351688
560 3.65 0.334625
561 3.6 0.319539
562 3.65 0.326666
563 3.65 0.326666
564 3.7 0.317059
565 3.75 0.315186
566 3.7 0.325253
567 3.65 0.318508
568 3.65 0.318508
569 3.7 0.308647
570 3.7 0.308647
571 3.65 0.310136
572 3.65 0.310136
573 3.65 0.301531
574 3.75 0.315186
575 3.8 0.329274
576 3.7 0.341051
577 3.7 0.341051
578 3.75 0.323427
579 3.65 0.318508
580 3.75 0.323427
581 3.7 0.341051
582 3.7 0.341051
583 3.75 0.323427
584 3.75 0.323427
585 3.75 0.323427
586 3.7 0.325253
587 3.8 0.329274
588 3.7 0.317059
589 3.7 0.325253
590 3.7 0.325253
591 3.7 0.325253
592 3.7 0.325253
593 3.65 0.334625
594 3.65 0.318508
595 3.75 0.33931
596 3.8 0.304354
597 3.8 0.304354
598 3.75 0.289055
599 3.85 0.292674
600 3.9 0.306937
601 3.9 0.315394
602 3.9 0.315394
603 3.95 0.303272
604 3.8 0.304354
605 3.9 0.306937
606 3.8 0.295581
607 3.75 0.306723
608 3.8 0.321182
609 3.75 0.315186
610 3.85 0.310136
611 3.85 0.292674
612 3.75 0.289055
613 3.7 0.281911
614 3.8 0.28654
615 3.7 0.291096
616 3.85 0.310136
617 3.9 0.29824
618 3.85 0.292674
619 3.9 0.29824
620 3.85 0.301531
621 3.8 0.28654
622 3.8 0.321182
623 3.8 0.321182
624 3.9 0.306937
625 3.9 0.306937
626 3.9 0.306937
627 3.8 0.329274
628 3.75 0.315186
629 3.8 0.304354
630 3.8 0.304354
631 3.8 0.304354
632 3.9 0.29824
633 3.9 0.29824
634 3.85 0.28354
635 3.85 0.28354
636 3.85 0.28354
637 3.85 0.28354
638 3.9 0.280038
639 3.85 0.274101
640 3.85 0.28354
641 3.9 0.280038
642 3.75 0.29802
643 3.7 0.308647
644 3.8 0.28654
645 3.85 0.301531
646 3.9 0.29824
647 3.85 0.292674
648 3.8 0.295581
649 3.8 0.304354
650 3.85 0.301531
651 3.8 0.295581
652 3.8 0.295581
653 3.8 0.295581
654 3.75 0.315186
655 3.8 0.295581
656 3.85 0.28354
657 3.95 0.294467
658 3.9 0.306937
659 3.95 0.294467
660 3.95 0.294467
661 3.9 0.280038
662 3.9 0.280038
663 3.85 0.28354
664 3.85 0.28354
665 3.7 0.291096
666 3.75 0.289055
667 3.8 0.28654
668 3.75 0.29802
669 3.85 0.274101
670 3.85 0.274101
671 3.8 0.277204
672 3.8 0.277204
673 3.75 0.270234
674 3.9 0.280038
675 3.9 0.280038
676 4 0.290191
677 3.95 0.276015
678 3.95 0.276015
679 3.9 0.280038
680 3.9 0.280038
681 3.95 0.276015
682 3.85 0.301531
683 3.95 0.28539
684 3.95 0.28539
685 4.05 0.294467
686 4 0.290191
687 3.95 0.303272
688 3.85 0.318508
689 3.95 0.320156
690 3.95 0.303272
691 3.95 0.303272
692 3.95 0.303272
693 3.95 0.303272
694 3.95 0.303272
695 3.95 0.303272
696 3.9 0.306937
697 3.95 0.303272
698 3.9 0.29824
699 3.9 0.29824
700 3.9 0.29824
701 3.95 0.28539
702 3.95 0.28539
703 3.9 0.306937
704 3.95 0.336194
705 3.95 0.336194
706 3.95 0.336194
707 3.85 0.342399
708 3.8 0.352435
709 3.75 0.36183
710 3.75 0.354483
711 3.9 0.36921
712 3.9 0.362012
713 3.85 0.35
714 3.9 0.362012
715 3.9 0.362012
716 3.95 0.351501
717 3.95 0.28539
718 3.95 0.311828
719 3.85 0.301531
720 3.85 0.301531
721 3.85 0.301531
722 3.9 0.323631
723 3.8 0.312881
724 3.85 0.301531
725 3.85 0.301531
726 3.85 0.318508
727 3.85 0.310136
728 3.9 0.331662
729 3.9 0.331662
730 3.95 0.336194
731 3.85 0.334625
732 3.7 0.308647
733 3.7 0.348682
734 3.75 0.33931
735 3.8 0.352435
736 3.8 0.329274
737 3.8 0.329274
738 3.7 0.325253
739 3.7 0.308647
740 3.85 0.326666
741 3.85 0.326666
742 3.9 0.354668
743 3.95 0.351501
744 4.05 0.328273
745 4.05 0.328273
746 4.1 0.306937
747 4.1 0.323631
748 4.1 0.323631
749 4.1 0.323631
750 4 0.316228
751 4 0.316228
752 4.05 0.328273
753 4.1 0.323631
754 4.1 0.323631
755 4.05 0.320156
756 4.1 0.323631
757 4.05 0.303272
758 4 0.290191
759 4.05 0.303272
760 3.95 0.320156
761 3.95 0.320156
762 4 0.340279
763 3.95 0.336194
764 3.95 0.351501
765 3.95 0.336194
766 3.95 0.336194
767 3.9 0.315394
768 3.85 0.301531
769 3.85 0.310136
770 3.9 0.315394
771 3.9 0.315394
772 3.8 0.321182
773 3.95 0.328273
774 3.9 0.315394
775 3.95 0.320156
776 3.9 0.306937
777 4 0.332455
778 3.9 0.306937
779 4 0.340279
780 3.95 0.320156
781 3.95 0.320156
782 3.95 0.320156
783 3.95 0.320156
784 3.95 0.303272
785 3.95 0.303272
786 3.95 0.320156
787 4 0.307794
788 3.95 0.303272
789 3.9 0.306937
790 3.75 0.315186
791 3.8 0.295581
792 3.8 0.312881
793 3.85 0.301531
794 3.85 0.301531
795 3.85 0.301531
796 3.85 0.301531
797 3.8 0.312881
798 3.85 0.301531
799 3.85 0.301531
800 3.8 0.344887
801 3.9 0.315394
802 3.85 0.326666
803 3.85 0.326666
804 3.85 0.326666
805 3.85 0.326666
806 3.85 0.326666
807 3.85 0.310136
808 3.8 0.295581
809 3.8 0.321182
810 3.85 0.310136
811 3.85 0.310136
812 3.8 0.295581
813 3.8 0.295581
814 3.8 0.295581
815 3.9 0.29824
816 3.9 0.29824
817 3.85 0.301531
818 3.85 0.301531
819 3.8 0.312881
820 3.8 0.312881
821 3.85 0.301531
822 3.8 0.277204
823 3.75 0.270234
824 3.9 0.306937
825 4 0.340279
826 3.95 0.336194
827 3.95 0.336194
828 3.95 0.351501
829 3.95 0.351501
830 3.95 0.351501
831 3.9 0.354668
832 3.95 0.343932
833 3.95 0.343932
834 4 0.347926
835 3.9 0.331662
836 4 0.340279
837 4.05 0.351501
838 4.05 0.351501
839 4.05 0.320156
840 4.05 0.320156
841 4.05 0.320156
842 4.1 0.331662
843 4.1 0.339504
844 4.05 0.358909
845 4.15 0.35
846 4.15 0.35
847 4.1 0.362012
848 4.1 0.362012
849 4.05 0.351501
850 4 0.362738
851 4 0.355409
852 4.05 0.343932
853 4.1 0.354668
854 4.1 0.354668
855 4.15 0.364728
856 4.05 0.38027
857 4.1 0.37627
858 4 0.376969
859 4 0.376969
860 4 0.376969
861 4.05 0.366168
862 4.05 0.366168
863 4.05 0.366168
864 4.05 0.366168
865 3.95 0.38027
866 3.9 0.390007
867 3.85 0.385766
868 4.05 0.366168
869 4 0.376969
870 4 0.376969
871 4 0.376969
872 4.05 0.358909
873 4.1 0.36921
874 4.1 0.36921
875 4.1 0.36921
876 4 0.369922
877 4 0.362738
878 4.1 0.36921
879 4.05 0.351501
880 4.05 0.351501
881 4.05 0.351501
882 4 0.347926
883 4 0.369922
884 4 0.324443
885 4.05 0.328273
886 4 0.340279
887 3.9 0.323631
888 3.9 0.339504
889 3.9 0.339504
890 4 0.316228
891 3.85 0.310136
892 3.8 0.304354
893 3.75 0.279803
894 3.7 0.272416
895 3.75 0.29802
896 3.75 0.29802
897 3.8 0.28654
898 3.85 0.292674
899 3.95 0.28539
900 4 0.299122
901 3.95 0.294467
902 4 0.280976
903 3.85 0.274101
904 4.05 0.26631
905 3.9 0.280038
906 3.85 0.264326
907 3.8 0.277204
908 3.8 0.28654
909 3.8 0.28654
910 3.85 0.301531
911 3.9 0.306937
912 3.85 0.310136
913 3.75 0.29802
914 3.75 0.29802
915 3.75 0.29802
916 3.75 0.306723
917 3.8 0.329274
918 3.7 0.325253
919 3.65 0.301531
920 3.7 0.3
921 3.75 0.289055
922 3.75 0.29802
923 3.8 0.295581
924 3.75 0.315186
925 3.75 0.306723
926 3.75 0.306723
927 3.7 0.291096
928 3.85 0.301531
929 3.85 0.28354
930 3.8 0.28654
931 3.7 0.291096
932 3.75 0.29802
933 3.8 0.295581
934 3.7 0.281911
935 3.8 0.28654
936 3.75 0.29802
937 3.7 0.3
938 3.75 0.323427
939 3.75 0.29802
940 3.8 0.312881
941 3.85 0.292674
942 3.85 0.292674
943 3.9 0.289282
944 3.9 0.289282
945 3.9 0.289282
946 3.85 0.28354
947 3.9 0.280038
948 3.95 0.276015
949 3.9 0.29824
950 3.95 0.294467
951 3.9 0.280038
952 3.95 0.276015
953 3.95 0.294467
954 3.95 0.294467
955 4 0.307794
956 4 0.307794
957 4 0.307794
958 4.05 0.303272
959 4.05 0.303272
960 4 0.316228
961 3.95 0.320156
962 3.9 0.306937
963 3.9 0.306937
964 3.9 0.306937
965 3.9 0.306937
966 3.9 0.306937
967 3.9 0.306937
968 3.95 0.294467
969 3.9 0.315394
970 3.95 0.294467
971 3.9 0.270477
972 3.9 0.270477
973 3.95 0.294467
974 3.85 0.310136
975 3.85 0.310136
976 3.85 0.310136
977 3.9 0.29824
978 3.95 0.294467
979 3.95 0.303272
980 4 0.290191
981 3.95 0.294467
982 3.9 0.29824
983 3.9 0.289282
984 3.9 0.306937
985 3.85 0.310136
986 3.8 0.267542
987 3.95 0.294467
988 3.95 0.294467
989 3.9 0.280038
990 3.9 0.280038
991 4 0.280976
992 4 0.280976
993 4.05 0.276015
994 4.1 0.280038
995 4.1 0.280038
996 4.05 0.294467
997 4.1 0.280038
998 4.05 0.26631
999 4.05 0.26631
1000 4.05 0.294467
1001 4 0.299122
1002 3.95 0.303272
1003 4.1 0.29824
1004 4.1 0.29824
1005 4.15 0.28354
1006 4.2 0.267542
1007 4.15 0.274101
1008 4.2 0.267542
1009 4.05 0.245753
1010 4.1 0.260566
1011 4.05 0.256238
1012 4.1 0.260566
1013 4.05 0.276015
1014 4.05 0.276015
1015 4.1 0.260566
1016 4 0.240613
1017 4.05 0.256238
1018 3.9 0.280038
1019 3.9 0.270477
1020 3.85 0.254176
1021 3.95 0.276015
1022 4 0.271448
1023 4.05 0.276015
1024 4 0.271448
1025 3.95 0.276015
1026 3.85 0.243602
1027 3.8 0.236198
1028 3.75 0.239242
1029 3.85 0.254176
1030 3.85 0.274101
1031 3.85 0.28354
1032 3.95 0.28539
1033 4 0.324443
1034 4 0.324443
1035 3.9 0.339504
1036 3.8 0.321182
1037 3.9 0.331662
1038 3.95 0.320156
1039 3.95 0.320156
1040 3.9 0.315394
1041 3.9 0.331662
1042 3.8 0.312881
1043 3.85 0.310136
1044 3.8 0.329274
1045 3.8 0.337171
1046 3.8 0.337171
1047 3.9 0.315394
1048 3.9 0.331662
1049 3.9 0.331662
1050 3.9 0.331662
1051 3.9 0.331662
1052 3.9 0.29824
1053 3.95 0.294467
1054 3.9 0.280038
1055 3.85 0.28354
1056 3.8 0.28654
1057 3.75 0.260314
1058 3.7 0.252357
1059 3.6 0.255467
1060 3.6 0.244949
1061 3.65 0.254176
1062 3.65 0.232549
1063 3.65 0.232549
1064 3.7 0.252357
1065 3.75 0.260314
1066 3.8 0.277204
1067 3.9 0.280038
1068 3.95 0.28539
1069 4.05 0.28539
1070 4.1 0.29824
1071 4.1 0.29824
1072 4.1 0.289282
1073 4.15 0.301531
1074 4.15 0.301531
1075 4.2 0.277204
1076 4.2 0.277204
1077 4.2 0.277204
1078 4.2 0.267542
1079 4.2 0.267542
1080 4.25 0.260314
1081 4.2 0.257519
1082 4.15 0.264326
1083 4.1 0.280038
1084 4.1 0.280038
1085 4.15 0.28354
1086 4.15 0.28354
1087 4.15 0.28354
1088 4.1 0.280038
1089 4.05 0.26631
1090 4.05 0.276015
1091 4.15 0.28354
1092 4.15 0.28354
1093 4.1 0.289282
1094 4.15 0.28354
1095 4.25 0.306723
1096 4.3 0.291096
1097 4.25 0.270234
1098 4.15 0.274101
1099 4.25 0.279803
1100 4.25 0.279803
1101 4.35 0.326666
1102 4.35 0.318508
1103 4.4 0.319539
1104 4.45 0.328273
1105 4.45 0.311828
1106 4.5 0.303488
1107 4.4 0.311195
1108 4.4 0.335606
1109 4.45 0.336194
1110 4.45 0.336194
1111 4.45 0.336194
1112 4.5 0.344124
1113 4.5 0.320362
1114 4.4 0.335606
1115 4.4 0.358359
1116 4.45 0.351501
1117 4.4 0.365629
1118 4.5 0.351688
1119 4.45 0.343932
1120 4.3 0.317059
1121 4.5 0.359092
1122 4.55 0.358909
1123 4.5 0.351688
1124 4.45 0.336194
1125 4.45 0.336194
1126 4.45 0.336194
1127 4.4 0.327671
1128 4.4 0.335606
1129 4.45 0.336194
1130 4.35 0.35
1131 4.4 0.350939
1132 4.4 0.350939
1133 4.45 0.358909
1134 4.45 0.358909
1135 4.5 0.344124
1136 4.5 0.344124
1137 4.5 0.344124
1138 4.45 0.336194
1139 4.5 0.344124
1140 4.4 0.327671
1141 4.35 0.326666
1142 4.3 0.317059
1143 4.35 0.326666
1144 4.35 0.318508
1145 4.3 0.3
1146 4.3 0.325253
1147 4.3 0.308647
1148 4.35 0.310136
1149 4.3 0.291096
1150 4.3 0.291096
1151 4.35 0.301531
1152 4.35 0.301531
1153 4.25 0.29802
1154 4.3 0.317059
1155 4.3 0.325253
1156 4.4 0.311195
1157 4.4 0.311195
1158 4.6 0.358359
1159 4.5 0.328473
1160 4.45 0.320156
1161 4.45 0.294467
1162 4.4 0.293795
1163 4.55 0.311828
1164 4.55 0.311828
1165 4.5 0.303488
1166 4.5 0.303488
1167 4.45 0.303272
1168 4.5 0.303488
1169 4.5 0.303488
1170 4.55 0.311828
1171 4.45 0.320156
1172 4.5 0.312039
1173 4.45 0.303272
1174 4.4 0.319539
1175 4.45 0.320156
1176 4.4 0.311195
1177 4.4 0.311195
1178 4.45 0.320156
1179 4.45 0.320156
1180 4.5 0.303488
1181 4.45 0.311828
1182 4.5 0.29469
1183 4.55 0.294467
1184 4.6 0.30262
1185 4.6 0.30262
1186 4.55 0.320156
1187 4.5 0.28562
1188 4.5 0.28562
1189 4.5 0.28562
1190 4.2 0.28654
1191 4.2 0.28654
1192 4.3 0.308647
1193 4.4 0.30262
1194 4.4 0.30262
1195 4.45 0.28539
1196 4.5 0.28562
1197 4.5 0.28562
1198 4.45 0.28539
1199 4.5 0.266557
1200 4.65 0.274101
1201 4.6 0.265568
1202 4.6 0.284697
1203 4.6 0.284697
1204 4.65 0.264326
1205 4.6 0.284697
1206 4.65 0.28354
1207 4.6 0.275299
1208 4.55 0.26631
1209 4.55 0.26631
1210 4.5 0.28562
1211 4.45 0.303272
1212 4.5 0.28562
1213 4.45 0.294467
1214 4.5 0.312039
1215 4.45 0.320156
1216 4.45 0.320156
1217 4.4 0.327671
1218 4.4 0.311195
1219 4.4 0.311195
1220 4.4 0.311195
1221 4.35 0.318508
1222 4.4 0.311195
1223 4.5 0.328473
1224 4.55 0.311828
1225 4.55 0.311828
1226 4.45 0.336194
1227 4.45 0.336194
1228 4.4 0.350939
1229 4.4 0.30262
1230 4.45 0.311828
1231 4.45 0.311828
1232 4.4 0.327671
1233 4.4 0.327671
1234 4.35 0.326666
1235 4.25 0.331464
1236 4.15 0.35
1237 4.15 0.35
1238 4.2 0.359825
1239 4.2 0.359825
1240 4.2 0.344887
1241 4.2 0.352435
1242 4.25 0.33931
1243 4.35 0.334625
1244 4.35 0.334625
1245 4.35 0.334625
1246 4.35 0.334625
1247 4.35 0.334625
1248 4.35 0.334625
1249 4.3 0.341051
1250 4.3 0.325253
1251 4.3 0.325253
1252 4.3 0.348682
1253 4.25 0.354483
1254 4.3 0.341051
1255 4.25 0.331464
1256 4.3 0.341051
1257 4.25 0.331464
1258 4.15 0.310136
1259 4.15 0.310136
1260 4.2 0.321182
1261 4.15 0.310136
1262 4.15 0.318508
1263 4.1 0.306937
1264 4.15 0.318508
1265 4.1 0.315394
1266 4.1 0.315394
1267 4.1 0.315394
1268 4.15 0.318508
1269 4.1 0.315394
1270 4.15 0.342399
1271 4.1 0.354668
1272 4.1 0.354668
1273 4.15 0.35
1274 4.2 0.352435
1275 4.15 0.35
1276 4.15 0.35
1277 4.2 0.337171
1278 4.35 0.301531
1279 4.4 0.311195
1280 4.4 0.311195
1281 4.35 0.318508
1282 4.35 0.318508
1283 4.25 0.331464
1284 4.3 0.308647
1285 4.2 0.321182
1286 4.25 0.323427
1287 4.15 0.326666
1288 4.2 0.312881
1289 4.1 0.323631
1290 4.3 0.291096
1291 4.4 0.30262
1292 4.2 0.312881
1293 4.2 0.295581
1294 4.25 0.306723
1295 4.25 0.315186
1296 4.25 0.315186
1297 4.2 0.344887
1298 4.2 0.337171
1299 4.25 0.323427
1300 4.35 0.326666
1301 4.3 0.317059
1302 4.25 0.279803
1303 4.2 0.267542
1304 4.25 0.279803
1305 4.25 0.279803
1306 4.3 0.291096
1307 4.25 0.270234
1308 4.15 0.274101
1309 3.95 0.28539
1310 4 0.290191
1311 4 0.290191
1312 4.05 0.28539
1313 4.15 0.264326
1314 4.2 0.277204
1315 4.2 0.277204
1316 4.2 0.257519
1317 4.1 0.270477
1318 4.2 0.28654
1319 4.2 0.28654
1320 4.25 0.29802
1321 4.3 0.317059
1322 4.3 0.317059
1323 4.3 0.317059
1324 4.3 0.317059
1325 4.35 0.318508
1326 4.25 0.331464
1327 4.25 0.331464
1328 4.25 0.315186
1329 4.3 0.308647
1330 4.3 0.317059
1331 4.3 0.317059
1332 4.3 0.317059
1333 4.25 0.315186
1334 4.35 0.318508
1335 4.25 0.306723
1336 4.25 0.306723
1337 4.25 0.306723
1338 4.15 0.301531
1339 4.25 0.315186
1340 4.2 0.321182
1341 4.25 0.323427
1342 4.3 0.325253
1343 4.3 0.325253
1344 4.3 0.325253
1345 4.35 0.334625
1346 4.4 0.327671
1347 4.4 0.327671
1348 4.35 0.35
1349 4.3 0.333246
1350 4.4 0.358359
1351 4.45 0.366168
1352 4.5 0.366348
1353 4.55 0.358909
1354 4.5 0.351688
1355 4.45 0.336194
1356 4.4 0.350939
1357 4.35 0.35
1358 4.4 0.335606
1359 4.3 0.317059
1360 4.4 0.30262
1361 4.4 0.327671
1362 4.45 0.320156
1363 4.5 0.328473
1364 4.55 0.311828
1365 4.5 0.328473
1366 4.45 0.28539
1367 4.5 0.29469
1368 4.4 0.311195
1369 4.35 0.318508
1370 4.35 0.35
1371 4.35 0.326666
1372 4.35 0.326666
1373 4.35 0.326666
1374 4.4 0.319539
1375 4.4 0.319539
1376 4.4 0.319539
1377 4.4 0.319539
1378 4.4 0.319539
1379 4.35 0.318508
1380 4.35 0.334625
1381 4.3 0.333246
1382 4.3 0.333246
1383 4.3 0.333246
1384 4.3 0.333246
1385 4.25 0.315186
1386 4.35 0.292674
1387 4.3 0.308647
1388 4.35 0.318508
1389 4.45 0.320156
1390 4.45 0.28539
1391 4.4 0.30262
1392 4.5 0.328473
1393 4.5 0.328473
1394 4.5 0.328473
1395 4.55 0.336194
1396 4.55 0.336194
1397 4.55 0.336194
1398 4.55 0.336194
1399 4.5 0.344124
1400 4.5 0.344124
1401 4.45 0.336194
1402 4.5 0.328473
1403 4.35 0.342399
1404 4.3 0.308647
1405 4.3 0.325253
1406 4.35 0.301531
1407 4.35 0.292674
1408 4.35 0.292674
1409 4.4 0.311195
1410 4.6 0.30262
1411 4.65 0.310136
1412 4.6 0.319539
1413 4.7 0.341051
1414 4.7 0.341051
1415 4.55 0.336194
1416 4.55 0.336194
1417 4.55 0.336194
1418 4.55 0.336194
1419 4.55 0.336194
1420 4.55 0.336194
1421 4.55 0.336194
1422 4.55 0.336194
1423 4.5 0.344124
1424 4.45 0.336194
1425 4.3 0.341051
1426 4.4 0.319539
1427 4.4 0.335606
1428 4.35 0.334625
1429 4.35 0.318508
1430 4.35 0.318508
1431 4.35 0.318508
1432 4.4 0.335606
1433 4.35 0.310136
1434 4.4 0.30262
1435 4.4 0.311195
1436 4.45 0.303272
1437 4.5 0.312039
1438 4.45 0.320156
1439 4.45 0.320156
1440 4.45 0.320156
1441 4.4 0.30262
1442 4.3 0.281911
1443 4.35 0.292674
1444 4.35 0.292674
1445 4.3 0.281911
1446 4.35 0.310136
1447 4.2 0.304354
1448 4.35 0.326666
1449 4.3 0.356149
1450 4.3 0.356149
1451 4.35 0.35744
1452 4.35 0.334625
1453 4.35 0.35
1454 4.4 0.365629
1455 4.4 0.365629
1456 4.35 0.35744
1457 4.4 0.343358
1458 4.35 0.342399
1459 4.25 0.346979
1460 4.2 0.352435
1461 4.25 0.33931
1462 4.25 0.33931
1463 4.25 0.33931
1464 4.25 0.323427
1465 4.35 0.301531
1466 4.5 0.303488
1467 4.5 0.303488
1468 4.5 0.303488
1469 4.45 0.303272
1470 4.45 0.311828
1471 4.6 0.30262
1472 4.55 0.28539
1473 4.55 0.28539
1474 4.55 0.28539
1475 4.55 0.28539
1476 4.55 0.28539
1477 4.55 0.276015
1478 4.5 0.28562
1479 4.5 0.276253
1480 4.5 0.276253
1481 4.5 0.276253
1482 4.55 0.294467
1483 4.65 0.301531
1484 4.55 0.311828
1485 4.55 0.311828
1486 4.5 0.320362
1487 4.45 0.294467
1488 4.5 0.303488
1489 4.4 0.293795
1490 4.4 0.293795
1491 4.4 0.293795
1492 4.45 0.294467
1493 4.45 0.294467
1494 4.45 0.294467
1495 4.4 0.30262
1496 4.35 0.292674
1497 4.3 0.291096
1498 4.35 0.292674
1499 4.35 0.292674
1500 4.25 0.279803
1501 4.25 0.279803
1502 4.35 0.264326
1503 4.35 0.264326
1504 4.3 0.262578
1505 4.3 0.262578
1506 4.25 0.279803
1507 4.3 0.281911
1508 4.35 0.28354
1509 4.4 0.311195
1510 4.35 0.292674
1511 4.35 0.310136
1512 4.35 0.310136
1513 4.4 0.284697
1514 4.35 0.28354
1515 4.35 0.301531
1516 4.4 0.30262
1517 4.3 0.3
1518 4.4 0.284697
1519 4.35 0.301531
1520 4.4 0.284697
1521 4.4 0.284697
1522 4.35 0.292674
1523 4.35 0.292674
1524 4.35 0.292674
1525 4.35 0.292674
1526 4.3 0.3
1527 4.25 0.289055
1528 4.3 0.281911
1529 4.25 0.289055
1530 4.25 0.289055
1531 4.3 0.281911
1532 4.35 0.292674
1533 4.4 0.284697
1534 4.4 0.284697
1535 4.25 0.29802
1536 4.3 0.262578
1537 4.25 0.270234
1538 4.35 0.28354
1539 4.4 0.275299
1540 4.3 0.281911
1541 4.25 0.260314
1542 4.25 0.260314
1543 4.25 0.260314
1544 4.3 0.241704
1545 4.25 0.239242
1546 4.25 0.25
1547 4.25 0.239242
1548 4.2 0.247088
1549 4.25 0.25
1550 4.2 0.257519
1551 4.2 0.247088
1552 4.2 0.247088
1553 4.2 0.247088
1554 4.2 0.247088
1555 4.25 0.25
1556 4.25 0.25
1557 4.3 0.252357
1558 4.25 0.260314
1559 4.25 0.270234
1560 4.3 0.272416
1561 4.3 0.252357
1562 4.15 0.264326
1563 4.2 0.257519
1564 4.25 0.260314
1565 4.25 0.260314
1566 4.2 0.257519
1567 4.15 0.243602
1568 4.05 0.245753
1569 4.15 0.243602
1570 4.25 0.239242
1571 4.15 0.232549
1572 4.15 0.232549
1573 4.2 0.236198
1574 4 0.251312
1575 4.05 0.245753
1576 3.95 0.256238
1577 3.95 0.234801
1578 4 0.229416
1579 3.95 0.223312
1580 3.95 0.223312
1581 4.15 0.232549
1582 4.1 0.239517
1583 4.1 0.239517
1584 4.1 0.239517
1585 4.05 0.256238
1586 4.1 0.270477
1587 4.1 0.280038
1588 4.05 0.26631
1589 4 0.261574
1590 3.9 0.260566
1591 3.85 0.274101
1592 3.85 0.274101
1593 3.85 0.274101
1594 3.9 0.270477
1595 3.9 0.270477
1596 3.95 0.26631
1597 3.9 0.260566
1598 3.95 0.276015
1599 4 0.261574
1600 4.05 0.26631
1601 4.05 0.26631
1602 4.05 0.256238
1603 4.1 0.280038
1604 4.15 0.28354
1605 4.1 0.239517
1606 4.1 0.270477
1607 4.1 0.270477
1608 4 0.280976
1609 4.05 0.294467
1610 4.15 0.301531
1611 4.1 0.306937
1612 4.2 0.277204
1613 4.1 0.260566
1614 4 0.261574
1615 3.95 0.256238
1616 4.05 0.245753
1617 4.1 0.270477
1618 4.1 0.270477
1619 4.15 0.28354
1620 4.2 0.295581
1621 4.2 0.295581
1622 4.3 0.291096
1623 4.2 0.267542
1624 4.2 0.267542
1625 4.25 0.279803
1626 4.3 0.291096
1627 4.25 0.279803
1628 4.25 0.279803
1629 4.25 0.279803
1630 4.25 0.279803
1631 4.3 0.291096
1632 4.3 0.291096
1633 4.2 0.28654
1634 4.25 0.315186
1635 4.2 0.337171
1636 4.2 0.329274
1637 4.15 0.334625
1638 4.15 0.334625
1639 4.1 0.315394
1640 4.2 0.329274
1641 4.1 0.347169
1642 4.15 0.326666
1643 4.2 0.321182
1644 4.3 0.333246
1645 4.35 0.334625
1646 4.25 0.346979
1647 4.45 0.328273
1648 4.45 0.328273
1649 4.35 0.326666
1650 4.35 0.326666
1651 4.3 0.341051
1652 4.25 0.331464
1653 4.3 0.333246
1654 4.35 0.326666
1655 4.3 0.333246
1656 4.35 0.334625
1657 4.3 0.341051
1658 4.35 0.334625
1659 4.3 0.317059
1660 4.3 0.281911
1661 4.35 0.28354
1662 4.3 0.272416
1663 4.25 0.270234
1664 4.2 0.312881
1665 4.2 0.312881
1666 4.2 0.312881
1667 4.2 0.312881
1668 4.25 0.331464
1669 4 0.307794
1670 4.05 0.343932
1671 4.05 0.328273
1672 4.2 0.344887
1673 4.15 0.35
1674 4.15 0.326666
1675 4.15 0.326666
1676 4.25 0.315186
1677 4.3 0.333246
1678 4.25 0.331464
1679 4.25 0.331464
1680 4.25 0.331464
1681 4.15 0.334625
1682 4 0.316228
1683 4.05 0.328273
1684 4.1 0.331662
1685 4.1 0.347169
1686 4.05 0.366168
1687 4.1 0.36921
1688 4.1 0.36921
1689 4.1 0.347169
1690 4.15 0.364728
1691 4.15 0.364728
1692 4.25 0.346979
1693 4.25 0.346979
1694 4.3 0.356149
1695 4.4 0.350939
1696 4.45 0.336194
1697 4.45 0.336194
1698 4.45 0.336194
1699 4.45 0.320156
1700 4.45 0.320156
1701 4.5 0.328473
1702 4.5 0.328473
1703 4.5 0.328473
1704 4.45 0.343932
1705 4.45 0.343932
1706 4.4 0.365629
1707 4.35 0.318508
1708 4.45 0.343932
1709 4.4 0.365629
1710 4.4 0.365629
1711 4.45 0.373286
1712 4.4 0.365629
1713 4.45 0.343932
1714 4.4 0.327671
1715 4.25 0.346979
1716 4.25 0.346979
1717 4.3 0.317059
1718 4.25 0.306723
1719 4.25 0.315186
1720 4.3 0.317059
1721 4.25 0.306723
1722 4.2 0.304354
1723 4.15 0.292674
1724 4.15 0.292674
1725 4.25 0.306723
1726 4.25 0.306723
1727 4.25 0.306723
1728 4.25 0.306723
1729 4.2 0.304354
1730 4.25 0.306723
1731 4.2 0.295581
1732 4.15 0.292674
1733 4.05 0.26631
1734 4.1 0.280038
1735 4.05 0.294467
1736 4.05 0.294467
1737 4.05 0.294467
1738 4.15 0.301531
1739 4.1 0.280038
1740 4 0.280976
1741 3.95 0.276015
1742 4 0.280976
1743 4.05 0.294467
1744 4 0.299122
1745 4.15 0.274101
1746 4.15 0.274101
1747 4.1 0.260566
1748 4.1 0.260566
1749 4.1 0.239517
1750 4.1 0.239517
1751 4.1 0.250263
1752 4.15 0.254176
1753 4.15 0.254176
1754 4.15 0.254176
1755 4.15 0.254176
1756 4.1 0.270477
1757 4.05 0.28539
1758 4.1 0.270477
1759 4.05 0.294467
1760 4.15 0.274101
1761 4.1 0.270477
1762 4.05 0.26631
1763 4.05 0.276015
1764 4 0.261574
1765 4.05 0.276015
1766 4.05 0.276015
1767 4.05 0.26631
1768 4.2 0.267542
1769 4.2 0.295581
1770 4.05 0.276015
1771 4.1 0.280038
1772 3.95 0.26631
1773 3.9 0.289282
1774 3.85 0.28354
1775 3.95 0.28539
1776 3.95 0.320156
1777 3.85 0.326666
1778 3.85 0.334625
1779 3.9 0.339504
1780 3.95 0.351501
1781 4 0.362738
1782 4 0.362738
1783 4.05 0.373286
1784 3.95 0.373286
1785 3.95 0.373286
1786 3.9 0.347169
1787 3.95 0.358909
1788 4 0.362738
1789 4 0.362738
1790 3.95 0.351501
1791 3.95 0.351501
1792 4 0.362738
1793 4 0.362738
1794 4 0.362738
1795 4 0.362738
1796 4 0.332455
1797 4.05 0.343932
1798 4.05 0.343932
1799 4.1 0.339504
1800 4.1 0.339504
1801 4.05 0.351501
1802 3.95 0.328273
1803 3.9 0.331662
1804 3.9 0.323631
1805 3.95 0.320156
1806 3.95 0.320156
1807 3.9 0.306937
1808 3.9 0.306937
1809 3.85 0.326666
1810 3.65 0.310136
1811 3.6 0.311195
1812 3.6 0.311195
1813 3.6 0.319539
1814 3.6 0.319539
1815 3.65 0.310136
1816 3.65 0.310136
1817 3.75 0.315186
1818 3.7 0.291096
1819 3.7 0.291096
1820 3.7 0.262578
1821 3.6 0.244949
1822 3.85 0.274101
1823 3.9 0.289282
1824 3.85 0.28354
1825 3.9 0.289282
1826 3.85 0.28354
1827 3.85 0.292674
1828 3.75 0.29802
1829 3.8 0.304354
1830 3.8 0.295581
1831 3.9 0.323631
1832 3.8 0.321182
1833 3.85 0.318508
1834 3.9 0.306937
1835 3.85 0.301531
1836 3.8 0.28654
1837 3.8 0.28654
1838 3.75 0.289055
1839 3.7 0.3
1840 3.65 0.310136
1841 3.6 0.327671
1842 3.45 0.336194
1843 3.55 0.336194
1844 3.5 0.336389
1845 3.5 0.336389
1846 3.5 0.328473
1847 3.45 0.328273
1848 3.4 0.319539
1849 3.45 0.320156
1850 3.45 0.320156
1851 3.4 0.327671
1852 3.5 0.328473
1853 3.55 0.311828
1854 3.55 0.311828
1855 3.6 0.319539
1856 3.55 0.311828
1857 3.55 0.320156
1858 3.5 0.28562
1859 3.55 0.311828
1860 3.45 0.311828
1861 3.45 0.303272
1862 3.4 0.311195
1863 3.4 0.293795
1864 3.4 0.293795
1865 3.5 0.303488
1866 3.6 0.293795
1867 3.65 0.301531
1868 3.65 0.301531
1869 3.65 0.301531
1870 3.6 0.293795
1871 3.5 0.303488
1872 3.5 0.320362
1873 3.45 0.343932
1874 3.35 0.35744
1875 3.35 0.371873
1876 3.2 0.359825
1877 3.3 0.370632
1878 3.35 0.35
1879 3.4 0.335606
1880 3.45 0.343932
1881 3.45 0.320156
1882 3.45 0.343932
1883 3.45 0.343932
1884 3.45 0.366168
1885 3.5 0.320362
1886 3.5 0.320362
1887 3.55 0.320156
1888 3.55 0.320156
1889 3.55 0.320156
1890 3.55 0.320156
1891 3.55 0.320156
1892 3.6 0.319539
1893 3.55 0.311828
1894 3.6 0.350939
1895 3.55 0.351501
1896 3.55 0.351501
1897 3.5 0.351688
1898 3.5 0.351688
1899 3.5 0.351688
1900 3.5 0.351688
1901 3.45 0.336194
1902 3.55 0.343932
1903 3.65 0.342399
1904 3.7 0.325253
1905 3.7 0.325253
1906 3.7 0.325253
1907 3.7 0.325253
1908 3.7 0.325253
1909 3.7 0.325253
1910 3.7 0.317059
1911 3.7 0.317059
1912 3.7 0.317059
1913 3.7 0.317059
1914 3.7 0.317059
1915 3.75 0.315186
1916 3.7 0.291096
1917 3.75 0.270234
1918 3.75 0.270234
1919 3.75 0.270234
1920 3.75 0.270234
1921 3.7 0.262578
1922 3.65 0.243602
1923 3.55 0.256238
1924 3.7 0.272416
1925 3.65 0.254176
1926 3.7 0.262578
1927 3.7 0.262578
1928 3.65 0.254176
1929 3.7 0.262578
1930 3.6 0.244949
1931 3.5 0.276253
1932 3.6 0.265568
1933 3.6 0.265568
1934 3.7 0.262578
1935 3.7 0.262578
1936 3.7 0.262578
1937 3.7 0.262578
1938 3.7 0.262578
1939 3.65 0.264326
1940 3.7 0.262578
1941 3.65 0.264326
1942 3.55 0.223312
1943 3.7 0.218849
1944 3.65 0.220943
1945 3.7 0.218849
1946 3.7 0.218849
1947 3.7 0.218849
1948 3.7 0.218849
1949 3.6 0.244949
1950 3.6 0.244949
1951 3.65 0.220943
1952 3.65 0.220943
1953 3.65 0.220943
1954 3.65 0.220943
1955 3.6 0.233959
1956 3.55 0.223312
1957 3.6 0.233959
1958 3.7 0.218849
1959 3.75 0.227977
1960 3.7 0.218849
1961 3.75 0.227977
1962 3.65 0.220943
1963 3.5 0.211511
1964 3.55 0.2112
1965 3.5 0.223607
1966 3.5 0.223607
1967 3.45 0.234801
1968 3.3 0.241704
1969 3.45 0.2112
1970 3.4 0.233959
1971 3.45 0.245753
1972 3.45 0.245753
1973 3.35 0.264326
1974 3.3 0.272416
1975 3.45 0.245753
1976 3.5 0.246021
1977 3.45 0.245753
1978 3.45 0.245753
1979 3.45 0.245753
1980 3.5 0.235081
1981 3.5 0.211511
1982 3.45 0.223312
1983 3.45 0.2112
1984 3.45 0.2112
1985 3.5 0.211511
1986 3.5 0.211511
1987 3.5 0.211511
1988 3.45 0.223312
1989 3.45 0.223312
1990 3.45 0.223312
1991 3.5 0.211511
1992 3.55 0.2112
1993 3.6 0.233959
1994 3.6 0.233959
1995 3.5 0.223607
1996 3.5 0.235081
1997 3.55 0.256238
1998 3.55 0.245753
1999 3.5 0.246021
2000 3.55 0.256238
2001 3.55 0.245753
2002 3.6 0.255467
2003 3.6 0.222427
2004 3.65 0.220943
2005 3.65 0.220943
2006 3.7 0.218849
2007 3.65 0.232549
2008 3.7 0.206474
2009 3.7 0.206474
2010 3.65 0.208693
2011 3.75 0.227977
2012 3.8 0.212751
2013 3.75 0.216126
2014 3.75 0.227977
2015 3.95 0.245753
2016 3.95 0.234801
2017 3.9 0.228266
2018 3.9 0.239517
2019 3.95 0.245753
2020 3.95 0.245753
2021 3.9 0.228266
2022 3.9 0.228266
2023 4 0.240613
2024 4 0.240613
2025 3.9 0.228266
2026 3.9 0.228266
2027 3.9 0.21643
2028 3.9 0.21643
2029 3.9 0.21643
2030 3.9 0.21643
2031 3.95 0.198348
2032 3.95 0.198348
2033 3.95 0.198348
2034 3.95 0.198348
2035 3.9 0.190567
2036 3.8 0.2
2037 3.8 0.2
2038 3.8 0.186378
2039 3.9 0.21643
2040 3.9 0.21643
2041 3.85 0.220943
2042 3.8 0.236198
2043 4 0.205196
2044 3.95 0.223312
2045 3.8 0.236198
2046 3.85 0.220943
2047 3.95 0.223312
2048 4.05 0.2112
2049 4 0.217643
2050 4.1 0.21643
2051 3.95 0.26631
2052 3.9 0.270477
2053 3.7 0.252357
2054 3.85 0.264326
2055 3.8 0.257519
2056 3.85 0.254176
2057 3.8 0.236198
2058 3.8 0.236198
2059 3.85 0.254176
2060 3.8 0.257519
2061 3.8 0.257519
2062 3.85 0.264326
2063 3.75 0.289055
2064 3.8 0.267542
2065 3.75 0.270234
2066 3.7 0.281911
2067 3.75 0.279803
2068 3.75 0.239242
2069 3.75 0.239242
2070 3.7 0.206474
2071 3.7 0.206474
2072 3.8 0.236198
2073 3.8 0.212751
2074 3.85 0.254176
2075 3.9 0.270477
2076 3.9 0.270477
2077 3.8 0.277204
2078 3.75 0.270234
2079 3.8 0.277204
2080 3.75 0.25
2081 3.6 0.255467
2082 3.6 0.255467
2083 3.7 0.272416
2084 3.65 0.28354
2085 3.65 0.274101
2086 3.7 0.262578
2087 3.75 0.279803
2088 3.75 0.270234
2089 3.75 0.270234
2090 3.85 0.264326
2091 3.9 0.280038
2092 3.95 0.28539
2093 3.9 0.270477
2094 3.85 0.28354
2095 3.75 0.29802
2096 3.75 0.29802
2097 3.7 0.308647
2098 3.7 0.308647
2099 3.7 0.308647
2100 3.65 0.318508
2101 3.7 0.317059
2102 3.6 0.319539
2103 3.55 0.336194
2104 3.55 0.328273
2105 3.6 0.327671
2106 3.6 0.311195
2107 3.65 0.318508
2108 3.7 0.3
2109 3.75 0.289055
2110 3.8 0.277204
2111 3.7 0.3
2112 3.7 0.3
2113 3.55 0.28539
2114 3.55 0.28539
2115 3.45 0.28539
2116 3.4 0.284697
2117 3.4 0.319539
2118 3.4 0.311195
2119 3.45 0.311828
2120 3.45 0.320156
2121 3.4 0.327671
2122 3.45 0.328273
2123 3.45 0.336194
2124 3.65 0.301531
2125 3.65 0.301531
2126 3.6 0.293795
2127 3.6 0.284697
2128 3.55 0.28539
2129 3.5 0.266557
2130 3.5 0.266557
2131 3.55 0.28539
2132 3.6 0.293795
2133 3.7 0.281911
2134 3.65 0.292674
2135 3.75 0.289055
2136 3.65 0.274101
2137 3.75 0.260314
2138 3.7 0.262578
2139 3.6 0.244949
2140 3.6 0.244949
2141 3.55 0.234801
2142 3.75 0.25
2143 3.6 0.233959
2144 3.55 0.234801
2145 3.6 0.244949
2146 3.6 0.244949
2147 3.6 0.244949
2148 3.6 0.265568
2149 3.6 0.265568
2150 3.5 0.276253
2151 3.55 0.26631
2152 3.55 0.245753
2153 3.6 0.255467
2154 3.6 0.255467
2155 3.55 0.26631
2156 3.5 0.266557
2157 3.5 0.266557
2158 3.5 0.276253
2159 3.55 0.28539
2160 3.65 0.28354
2161 3.65 0.28354
2162 3.55 0.294467
2163 3.4 0.284697
2164 3.55 0.303272
2165 3.5 0.29469
2166 3.5 0.29469
2167 3.5 0.29469
2168 3.5 0.266557
2169 3.45 0.256238
2170 3.45 0.256238
2171 3.4 0.255467
2172 3.4 0.244949
2173 3.4 0.255467
2174 3.45 0.245753
2175 3.45 0.223312
2176 3.4 0.233959
2177 3.5 0.223607
2178 3.45 0.234801
2179 3.5 0.235081
2180 3.65 0.254176
2181 3.6 0.255467
2182 3.6 0.255467
2183 3.65 0.254176
2184 3.6 0.255467
2185 3.65 0.254176
2186 3.6 0.265568
2187 3.7 0.3
2188 3.7 0.3
2189 3.7 0.3
2190 3.7 0.3
2191 3.65 0.310136
2192 3.65 0.301531
2193 3.7 0.291096
2194 3.7 0.291096
2195 3.7 0.291096
2196 3.7 0.291096
2197 3.6 0.30262
2198 3.65 0.292674
2199 3.6 0.275299
2200 3.6 0.275299
2201 3.7 0.291096
2202 3.65 0.292674
2203 3.65 0.292674
2204 3.6 0.293795
2205 3.6 0.293795
2206 3.6 0.30262
2207 3.6 0.275299
2208 3.65 0.264326
2209 3.65 0.264326
2210 3.65 0.264326
2211 3.55 0.28539
2212 3.65 0.264326
2213 3.65 0.274101
2214 3.7 0.272416
2215 3.7 0.272416
2216 3.7 0.272416
2217 3.6 0.275299
2218 3.55 0.26631
2219 3.6 0.284697
2220 3.55 0.276015
2221 3.5 0.28562
2222 3.5 0.28562
2223 3.4 0.255467
2224 3.55 0.26631
2225 3.75 0.260314
2226 3.75 0.260314
2227 3.75 0.260314
2228 3.8 0.247088
2229 3.75 0.239242
2230 3.75 0.239242
2231 3.7 0.23056
2232 3.7 0.23056
2233 3.7 0.23056
2234 3.7 0.252357
2235 3.7 0.252357
2236 3.6 0.265568
2237 3.6 0.244949
2238 3.65 0.232549
2239 3.65 0.232549
2240 3.65 0.232549
2241 3.65 0.232549
2242 3.65 0.254176
2243 3.65 0.254176
2244 3.7 0.241704
2245 3.65 0.254176
2246 3.65 0.254176
2247 3.65 0.254176
2248 3.6 0.210263
2249 3.6 0.233959
2250 3.55 0.234801
2251 3.65 0.220943
2252 3.65 0.220943
2253 3.6 0.233959
2254 3.55 0.234801
2255 3.55 0.234801
2256 3.55 0.234801
2257 3.6 0.222427
2258 3.6 0.222427
2259 3.6 0.255467
2260 3.45 0.245753
2261 3.45 0.256238
2262 3.5 0.256495
2263 3.5 0.256495
2264 3.55 0.245753
2265 3.5 0.246021
2266 3.4 0.244949
2267 3.45 0.256238
2268 3.5 0.28562
2269 3.5 0.28562
2270 3.55 0.256238
2271 3.55 0.256238
2272 3.45 0.276015
2273 3.5 0.266557
2274 3.5 0.266557
2275 3.55 0.256238
2276 3.5 0.246021
2277 3.5 0.246021
2278 3.55 0.256238
2279 3.55 0.245753
2280 3.65 0.254176
2281 3.6 0.233959
2282 3.6 0.233959
2283 3.5 0.246021
2284 3.5 0.246021
2285 3.45 0.256238
2286 3.45 0.26631
2287 3.4 0.265568
2288 3.45 0.28539
2289 3.45 0.276015
2290 3.45 0.276015
2291 3.5 0.28562
2292 3.5 0.28562
2293 3.55 0.276015
2294 3.55 0.276015
2295 3.55 0.276015
2296 3.55 0.276015
2297 3.55 0.276015
2298 3.55 0.276015
2299 3.45 0.26631
2300 3.5 0.266557
2301 3.45 0.276015
2302 3.4 0.255467
2303 3.4 0.255467
2304 3.3 0.272416
2305 3.35 0.310136
2306 3.45 0.294467
2307 3.45 0.294467
2308 3.5 0.276253
2309 3.25 0.239242
2310 3.25 0.260314
2311 3.25 0.25
2312 3.3 0.252357
2313 3.3 0.252357
2314 3.3 0.252357
2315 3.25 0.239242
2316 3.3 0.23056
2317 3.15 0.264326
2318 3.25 0.260314
2319 3.3 0.252357
2320 3.25 0.239242
2321 3.35 0.243602
2322 3.3 0.241704
2323 3.35 0.243602
2324 3.3 0.23056
2325 3.4 0.265568
2326 3.45 0.256238
2327 3.45 0.256238
2328 3.4 0.265568
2329 3.3 0.262578
2330 3.45 0.256238
2331 3.5 0.266557
2332 3.6 0.265568
2333 3.6 0.255467
2334 3.55 0.276015
2335 3.6 0.255467
2336 3.5 0.256495
2337 3.5 0.256495
2338 3.5 0.256495
2339 3.4 0.275299
2340 3.5 0.256495
2341 3.5 0.246021
2342 3.5 0.256495
2343 3.6 0.244949
2344 3.55 0.245753
2345 3.6 0.244949
2346 3.55 0.256238
2347 3.5 0.256495
2348 3.45 0.256238
2349 3.45 0.26631
2350 3.35 0.254176
2351 3.5 0.235081
2352 3.5 0.235081
2353 3.5 0.235081
2354 3.5 0.235081
2355 3.5 0.235081
2356 3.5 0.235081
2357 3.5 0.235081
2358 3.55 0.234801
2359 3.55 0.234801
2360 3.5 0.246021
2361 3.35 0.254176
2362 3.4 0.255467
2363 3.4 0.255467
2364 3.4 0.255467
2365 3.45 0.28539
2366 3.45 0.28539
2367 3.4 0.293795
2368 3.45 0.26631
2369 3.5 0.29469
2370 3.5 0.29469
2371 3.45 0.311828
2372 3.45 0.311828
2373 3.45 0.311828
2374 3.45 0.311828
2375 3.45 0.311828
2376 3.35 0.274101
2377 3.2 0.267542
2378 3.3 0.291096
2379 3.25 0.289055
2380 3.2 0.295581
2381 3.25 0.289055
2382 3.2 0.28654
2383 3.25 0.25
2384 3.25 0.25
2385 3.3 0.252357
2386 3.2 0.267542
2387 3.25 0.260314
2388 3.3 0.291096
2389 3.35 0.292674
2390 3.3 0.308647
2391 3.3 0.308647
2392 3.35 0.301531
2393 3.35 0.301531
2394 3.4 0.311195
2395 3.4 0.311195
2396 3.4 0.311195
2397 3.45 0.311828
2398 3.5 0.29469
2399 3.45 0.28539
2400 3.5 0.28562
2401 3.45 0.294467
2402 3.45 0.303272
2403 3.4 0.319539
2404 3.4 0.327671
2405 3.35 0.310136
2406 3.35 0.326666
2407 3.45 0.311828
2408 3.5 0.266557
2409 3.5 0.266557
2410 3.4 0.265568
2411 3.4 0.275299
2412 3.55 0.26631
2413 3.6 0.244949
2414 3.65 0.243602
2415 3.7 0.262578
2416 3.65 0.264326
2417 3.65 0.243602
2418 3.6 0.233959
2419 3.6 0.233959
2420 3.65 0.28354
2421 3.7 0.272416
2422 3.7 0.272416
2423 3.7 0.272416
2424 3.6 0.265568
2425 3.65 0.28354
2426 3.65 0.28354
2427 3.6 0.275299
2428 3.65 0.28354
2429 3.6 0.30262
2430 3.7 0.291096
2431 3.7 0.291096
2432 3.75 0.279803
2433 3.75 0.279803
2434 3.7 0.3
2435 3.75 0.289055
2436 3.7 0.272416
2437 3.7 0.262578
2438 3.7 0.252357
2439 3.65 0.232549
2440 3.65 0.232549
2441 3.6 0.244949
2442 3.6 0.233959
2443 3.55 0.245753
2444 3.55 0.245753
2445 3.45 0.245753
2446 3.6 0.233959
2447 3.65 0.208693
2448 3.65 0.208693
2449 3.65 0.208693
2450 3.55 0.184605
2451 3.45 0.256238
2452 3.5 0.19868
2453 3.5 0.223607
2454 3.5 0.223607
2455 3.5 0.223607
2456 3.55 0.223312
2457 3.55 0.223312
2458 3.7 0.252357
2459 3.75 0.239242
2460 3.75 0.239242
2461 3.75 0.239242
2462 3.7 0.252357
2463 3.7 0.252357
2464 3.65 0.232549
2465 3.65 0.232549
2466 3.65 0.232549
2467 3.65 0.232549
2468 3.65 0.232549
2469 3.55 0.223312
2470 3.45 0.234801
2471 3.5 0.256495
2472 3.55 0.256238
2473 3.4 0.244949
2474 3.35 0.243602
2475 3.4 0.244949
2476 3.3 0.241704
2477 3.4 0.265568
2478 3.5 0.266557
2479 3.5 0.266557
2480 3.45 0.26631
2481 3.5 0.266557
2482 3.4 0.255467
2483 3.4 0.255467
2484 3.3 0.252357
2485 3.35 0.243602
2486 3.35 0.264326
2487 3.45 0.256238
2488 3.45 0.256238
2489 3.45 0.256238
2490 3.45 0.256238
2491 3.4 0.265568
2492 3.4 0.265568
2493 3.35 0.254176
2494 3.35 0.254176
2495 3.4 0.255467
2496 3.4 0.255467
2497 3.4 0.255467
2498 3.4 0.255467
2499 3.45 0.256238
2500 3.45 0.256238
2501 3.45 0.256238
2502 3.45 0.256238
2503 3.4 0.255467
2504 3.5 0.256495
2505 3.5 0.256495
2506 3.45 0.276015
2507 3.45 0.276015
2508 3.35 0.274101
2509 3.45 0.276015
2510 3.5 0.276253
2511 3.55 0.256238
2512 3.55 0.256238
2513 3.55 0.26631
2514 3.55 0.26631
2515 3.5 0.266557
2516 3.55 0.26631
2517 3.55 0.26631
2518 3.5 0.276253
2519 3.45 0.294467
2520 3.45 0.294467
2521 3.4 0.293795
2522 3.45 0.294467
2523 3.55 0.26631
2524 3.55 0.26631
2525 3.55 0.26631
2526 3.5 0.266557
2527 3.45 0.26631
2528 3.4 0.275299
2529 3.4 0.265568
2530 3.5 0.266557
2531 3.5 0.266557
2532 3.5 0.266557
2533 3.35 0.264326
2534 3.45 0.256238
2535 3.45 0.256238
2536 3.4 0.265568
2537 3.45 0.26631
2538 3.5 0.246021
2539 3.45 0.223312
2540 3.6 0.233959
2541 3.6 0.265568
2542 3.5 0.246021
2543 3.6 0.233959
2544 3.6 0.233959
2545 3.6 0.233959
2546 3.65 0.254176
2547 3.6 0.265568
2548 3.65 0.254176
2549 3.65 0.254176
2550 3.6 0.255467
2551 3.6 0.255467
2552 3.55 0.256238
2553 3.5 0.266557
2554 3.55 0.256238
2555 3.55 0.256238
2556 3.6 0.255467
2557 3.55 0.256238
2558 3.55 0.256238
2559 3.55 0.256238
2560 3.55 0.256238
2561 3.5 0.235081
2562 3.5 0.256495
2563 3.5 0.256495
2564 3.55 0.256238
2565 3.6 0.255467
2566 3.65 0.254176
2567 3.6 0.255467
2568 3.6 0.255467
2569 3.6 0.255467
2570 3.55 0.26631
2571 3.55 0.26631
2572 3.55 0.26631
2573 3.5 0.246021
2574 3.55 0.26631
2575 3.65 0.264326
2576 3.65 0.264326
2577 3.6 0.244949
2578 3.5 0.223607
2579 3.65 0.264326
2580 3.65 0.254176
2581 3.65 0.254176
2582 3.75 0.227977
2583 3.75 0.227977
2584 3.75 0.227977
2585 3.75 0.227977
2586 3.75 0.227977
2587 3.8 0.236198
2588 3.75 0.227977
2589 3.75 0.227977
2590 3.75 0.227977
2591 3.7 0.241704
2592 3.75 0.227977
