0 0 0
1 0 0
2 0.05 0.05
3 0.2 0.0917663
4 0.3 0.105131
5 0.55 0.135239
6 0.9 0.160591
7 1.05 0.198348
8 1.05 0.2112
9 1.15 0.195677
10 1.15 0.195677
11 1.3 0.218849
12 1.25 0.216126
13 1.25 0.203586
14 1.35 0.208693
15 1.25 0.190221
16 1.25 0.190221
17 1.25 0.190221
18 1.15 0.181731
19 1.15 0.181731
20 1.1 0.176218
21 1.1 0.160591
22 1.1 0.190567
23 1.2 0.212751
24 1.25 0.216126
25 1.35 0.220943
26 1.35 0.232549
27 1.25 0.227977
28 1.15 0.220943
29 1.25 0.239242
30 1.3 0.23056
31 1.3 0.272416
32 1.2 0.277204
33 1.2 0.267542
34 1.2 0.267542
35 1.1 0.260566
36 1.1 0.260566
37 1.05 0.26631
38 1.05 0.26631
39 1.05 0.276015
40 1.05 0.276015
41 1.05 0.276015
42 1 0.261574
43 1 0.261574
44 0.9 0.260566
45 0.95 0.256238
46 0.95 0.256238
47 0.9 0.260566
48 0.85 0.254176
49 0.85 0.243602
50 0.8 0.224781
51 0.8 0.224781
52 0.8 0.224781
53 0.75 0.175844
54 0.75 0.175844
55 0.7 0.179179
56 0.7 0.179179
57 0.65 0.166623
58 0.55 0.153469
59 0.5 0.153897
60 0.5 0.135724
61 0.65 0.166623
62 0.65 0.166623
63 0.6 0.133771
64 0.6 0.133771
65 0.6 0.133771
66 0.65 0.15
67 0.65 0.15
68 0.65 0.15
69 0.6 0.152177
70 0.6 0.152177
71 0.65 0.15
72 0.65 0.15
73 0.7 0.146898
74 0.75 0.160181
75 0.75 0.160181
76 0.75 0.160181
77 0.7 0.163836
78 0.65 0.166623
79 0.7 0.163836
80 0.7 0.163836
81 0.65 0.15
82 0.6 0.133771
83 0.6 0.133771
84 0.55 0.135239
85 0.6 0.152177
86 0.65 0.166623
87 0.55 0.153469
88 0.5 0.153897
89 0.5 0.153897
90 0.5 0.153897
91 0.5 0.153897
92 0.5 0.153897
93 0.5 0.153897
94 0.5 0.153897
95 0.5 0.153897
96 0.5 0.153897
97 0.45 0.153469
98 0.45 0.153469
99 0.5 0.153897
100 0.5 0.153897
101 0.45 0.135239
102 0.4 0.133771
103 0.35 0.109424
104 0.35 0.109424
105 0.35 0.109424
106 0.35 0.109424
107 0.35 0.109424
108 0.35 0.109424
109 0.35 0.109424
110 0.4 0.11239
111 0.4 0.11239
112 0.45 0.114133
113 0.4 0.11239
114 0.4 0.11239
115 0.35 0.109424
116 0.35 0.109424
117 0.4 0.11239
118 0.4 0.11239
119 0.35 0.109424
120 0.35 0.109424
121 0.3 0.105131
122 0.4 0.152177
123 0.4 0.152177
124 0.35 0.131289
125 0.35 0.131289
126 0.4 0.133771
127 0.35 0.109424
128 0.35 0.109424
129 0.3 0.105131
130 0.35 0.131289
131 0.35 0.131289
132 0.3 0.105131
133 0.35 0.109424
134 0.35 0.109424
135 0.35 0.109424
136 0.4 0.133771
137 0.4 0.133771
138 0.4 0.133771
139 0.4 0.133771
140 0.4 0.133771
141 0.4 0.133771
142 0.4 0.133771
143 0.35 0.131289
144 0.35 0.131289
145 0.3 0.127733
146 0.3 0.127733
147 0.3 0.127733
148 0.3 0.127733
149 0.35 0.131289
150 0.35 0.131289
151 0.35 0.131289
152 0.35 0.131289
153 0.3 0.105131
154 0.25 0.0993399
155 0.3 0.127733
156 0.3 0.127733
157 0.2 0.0917663
158 0.15 0.0819178
159 0.15 0.0819178
160 0.15 0.0819178
161 0.15 0.0819178
162 0.15 0.0819178
163 0.15 0.0819178
164 0.2 0.11698
165 0.25 0.12301
166 0.2 0.0917663
167 0.25 0.0993399
168 0.2 0.0917663
169 0.2 0.0917663
170 0.25 0.0993399
171 0.2 0.0917663
172 0.15 0.0819178
173 0.2 0.0917663
174 0.2 0.0917663
175 0.2 0.0917663
176 0.15 0.0819178
177 0.15 0.0819178
178 0.2 0.0917663
179 0.2 0.0917663
180 0.2 0.0917663
181 0.15 0.0819178
182 0.2 0.0917663
183 0.2 0.0917663
184 0.15 0.0819178
185 0.15 0.0819178
186 0.2 0.0917663
187 0.2 0.0917663
188 0.2 0.0917663
189 0.2 0.0917663
190 0.25 0.12301
191 0.25 0.12301
192 0.25 0.12301
193 0.25 0.12301
194 0.25 0.12301
195 0.25 0.12301
196 0.25 0.12301
197 0.25 0.12301
198 0.25 0.12301
199 0.25 0.12301
200 0.25 0.12301
201 0.25 0.12301
202 0.3 0.127733
203 0.25 0.12301
204 0.25 0.12301
205 0.2 0.0917663
206 0.25 0.0993399
207 0.2 0.0917663
208 0.2 0.0917663
209 0.2 0.0917663
210 0.2 0.0917663
211 0.2 0.0917663
212 0.2 0.0917663
213 0.2 0.0917663
214 0.2 0.0917663
215 0.2 0.0917663
216 0.2 0.0917663
217 0.25 0.0993399
218 0.2 0.0917663
219 0.25 0.0993399
220 0.25 0.0993399
221 0.25 0.0993399
222 0.25 0.0993399
223 0.2 0.0917663
224 0.25 0.0993399
225 0.25 0.0993399
226 0.3 0.105131
227 0.3 0.105131
228 0.35 0.131289
229 0.35 0.131289
230 0.35 0.131289
231 0.35 0.131289
232 0.35 0.15
233 0.35 0.15
234 0.35 0.15
235 0.35 0.15
236 0.35 0.131289
237 0.4 0.133771
238 0.4 0.133771
239 0.4 0.133771
240 0.4 0.133771
241 0.35 0.131289
242 0.35 0.131289
243 0.35 0.131289
244 0.35 0.131289
245 0.3 0.127733
246 0.3 0.127733
247 0.2 0.0917663
248 0.25 0.0993399
249 0.45 0.135239
250 0.4 0.152177
251 0.4 0.152177
252 0.4 0.152177
253 0.4 0.152177
254 0.25 0.12301
255 0.25 0.12301
256 0.25 0.12301
257 0.35 0.131289
258 0.3 0.105131
259 0.4 0.133771
260 0.4 0.133771
261 0.35 0.131289
262 0.35 0.131289
263 0.3 0.105131
264 0.35 0.131289
265 0.35 0.131289
266 0.4 0.152177
267 0.4 0.152177
268 0.4 0.152177
269 0.45 0.153469
270 0.4 0.133771
271 0.4 0.133771
272 0.4 0.133771
273 0.35 0.131289
274 0.35 0.109424
275 0.25 0.0993399
276 0.25 0.0993399
277 0.25 0.0993399
278 0.3 0.105131
279 0.3 0.105131
280 0.3 0.105131
281 0.25 0.0993399
282 0.25 0.0993399
283 0.3 0.105131
284 0.25 0.0993399
285 0.25 0.0993399
286 0.25 0.0993399
287 0.25 0.0993399
288 0.3 0.105131
289 0.4 0.133771
290 0.45 0.153469
291 0.45 0.153469
292 0.45 0.153469
293 0.45 0.153469
294 0.45 0.153469
295 0.4 0.133771
296 0.35 0.109424
297 0.35 0.109424
298 0.4 0.133771
299 0.45 0.153469
300 0.45 0.153469
301 0.45 0.153469
302 0.45 0.153469
303 0.45 0.153469
304 0.45 0.153469
305 0.4 0.133771
306 0.4 0.11239
307 0.4 0.11239
308 0.4 0.11239
309 0.4 0.11239
310 0.4 0.11239
311 0.4 0.11239
312 0.35 0.109424
313 0.3 0.127733
314 0.25 0.12301
315 0.35 0.15
316 0.35 0.15
317 0.4 0.152177
318 0.4 0.152177
319 0.45 0.153469
320 0.4 0.133771
321 0.4 0.133771
322 0.45 0.135239
323 0.35 0.109424
324 0.4 0.133771
325 0.45 0.135239
326 0.4 0.133771
327 0.4 0.133771
328 0.35 0.109424
329 0.3 0.105131
330 0.3 0.105131
331 0.3 0.105131
332 0.35 0.109424
333 0.3 0.105131
334 0.2 0.0917663
335 0.2 0.0917663
336 0.2 0.0917663
337 0.2 0.0917663
338 0.2 0.0917663
339 0.2 0.0917663
340 0.2 0.0917663
341 0.15 0.0819178
342 0.15 0.0819178
343 0.15 0.0819178
344 0.1 0.0688247
345 0.15 0.0819178
346 0.15 0.0819178
347 0.15 0.0819178
348 0.2 0.0917663
349 0.2 0.0917663
350 0.25 0.0993399
351 0.25 0.0993399
352 0.25 0.0993399
353 0.25 0.0993399
354 0.25 0.0993399
355 0.2 0.0917663
356 0.2 0.0917663
357 0.2 0.0917663
358 0.2 0.0917663
359 0.25 0.0993399
360 0.3 0.105131
361 0.2 0.0917663
362 0.2 0.0917663
363 0.2 0.0917663
364 0.2 0.0917663
365 0.15 0.0819178
366 0.15 0.0819178
367 0.15 0.0819178
368 0.15 0.0819178
369 0.15 0.0819178
370 0.2 0.0917663
371 0.2 0.0917663
372 0.25 0.0993399
373 0.3 0.127733
374 0.3 0.127733
375 0.35 0.131289
376 0.35 0.131289
377 0.35 0.131289
378 0.3 0.105131
379 0.3 0.105131
380 0.3 0.105131
381 0.25 0.0993399
382 0.2 0.0917663
383 0.15 0.0819178
384 0.1 0.0688247
385 0.1 0.0688247
386 0.1 0.0688247
387 0.1 0.0688247
388 0.1 0.0688247
389 0.1 0.0688247
390 0.15 0.0819178
391 0.15 0.0819178
392 0.15 0.0819178
393 0.2 0.0917663
394 0.2 0.0917663
395 0.2 0.0917663
396 0.2 0.0917663
397 0.2 0.0917663
398 0.2 0.0917663
399 0.2 0.0917663
400 0.2 0.0917663
401 0.2 0.0917663
402 0.2 0.0917663
403 0.2 0.0917663
404 0.2 0.0917663
405 0.2 0.0917663
406 0.2 0.0917663
407 0.15 0.0819178
408 0.2 0.0917663
409 0.2 0.0917663
410 0.2 0.0917663
411 0.25 0.0993399
412 0.15 0.0819178
413 0.2 0.0917663
414 0.2 0.0917663
415 0.1 0.0688247
416 0.15 0.109424
417 0.15 0.109424
418 0.2 0.11698
419 0.2 0.11698
420 0.3 0.127733
421 0.3 0.127733
422 0.3 0.127733
423 0.3 0.127733
424 0.35 0.131289
425 0.35 0.131289
426 0.35 0.131289
427 0.35 0.131289
428 0.3 0.127733
429 0.35 0.131289
430 0.3 0.127733
431 0.3 0.127733
432 0.25 0.12301
433 0.2 0.0917663
434 0.2 0.0917663
435 0.2 0.0917663
436 0.15 0.0819178
437 0.15 0.0819178
438 0.15 0.0819178
439 0.15 0.0819178
440 0.15 0.0819178
441 0.15 0.0819178
442 0.15 0.0819178
443 0.15 0.0819178
444 0.15 0.0819178
445 0.15 0.0819178
446 0.15 0.0819178
447 0.2 0.0917663
448 0.2 0.0917663
449 0.2 0.0917663
450 0.15 0.0819178
451 0.1 0.0688247
452 0.05 0.05
453 0.1 0.0688247
454 0.05 0.05
455 0.1 0.0688247
456 0.1 0.0688247
457 0.1 0.0688247
458 0.15 0.109424
459 0.15 0.109424
460 0.2 0.11698
461 0.2 0.11698
462 0.2 0.11698
463 0.2 0.11698
464 0.2 0.11698
465 0.2 0.11698
466 0.2 0.11698
467 0.2 0.11698
468 0.2 0.11698
469 0.2 0.11698
470 0.2 0.11698
471 0.2 0.11698
472 0.2 0.11698
473 0.2 0.11698
474 0.15 0.109424
475 0.15 0.109424
476 0.2 0.11698
477 0.15 0.0819178
478 0.15 0.0819178
479 0.15 0.0819178
480 0.15 0.0819178
481 0.15 0.0819178
482 0.15 0.0819178
483 0.15 0.0819178
484 0.15 0.0819178
485 0.15 0.0819178
486 0.15 0.0819178
487 0.15 0.0819178
488 0.15 0.0819178
489 0.15 0.0819178
490 0.15 0.0819178
491 0.15 0.0819178
492 0.15 0.0819178
493 0.15 0.0819178
494 0.15 0.0819178
495 0.15 0.0819178
496 0.1 0.0688247
497 0.1 0.0688247
498 0.1 0.0688247
499 0.15 0.0819178
500 0.15 0.0819178
501 0.1 0.0688247
502 0.1 0.0688247
503 0.15 0.109424
504 0.15 0.109424
505 0.1 0.0688247
506 0.15 0.0819178
507 0.15 0.0819178
508 0.15 0.0819178
509 0.15 0.0819178
510 0.15 0.0819178
511 0.2 0.0917663
512 0.3 0.127733
513 0.3 0.127733
514 0.3 0.127733
515 0.3 0.127733
516 0.2 0.0917663
517 0.2 0.0917663
518 0.2 0.0917663
519 0.2 0.0917663
520 0.2 0.0917663
521 0.2 0.0917663
522 0.2 0.0917663
523 0.2 0.0917663
524 0.2 0.0917663
525 0.25 0.12301
526 0.25 0.12301
527 0.25 0.14281
528 0.25 0.14281
529 0.25 0.14281
530 0.25 0.14281
531 0.25 0.14281
532 0.25 0.14281
533 0.2 0.11698
534 0.2 0.11698
535 0.2 0.11698
536 0.2 0.11698
537 0.2 0.11698
538 0.2 0.11698
539 0.2 0.11698
540 0.2 0.11698
541 0.3 0.127733
542 0.35 0.131289
543 0.4 0.152177
544 0.4 0.152177
545 0.45 0.153469
546 0.45 0.153469
547 0.4 0.152177
548 0.35 0.15
549 0.35 0.131289
550 0.3 0.127733
551 0.3 0.127733
552 0.3 0.127733
553 0.3 0.127733
554 0.3 0.127733
555 0.35 0.131289
556 0.35 0.131289
557 0.3 0.127733
558 0.25 0.12301
559 0.25 0.12301
560 0.2 0.0917663
561 0.25 0.12301
562 0.25 0.12301
563 0.25 0.12301
564 0.2 0.0917663
565 0.25 0.12301
566 0.25 0.12301
567 0.25 0.12301
568 0.25 0.12301
569 0.25 0.12301
570 0.25 0.12301
571 0.3 0.127733
572 0.35 0.131289
573 0.35 0.131289
574 0.3 0.127733
575 0.25 0.12301
576 0.3 0.127733
577 0.25 0.12301
578 0.3 0.105131
579 0.35 0.131289
580 0.4 0.133771
581 0.4 0.133771
582 0.4 0.133771
583 0.3 0.105131
584 0.3 0.105131
585 0.3 0.105131
586 0.25 0.0993399
587 0.2 0.0917663
588 0.2 0.0917663
589 0.25 0.0993399
590 0.3 0.105131
591 0.3 0.105131
592 0.3 0.105131
593 0.3 0.105131
594 0.3 0.105131
595 0.2 0.0917663
596 0.2 0.0917663
597 0.2 0.0917663
598 0.2 0.0917663
599 0.2 0.0917663
600 0.2 0.0917663
601 0.2 0.0917663
602 0.2 0.0917663
603 0.2 0.0917663
604 0.2 0.0917663
605 0.15 0.0819178
606 0.2 0.0917663
607 0.25 0.0993399
608 0.25 0.0993399
609 0.25 0.0993399
610 0.2 0.0917663
611 0.2 0.0917663
612 0.15 0.0819178
613 0.15 0.0819178
614 0.15 0.0819178
615 0.15 0.0819178
616 0.2 0.0917663
617 0.2 0.0917663
618 0.2 0.0917663
619 0.25 0.0993399
620 0.25 0.0993399
621 0.3 0.105131
622 0.35 0.109424
623 0.35 0.109424
624 0.35 0.109424
625 0.35 0.109424
626 0.35 0.109424
627 0.3 0.105131
628 0.3 0.105131
629 0.3 0.105131
630 0.3 0.105131
631 0.3 0.105131
632 0.3 0.105131
633 0.3 0.105131
634 0.25 0.0993399
635 0.25 0.0993399
636 0.25 0.0993399
637 0.2 0.0917663
638 0.2 0.0917663
639 0.3 0.105131
640 0.3 0.105131
641 0.3 0.105131
642 0.3 0.105131
643 0.35 0.109424
644 0.35 0.109424
645 0.35 0.109424
646 0.4 0.133771
647 0.35 0.131289
648 0.35 0.131289
649 0.3 0.105131
650 0.3 0.105131
651 0.3 0.105131
652 0.35 0.131289
653 0.3 0.127733
654 0.25 0.0993399
655 0.25 0.0993399
656 0.2 0.0917663
657 0.2 0.0917663
658 0.2 0.0917663
659 0.15 0.0819178
660 0.15 0.0819178
661 0.15 0.0819178
662 0.15 0.0819178
663 0.15 0.0819178
664 0.1 0.0688247
665 0.1 0.0688247
666 0.1 0.0688247
667 0.1 0.0688247
668 0.1 0.0688247
669 0.05 0.05
670 0 0
671 0 0
672 0 0
673 0 0
674 0 0
675 0 0
676 0 0
677 0 0
678 0.05 0.05
679 0.05 0.05
680 0.1 0.0688247
681 0.1 0.0688247
682 0.15 0.0819178
683 0.15 0.0819178
684 0.15 0.0819178
685 0.15 0.0819178
686 0.05 0.05
687 0.05 0.05
688 0.1 0.0688247
689 0.1 0.0688247
690 0.1 0.0688247
691 0.15 0.0819178
692 0.15 0.0819178
693 0.15 0.0819178
694 0.15 0.0819178
695 0.15 0.0819178
696 0.15 0.0819178
697 0.2 0.0917663
698 0.2 0.0917663
699 0.25 0.0993399
700 0.25 0.0993399
701 0.25 0.0993399
702 0.2 0.0917663
703 0.15 0.0819178
704 0.15 0.0819178
705 0.15 0.0819178
706 0.15 0.0819178
707 0.2 0.0917663
708 0.2 0.0917663
709 0.2 0.0917663
710 0.2 0.0917663
711 0.2 0.0917663
712 0.2 0.0917663
713 0.2 0.0917663
714 0.2 0.0917663
715 0.2 0.0917663
716 0.15 0.0819178
717 0.15 0.0819178
718 0.15 0.0819178
719 0.15 0.0819178
720 0.15 0.0819178
721 0.15 0.0819178
722 0.2 0.0917663
723 0.2 0.0917663
724 0.2 0.0917663
725 0.2 0.0917663
726 0.2 0.0917663
727 0.2 0.0917663
728 0.25 0.0993399
729 0.2 0.0917663
730 0.2 0.0917663
731 0.15 0.0819178
732 0.1 0.0688247
733 0.1 0.0688247
734 0.1 0.0688247
735 0.1 0.0688247
736 0.1 0.0688247
737 0.1 0.0688247
738 0.1 0.0688247
739 0.15 0.0819178
740 0.2 0.0917663
741 0.2 0.0917663
742 0.2 0.0917663
743 0.2 0.0917663
744 0.2 0.0917663
745 0.2 0.0917663
746 0.2 0.0917663
747 0.2 0.0917663
748 0.2 0.0917663
749 0.2 0.0917663
750 0.2 0.0917663
751 0.2 0.0917663
752 0.2 0.0917663
753 0.2 0.0917663
754 0.2 0.0917663
755 0.2 0.0917663
756 0.2 0.0917663
757 0.15 0.0819178
758 0.15 0.0819178
759 0.15 0.0819178
760 0.1 0.0688247
761 0.1 0.0688247
762 0.1 0.0688247
763 0.1 0.0688247
764 0.15 0.0819178
765 0.1 0.0688247
766 0.05 0.05
767 0.05 0.05
768 0.05 0.05
769 0.05 0.05
770 0.05 0.05
771 0.05 0.05
772 0 0
773 0 0
774 0.05 0.05
775 0.05 0.05
776 0.05 0.05
777 0.15 0.0819178
778 0.1 0.0688247
779 0.1 0.0688247
780 0.1 0.0688247
781 0.1 0.0688247
782 0.1 0.0688247
783 0.05 0.05
784 0.05 0.05
785 0.05 0.05
786 0.05 0.05
787 0.05 0.05
788 0.05 0.05
789 0.05 0.05
790 0.05 0.05
791 0.1 0.0688247
792 0.1 0.0688247
793 0.1 0.0688247
794 0.15 0.0819178
795 0.1 0.0688247
796 0.2 0.0917663
797 0.2 0.0917663
798 0.2 0.0917663
799 0.2 0.0917663
800 0.2 0.0917663
801 0.25 0.0993399
802 0.25 0.0993399
803 0.25 0.0993399
804 0.2 0.0917663
805 0.2 0.0917663
806 0.2 0.0917663
807 0.2 0.0917663
808 0.15 0.0819178
809 0.15 0.0819178
810 0.15 0.0819178
811 0.15 0.0819178
812 0.15 0.0819178
813 0.15 0.0819178
814 0.15 0.0819178
815 0.1 0.0688247
816 0.1 0.0688247
817 0.1 0.0688247
818 0.1 0.0688247
819 0.1 0.0688247
820 0.1 0.0688247
821 0.15 0.0819178
822 0.1 0.0688247
823 0.1 0.0688247
824 0.1 0.0688247
825 0.1 0.0688247
826 0.1 0.0688247
827 0.1 0.0688247
828 0.1 0.0688247
829 0.1 0.0688247
830 0.1 0.0688247
831 0.1 0.0688247
832 0.1 0.0688247
833 0.15 0.0819178
834 0.1 0.0688247
835 0.05 0.05
836 0.05 0.05
837 0.05 0.05
838 0.05 0.05
839 0.05 0.05
840 0.05 0.05
841 0.05 0.05
842 0.05 0.05
843 0.05 0.05
844 0.05 0.05
845 0.05 0.05
846 0.05 0.05
847 0.05 0.05
848 0.05 0.05
849 0.05 0.05
850 0.05 0.05
851 0.05 0.05
852 0.05 0.05
853 0.05 0.05
854 0.05 0.05
855 0.05 0.05
856 0.05 0.05
857 0.05 0.05
858 0.05 0.05
859 0.05 0.05
860 0.05 0.05
861 0.05 0.05
862 0.05 0.05
863 0.05 0.05
864 0.05 0.05
865 0.05 0.05
866 0.05 0.05
867 0.05 0.05
868 0.05 0.05
869 0.05 0.05
870 0.05 0.05
871 0.05 0.05
872 0.05 0.05
873 0.05 0.05
874 0.05 0.05
875 0.05 0.05
876 0.05 0.05
877 0.05 0.05
878 0.05 0.05
879 0 0
880 0.05 0.05
881 0.05 0.05
882 0.05 0.05
883 0.1 0.0688247
884 0.1 0.0688247
885 0.1 0.0688247
886 0.1 0.0688247
887 0.15 0.0819178
888 0.15 0.0819178
889 0.15 0.0819178
890 0.15 0.0819178
891 0.15 0.0819178
892 0.2 0.0917663
893 0.2 0.0917663
894 0.2 0.0917663
895 0.2 0.0917663
896 0.2 0.0917663
897 0.15 0.0819178
898 0.15 0.0819178
899 0.2 0.0917663
900 0.15 0.0819178
901 0.15 0.0819178
902 0.15 0.0819178
903 0.15 0.0819178
904 0.15 0.0819178
905 0.2 0.0917663
906 0.2 0.0917663
907 0.2 0.0917663
908 0.15 0.0819178
909 0.25 0.12301
910 0.25 0.12301
911 0.25 0.12301
912 0.25 0.12301
913 0.2 0.11698
914 0.25 0.12301
915 0.25 0.12301
916 0.25 0.12301
917 0.25 0.12301
918 0.25 0.12301
919 0.25 0.12301
920 0.25 0.12301
921 0.25 0.12301
922 0.25 0.12301
923 0.25 0.12301
924 0.25 0.12301
925 0.2 0.11698
926 0.2 0.11698
927 0.2 0.11698
928 0.2 0.11698
929 0.2 0.11698
930 0.2 0.11698
931 0.2 0.11698
932 0.2 0.11698
933 0.2 0.11698
934 0.25 0.12301
935 0.2 0.0917663
936 0.2 0.0917663
937 0.2 0.0917663
938 0.2 0.0917663
939 0.2 0.0917663
940 0.2 0.0917663
941 0.2 0.0917663
942 0.2 0.0917663
943 0.2 0.0917663
944 0.2 0.0917663
945 0.2 0.0917663
946 0.25 0.0993399
947 0.3 0.127733
948 0.25 0.12301
949 0.2 0.11698
950 0.2 0.11698
951 0.2 0.11698
952 0.2 0.11698
953 0.15 0.0819178
954 0.15 0.0819178
955 0.2 0.11698
956 0.2 0.11698
957 0.15 0.0819178
958 0.15 0.0819178
959 0.15 0.0819178
960 0.2 0.0917663
961 0.25 0.0993399
962 0.2 0.0917663
963 0.15 0.0819178
964 0.15 0.0819178
965 0.15 0.0819178
966 0.15 0.0819178
967 0.15 0.0819178
968 0.1 0.0688247
969 0.1 0.0688247
970 0.2 0.0917663
971 0.2 0.0917663
972 0.2 0.0917663
973 0.2 0.0917663
974 0.3 0.105131
975 0.25 0.0993399
976 0.25 0.0993399
977 0.25 0.0993399
978 0.25 0.0993399
979 0.2 0.0917663
980 0.25 0.0993399
981 0.2 0.0917663
982 0.15 0.0819178
983 0.2 0.0917663
984 0.2 0.0917663
985 0.2 0.0917663
986 0.2 0.0917663
987 0.2 0.0917663
988 0.15 0.0819178
989 0.15 0.0819178
990 0.1 0.0688247
991 0.1 0.0688247
992 0.1 0.0688247
993 0.1 0.0688247
994 0.1 0.0688247
995 0.1 0.0688247
996 0.1 0.0688247
997 0.1 0.0688247
998 0.1 0.0688247
999 0.1 0.0688247
1000 0.15 0.0819178
1001 0.15 0.0819178
1002 0.15 0.0819178
1003 0.15 0.0819178
1004 0.2 0.0917663
1005 0.2 0.0917663
1006 0.25 0.0993399
1007 0.25 0.0993399
1008 0.3 0.105131
1009 0.35 0.109424
1010 0.4 0.133771
1011 0.35 0.109424
1012 0.35 0.131289
1013 0.4 0.133771
1014 0.4 0.133771
1015 0.45 0.153469
1016 0.35 0.131289
1017 0.45 0.153469
1018 0.45 0.153469
1019 0.4 0.152177
1020 0.35 0.131289
1021 0.25 0.0993399
1022 0.3 0.127733
1023 0.3 0.127733
1024 0.3 0.127733
1025 0.3 0.127733
1026 0.25 0.12301
1027 0.25 0.12301
1028 0.3 0.127733
1029 0.4 0.152177
1030 0.35 0.131289
1031 0.4 0.133771
1032 0.3 0.105131
1033 0.5 0.170139
1034 0.55 0.169752
1035 0.55 0.169752
1036 0.45 0.169752
1037 0.45 0.184605
1038 0.4 0.183533
1039 0.45 0.184605
1040 0.45 0.184605
1041 0.45 0.184605
1042 0.4 0.152177
1043 0.4 0.152177
1044 0.4 0.152177
1045 0.4 0.152177
1046 0.4 0.152177
1047 0.4 0.152177
1048 0.35 0.131289
1049 0.35 0.131289
1050 0.35 0.131289
1051 0.35 0.131289
1052 0.35 0.131289
1053 0.3 0.105131
1054 0.3 0.105131
1055 0.3 0.105131
1056 0.3 0.105131
1057 0.3 0.105131
1058 0.35 0.109424
1059 0.35 0.109424
1060 0.35 0.109424
1061 0.3 0.105131
1062 0.35 0.109424
1063 0.35 0.109424
1064 0.3 0.105131
1065 0.25 0.0993399
1066 0.25 0.0993399
1067 0.3 0.105131
1068 0.25 0.0993399
1069 0.3 0.105131
1070 0.3 0.105131
1071 0.25 0.0993399
1072 0.3 0.105131
1073 0.3 0.105131
1074 0.35 0.109424
1075 0.45 0.135239
1076 0.45 0.135239
1077 0.45 0.114133
1078 0.4 0.11239
1079 0.4 0.11239
1080 0.4 0.11239
1081 0.3 0.105131
1082 0.35 0.109424
1083 0.35 0.109424
1084 0.35 0.109424
1085 0.35 0.109424
1086 0.3 0.105131
1087 0.3 0.105131
1088 0.25 0.0993399
1089 0.25 0.0993399
1090 0.25 0.0993399
1091 0.25 0.0993399
1092 0.25 0.0993399
1093 0.25 0.0993399
1094 0.25 0.0993399
1095 0.15 0.0819178
1096 0.15 0.0819178
1097 0.15 0.0819178
1098 0.1 0.0688247
1099 0.1 0.0688247
1100 0.1 0.0688247
1101 0.1 0.0688247
1102 0.1 0.0688247
1103 0.1 0.0688247
1104 0.1 0.0688247
1105 0.1 0.0688247
1106 0.1 0.0688247
1107 0.05 0.05
1108 0.05 0.05
1109 0.05 0.05
1110 0 0
1111 0 0
1112 0.05 0.05
1113 0.05 0.05
1114 0.05 0.05
1115 0.05 0.05
1116 0.05 0.05
1117 0.1 0.0688247
1118 0.1 0.0688247
1119 0.1 0.0688247
1120 0.1 0.0688247
1121 0.05 0.05
1122 0.05 0.05
1123 0.05 0.05
1124 0.1 0.0688247
1125 0.1 0.0688247
1126 0.15 0.0819178
1127 0.2 0.0917663
1128 0.2 0.0917663
1129 0.15 0.0819178
1130 0.15 0.0819178
1131 0.15 0.0819178
1132 0.2 0.0917663
1133 0.15 0.0819178
1134 0.15 0.0819178
1135 0.15 0.0819178
1136 0.15 0.0819178
1137 0.2 0.0917663
1138 0.2 0.0917663
1139 0.2 0.0917663
1140 0.15 0.0819178
1141 0.15 0.0819178
1142 0.1 0.0688247
1143 0.1 0.0688247
1144 0.15 0.0819178
1145 0.05 0.05
1146 0.1 0.0688247
1147 0.1 0.0688247
1148 0.1 0.0688247
1149 0.15 0.0819178
1150 0.15 0.0819178
1151 0.15 0.0819178
1152 0.2 0.0917663
1153 0.2 0.0917663
1154 0.2 0.0917663
1155 0.2 0.0917663
1156 0.15 0.0819178
1157 0.15 0.0819178
1158 0.15 0.0819178
1159 0.15 0.0819178
1160 0.15 0.0819178
1161 0.15 0.0819178
1162 0.1 0.0688247
1163 0.15 0.0819178
1164 0.1 0.0688247
1165 0.1 0.0688247
1166 0.1 0.0688247
1167 0.15 0.0819178
1168 0.2 0.0917663
1169 0.25 0.0993399
1170 0.2 0.0917663
1171 0.25 0.12301
1172 0.3 0.127733
1173 0.25 0.12301
1174 0.3 0.127733
1175 0.25 0.0993399
1176 0.25 0.0993399
1177 0.25 0.0993399
1178 0.25 0.0993399
1179 0.25 0.0993399
1180 0.2 0.0917663
1181 0.2 0.0917663
1182 0.2 0.0917663
1183 0.15 0.0819178
1184 0.15 0.0819178
1185 0.2 0.0917663
1186 0.2 0.0917663
1187 0.2 0.0917663
1188 0.25 0.0993399
1189 0.25 0.0993399
1190 0.3 0.105131
1191 0.3 0.105131
1192 0.25 0.0993399
1193 0.25 0.0993399
1194 0.25 0.0993399
1195 0.3 0.105131
1196 0.3 0.105131
1197 0.3 0.105131
1198 0.25 0.0993399
1199 0.25 0.0993399
1200 0.25 0.0993399
1201 0.2 0.0917663
1202 0.15 0.0819178
1203 0.15 0.0819178
1204 0.15 0.0819178
1205 0.15 0.0819178
1206 0.25 0.0993399
1207 0.25 0.0993399
1208 0.25 0.0993399
1209 0.25 0.0993399
1210 0.25 0.0993399
1211 0.25 0.0993399
1212 0.15 0.0819178
1213 0.15 0.0819178
1214 0.15 0.0819178
1215 0.2 0.0917663
1216 0.3 0.105131
1217 0.3 0.105131
1218 0.25 0.0993399
1219 0.25 0.0993399
1220 0.2 0.0917663
1221 0.2 0.0917663
1222 0.15 0.0819178
1223 0.15 0.0819178
1224 0.15 0.0819178
1225 0.15 0.0819178
1226 0.25 0.0993399
1227 0.3 0.105131
1228 0.25 0.0993399
1229 0.3 0.105131
1230 0.3 0.105131
1231 0.3 0.105131
1232 0.3 0.105131
1233 0.2 0.0917663
1234 0.2 0.0917663
1235 0.15 0.0819178
1236 0.15 0.0819178
1237 0.3 0.127733
1238 0.3 0.127733
1239 0.3 0.127733
1240 0.25 0.12301
1241 0.25 0.12301
1242 0.35 0.131289
1243 0.35 0.131289
1244 0.25 0.0993399
1245 0.25 0.0993399
1246 0.25 0.0993399
1247 0.25 0.0993399
1248 0.3 0.127733
1249 0.3 0.127733
1250 0.25 0.12301
1251 0.1 0.0688247
1252 0.2 0.11698
1253 0.2 0.11698
1254 0.2 0.11698
1255 0.1 0.0688247
1256 0.2 0.11698
1257 0.15 0.0819178
1258 0.1 0.0688247
1259 0.2 0.0917663
1260 0.25 0.0993399
1261 0.2 0.0917663
1262 0.15 0.0819178
1263 0.25 0.12301
1264 0.3 0.127733
1265 0.3 0.127733
1266 0.35 0.131289
1267 0.3 0.127733
1268 0.3 0.127733
1269 0.3 0.127733
1270 0.35 0.131289
1271 0.35 0.131289
1272 0.3 0.127733
1273 0.25 0.0993399
1274 0.25 0.0993399
1275 0.25 0.0993399
1276 0.25 0.0993399
1277 0.25 0.0993399
1278 0.25 0.0993399
1279 0.25 0.0993399
1280 0.25 0.0993399
1281 0.25 0.0993399
1282 0.25 0.0993399
1283 0.25 0.0993399
1284 0.25 0.0993399
1285 0.25 0.0993399
1286 0.25 0.0993399
1287 0.3 0.105131
1288 0.35 0.109424
1289 0.35 0.131289
1290 0.35 0.131289
1291 0.35 0.131289
1292 0.35 0.131289
1293 0.4 0.133771
1294 0.4 0.133771
1295 0.3 0.105131
1296 0.25 0.0993399
1297 0.25 0.0993399
1298 0.3 0.127733
1299 0.3 0.127733
1300 0.3 0.127733
1301 0.2 0.0917663
1302 0.15 0.0819178
1303 0.15 0.0819178
1304 0.15 0.0819178
1305 0.15 0.0819178
1306 0.15 0.0819178
1307 0.15 0.0819178
1308 0.15 0.0819178
1309 0.2 0.0917663
1310 0.2 0.0917663
1311 0.15 0.0819178
1312 0.15 0.0819178
1313 0.15 0.0819178
1314 0.2 0.0917663
1315 0.15 0.0819178
1316 0.25 0.12301
1317 0.2 0.0917663
1318 0.2 0.0917663
1319 0.15 0.0819178
1320 0.15 0.0819178
1321 0.2 0.0917663
1322 0.2 0.0917663
1323 0.2 0.0917663
1324 0.2 0.0917663
1325 0.2 0.0917663
1326 0.25 0.0993399
1327 0.25 0.0993399
1328 0.25 0.0993399
1329 0.25 0.0993399
1330 0.25 0.0993399
1331 0.3 0.105131
1332 0.3 0.105131
1333 0.25 0.0993399
1334 0.3 0.105131
1335 0.25 0.0993399
1336 0.35 0.109424
1337 0.35 0.109424
1338 0.25 0.0993399
1339 0.2 0.0917663
1340 0.1 0.0688247
1341 0.1 0.0688247
1342 0.1 0.0688247
1343 0.15 0.0819178
1344 0.2 0.0917663
1345 0.2 0.0917663
1346 0.1 0.0688247
1347 0.1 0.0688247
1348 0.1 0.0688247
1349 0.1 0.0688247
1350 0.1 0.0688247
1351 0.05 0.05
1352 0.05 0.05
1353 0.05 0.05
1354 0.05 0.05
1355 0.05 0.05
1356 0.1 0.0688247
1357 0.1 0.0688247
1358 0.1 0.0688247
1359 0.1 0.0688247
1360 0.1 0.0688247
1361 0.1 0.0688247
1362 0.1 0.0688247
1363 0.1 0.0688247
1364 0.1 0.0688247
1365 0.1 0.0688247
1366 0.1 0.0688247
1367 0.15 0.0819178
1368 0.15 0.0819178
1369 0.3 0.105131
1370 0.35 0.109424
1371 0.35 0.109424
1372 0.3 0.105131
1373 0.25 0.0993399
1374 0.25 0.0993399
1375 0.25 0.0993399
1376 0.2 0.0917663
1377 0.2 0.0917663
1378 0.2 0.0917663
1379 0.2 0.0917663
1380 0.2 0.0917663
1381 0.2 0.0917663
1382 0.2 0.0917663
1383 0.2 0.0917663
1384 0.2 0.0917663
1385 0.15 0.0819178
1386 0.15 0.0819178
1387 0.15 0.0819178
1388 0.15 0.0819178
1389 0.15 0.0819178
1390 0.15 0.0819178
1391 0.15 0.0819178
1392 0.1 0.0688247
1393 0.1 0.0688247
1394 0.1 0.0688247
1395 0.1 0.0688247
1396 0.1 0.0688247
1397 0.15 0.0819178
1398 0.2 0.0917663
1399 0.25 0.0993399
1400 0.2 0.0917663
1401 0.25 0.12301
1402 0.25 0.12301
1403 0.25 0.12301
1404 0.25 0.12301
1405 0.25 0.12301
1406 0.25 0.12301
1407 0.25 0.12301
1408 0.25 0.12301
1409 0.25 0.12301
1410 0.2 0.0917663
1411 0.2 0.0917663
1412 0.2 0.0917663
1413 0.2 0.0917663
1414 0.2 0.0917663
1415 0.25 0.0993399
1416 0.25 0.0993399
1417 0.25 0.0993399
1418 0.25 0.0993399
1419 0.25 0.0993399
1420 0.25 0.0993399
1421 0.25 0.0993399
1422 0.25 0.0993399
1423 0.3 0.105131
1424 0.3 0.105131
1425 0.3 0.105131
1426 0.3 0.105131
1427 0.3 0.105131
1428 0.3 0.105131
1429 0.35 0.109424
1430 0.35 0.109424
1431 0.35 0.109424
1432 0.35 0.109424
1433 0.3 0.105131
1434 0.4 0.11239
1435 0.4 0.11239
1436 0.45 0.114133
1437 0.4 0.11239
1438 0.35 0.109424
1439 0.35 0.109424
1440 0.35 0.109424
1441 0.35 0.109424
1442 0.35 0.109424
1443 0.35 0.109424
1444 0.35 0.109424
1445 0.35 0.109424
1446 0.3 0.105131
1447 0.35 0.109424
1448 0.35 0.109424
1449 0.25 0.0993399
1450 0.3 0.105131
1451 0.2 0.0917663
1452 0.2 0.0917663
1453 0.25 0.0993399
1454 0.25 0.0993399
1455 0.2 0.0917663
1456 0.15 0.0819178
1457 0.15 0.0819178
1458 0.15 0.0819178
1459 0.15 0.0819178
1460 0.1 0.0688247
1461 0.25 0.14281
1462 0.25 0.14281
1463 0.25 0.14281
1464 0.25 0.14281
1465 0.2 0.11698
1466 0.15 0.0819178
1467 0.15 0.0819178
1468 0.15 0.0819178
1469 0.15 0.0819178
1470 0.2 0.11698
1471 0.2 0.11698
1472 0.25 0.12301
1473 0.2 0.11698
1474 0.2 0.11698
1475 0.2 0.11698
1476 0.15 0.0819178
1477 0.15 0.0819178
1478 0.15 0.0819178
1479 0.1 0.0688247
1480 0.1 0.0688247
1481 0.15 0.0819178
1482 0.2 0.11698
1483 0.2 0.11698
1484 0.2 0.11698
1485 0.25 0.14281
1486 0.25 0.14281
1487 0.25 0.14281
1488 0.3 0.146898
1489 0.3 0.146898
1490 0.3 0.127733
1491 0.3 0.127733
1492 0.3 0.127733
1493 0.35 0.131289
1494 0.35 0.109424
1495 0.4 0.133771
1496 0.35 0.131289
1497 0.3 0.127733
1498 0.3 0.127733
1499 0.3 0.127733
1500 0.25 0.0993399
1501 0.25 0.0993399
1502 0.3 0.105131
1503 0.3 0.105131
1504 0.35 0.109424
1505 0.3 0.105131
1506 0.25 0.0993399
1507 0.25 0.0993399
1508 0.2 0.0917663
1509 0.2 0.0917663
1510 0.2 0.0917663
1511 0.2 0.0917663
1512 0.25 0.0993399
1513 0.35 0.131289
1514 0.35 0.131289
1515 0.3 0.105131
1516 0.3 0.105131
1517 0.3 0.105131
1518 0.3 0.105131
1519 0.3 0.105131
1520 0.3 0.105131
1521 0.3 0.105131
1522 0.25 0.0993399
1523 0.25 0.0993399
1524 0.25 0.0993399
1525 0.2 0.0917663
1526 0.2 0.0917663
1527 0.2 0.0917663
1528 0.15 0.0819178
1529 0.15 0.0819178
1530 0.2 0.0917663
1531 0.2 0.0917663
1532 0.15 0.0819178
1533 0.15 0.0819178
1534 0.15 0.0819178
1535 0.15 0.0819178
1536 0.2 0.0917663
1537 0.25 0.0993399
1538 0.25 0.0993399
1539 0.25 0.0993399
1540 0.35 0.109424
1541 0.4 0.133771
1542 0.4 0.133771
1543 0.3 0.105131
1544 0.35 0.109424
1545 0.3 0.105131
1546 0.35 0.131289
1547 0.35 0.131289
1548 0.35 0.131289
1549 0.35 0.131289
1550 0.3 0.105131
1551 0.25 0.0993399
1552 0.25 0.0993399
1553 0.3 0.105131
1554 0.3 0.105131
1555 0.3 0.105131
1556 0.3 0.105131
1557 0.25 0.0993399
1558 0.25 0.0993399
1559 0.25 0.0993399
1560 0.25 0.0993399
1561 0.25 0.0993399
1562 0.25 0.0993399
1563 0.2 0.0917663
1564 0.2 0.0917663
1565 0.25 0.0993399
1566 0.25 0.0993399
1567 0.25 0.0993399
1568 0.15 0.0819178
1569 0.15 0.0819178
1570 0.2 0.0917663
1571 0.2 0.0917663
1572 0.2 0.0917663
1573 0.2 0.0917663
1574 0.2 0.0917663
1575 0.2 0.0917663
1576 0.2 0.0917663
1577 0.2 0.0917663
1578 0.25 0.12301
1579 0.25 0.0993399
1580 0.3 0.105131
1581 0.3 0.105131
1582 0.35 0.109424
1583 0.35 0.109424
1584 0.3 0.105131
1585 0.3 0.105131
1586 0.25 0.0993399
1587 0.25 0.0993399
1588 0.25 0.0993399
1589 0.25 0.0993399
1590 0.3 0.105131
1591 0.3 0.105131
1592 0.3 0.105131
1593 0.3 0.105131
1594 0.3 0.105131
1595 0.35 0.131289
1596 0.35 0.131289
1597 0.35 0.131289
1598 0.3 0.127733
1599 0.3 0.127733
1600 0.25 0.12301
1601 0.25 0.12301
1602 0.2 0.0917663
1603 0.2 0.0917663
1604 0.2 0.0917663
1605 0.2 0.0917663
1606 0.2 0.0917663
1607 0.25 0.12301
1608 0.25 0.12301
1609 0.25 0.12301
1610 0.3 0.127733
1611 0.3 0.127733
1612 0.35 0.131289
1613 0.3 0.127733
1614 0.3 0.127733
1615 0.35 0.131289
1616 0.35 0.131289
1617 0.25 0.12301
1618 0.25 0.12301
1619 0.25 0.12301
1620 0.3 0.127733
1621 0.35 0.131289
1622 0.35 0.15
1623 0.35 0.15
1624 0.3 0.127733
1625 0.3 0.127733
1626 0.35 0.15
1627 0.35 0.15
1628 0.35 0.15
1629 0.35 0.131289
1630 0.35 0.131289
1631 0.25 0.12301
1632 0.3 0.127733
1633 0.3 0.127733
1634 0.3 0.127733
1635 0.35 0.131289
1636 0.35 0.131289
1637 0.3 0.127733
1638 0.3 0.127733
1639 0.2 0.0917663
1640 0.2 0.0917663
1641 0.2 0.0917663
1642 0.15 0.0819178
1643 0.1 0.0688247
1644 0.1 0.0688247
1645 0.1 0.0688247
1646 0.15 0.0819178
1647 0.2 0.0917663
1648 0.2 0.11698
1649 0.25 0.12301
1650 0.2 0.11698
1651 0.25 0.12301
1652 0.25 0.12301
1653 0.25 0.12301
1654 0.25 0.12301
1655 0.25 0.12301
1656 0.25 0.0993399
1657 0.2 0.0917663
1658 0.25 0.0993399
1659 0.2 0.0917663
1660 0.2 0.0917663
1661 0.2 0.0917663
1662 0.2 0.0917663
1663 0.2 0.0917663
1664 0.2 0.0917663
1665 0.25 0.0993399
1666 0.2 0.0917663
1667 0.2 0.0917663
1668 0.2 0.0917663
1669 0.2 0.0917663
1670 0.2 0.0917663
1671 0.2 0.0917663
1672 0.25 0.0993399
1673 0.25 0.0993399
1674 0.3 0.105131
1675 0.25 0.0993399
1676 0.25 0.0993399
1677 0.25 0.0993399
1678 0.25 0.0993399
1679 0.2 0.0917663
1680 0.2 0.0917663
1681 0.2 0.0917663
1682 0.2 0.0917663
1683 0.25 0.0993399
1684 0.25 0.0993399
1685 0.25 0.0993399
1686 0.25 0.0993399
1687 0.25 0.0993399
1688 0.25 0.0993399
1689 0.25 0.0993399
1690 0.25 0.0993399
1691 0.25 0.0993399
1692 0.25 0.0993399
1693 0.25 0.0993399
1694 0.3 0.105131
1695 0.25 0.0993399
1696 0.3 0.105131
1697 0.3 0.105131
1698 0.3 0.105131
1699 0.3 0.105131
1700 0.3 0.105131
1701 0.15 0.0819178
1702 0.15 0.0819178
1703 0.2 0.0917663
1704 0.2 0.0917663
1705 0.15 0.0819178
1706 0.15 0.0819178
1707 0.15 0.0819178
1708 0.15 0.0819178
1709 0.2 0.0917663
1710 0.15 0.0819178
1711 0.15 0.0819178
1712 0.2 0.0917663
1713 0.2 0.0917663
1714 0.2 0.0917663
1715 0.25 0.0993399
1716 0.2 0.0917663
1717 0.2 0.0917663
1718 0.15 0.0819178
1719 0.15 0.0819178
1720 0.15 0.0819178
1721 0.15 0.0819178
1722 0.15 0.0819178
1723 0.15 0.0819178
1724 0.15 0.0819178
1725 0.15 0.0819178
1726 0.2 0.0917663
1727 0.2 0.0917663
1728 0.2 0.0917663
1729 0.15 0.0819178
1730 0.1 0.0688247
1731 0.1 0.0688247
1732 0.1 0.0688247
1733 0.1 0.0688247
1734 0.2 0.11698
1735 0.2 0.11698
1736 0.25 0.12301
1737 0.25 0.12301
1738 0.25 0.12301
1739 0.25 0.12301
1740 0.25 0.12301
1741 0.3 0.127733
1742 0.25 0.12301
1743 0.3 0.127733
1744 0.3 0.127733
1745 0.3 0.127733
1746 0.3 0.127733
1747 0.25 0.12301
1748 0.25 0.12301
1749 0.2 0.11698
1750 0.25 0.12301
1751 0.2 0.11698
1752 0.2 0.11698
1753 0.2 0.11698
1754 0.2 0.11698
1755 0.2 0.11698
1756 0.15 0.109424
1757 0.15 0.109424
1758 0.15 0.109424
1759 0.15 0.109424
1760 0.15 0.109424
1761 0.15 0.0819178
1762 0.2 0.11698
1763 0.2 0.11698
1764 0.2 0.11698
1765 0.2 0.11698
1766 0.25 0.12301
1767 0.2 0.0917663
1768 0.1 0.0688247
1769 0.1 0.0688247
1770 0.1 0.0688247
1771 0.1 0.0688247
1772 0.15 0.0819178
1773 0.2 0.0917663
1774 0.25 0.0993399
1775 0.25 0.0993399
1776 0.25 0.0993399
1777 0.3 0.105131
1778 0.3 0.105131
1779 0.3 0.105131
1780 0.3 0.105131
1781 0.3 0.105131
1782 0.3 0.105131
1783 0.3 0.105131
1784 0.3 0.105131
1785 0.3 0.105131
1786 0.35 0.131289
1787 0.35 0.131289
1788 0.35 0.131289
1789 0.3 0.127733
1790 0.35 0.131289
1791 0.35 0.131289
1792 0.3 0.105131
1793 0.25 0.0993399
1794 0.25 0.0993399
1795 0.25 0.0993399
1796 0.25 0.0993399
1797 0.25 0.0993399
1798 0.25 0.0993399
1799 0.25 0.0993399
1800 0.25 0.0993399
1801 0.3 0.127733
1802 0.3 0.127733
1803 0.35 0.166623
1804 0.35 0.166623
1805 0.35 0.166623
1806 0.3 0.127733
1807 0.3 0.127733
1808 0.3 0.127733
1809 0.3 0.127733
1810 0.25 0.12301
1811 0.2 0.11698
1812 0.2 0.11698
1813 0.15 0.0819178
1814 0.15 0.0819178
1815 0.15 0.0819178
1816 0.15 0.0819178
1817 0.15 0.0819178
1818 0.2 0.11698
1819 0.2 0.11698
1820 0.2 0.11698
1821 0.2 0.11698
1822 0.2 0.0917663
1823 0.2 0.0917663
1824 0.2 0.0917663
1825 0.2 0.0917663
1826 0.2 0.0917663
1827 0.2 0.0917663
1828 0.2 0.0917663
1829 0.2 0.0917663
1830 0.2 0.0917663
1831 0.2 0.0917663
1832 0.15 0.0819178
1833 0.2 0.0917663
1834 0.2 0.0917663
1835 0.25 0.0993399
1836 0.35 0.109424
1837 0.35 0.109424
1838 0.35 0.109424
1839 0.3 0.105131
1840 0.3 0.105131
1841 0.35 0.109424
1842 0.3 0.105131
1843 0.35 0.109424
1844 0.35 0.109424
1845 0.35 0.109424
1846 0.35 0.109424
1847 0.35 0.109424
1848 0.35 0.109424
1849 0.35 0.109424
1850 0.4 0.11239
1851 0.45 0.135239
1852 0.4 0.133771
1853 0.4 0.133771
1854 0.45 0.114133
1855 0.45 0.114133
1856 0.4 0.11239
1857 0.3 0.105131
1858 0.3 0.105131
1859 0.3 0.105131
1860 0.2 0.0917663
1861 0.3 0.127733
1862 0.3 0.105131
1863 0.3 0.105131
1864 0.3 0.105131
1865 0.3 0.105131
1866 0.25 0.0993399
1867 0.3 0.127733
1868 0.25 0.12301
1869 0.3 0.127733
1870 0.15 0.0819178
1871 0.2 0.0917663
1872 0.2 0.0917663
1873 0.2 0.0917663
1874 0.25 0.0993399
1875 0.25 0.0993399
1876 0.25 0.0993399
1877 0.2 0.0917663
1878 0.35 0.109424
1879 0.35 0.109424
1880 0.3 0.105131
1881 0.3 0.105131
1882 0.25 0.0993399
1883 0.2 0.0917663
1884 0.15 0.0819178
1885 0.2 0.0917663
1886 0.15 0.0819178
1887 0.15 0.0819178
1888 0.15 0.0819178
1889 0.2 0.0917663
1890 0.2 0.0917663
1891 0.2 0.0917663
1892 0.2 0.0917663
1893 0.2 0.0917663
1894 0.2 0.0917663
1895 0.2 0.0917663
1896 0.3 0.127733
1897 0.3 0.127733
1898 0.3 0.127733
1899 0.35 0.131289
1900 0.35 0.131289
1901 0.3 0.127733
1902 0.35 0.131289
1903 0.35 0.131289
1904 0.35 0.131289
1905 0.35 0.131289
1906 0.3 0.127733
1907 0.25 0.12301
1908 0.25 0.12301
1909 0.25 0.12301
1910 0.25 0.12301
1911 0.15 0.109424
1912 0.25 0.12301
1913 0.25 0.12301
1914 0.2 0.0917663
1915 0.2 0.0917663
1916 0.25 0.12301
1917 0.25 0.12301
1918 0.25 0.12301
1919 0.25 0.12301
1920 0.25 0.12301
1921 0.3 0.127733
1922 0.3 0.127733
1923 0.2 0.11698
1924 0.15 0.109424
1925 0.15 0.109424
1926 0.15 0.109424
1927 0.15 0.109424
1928 0.1 0.0688247
1929 0.1 0.0688247
1930 0.1 0.0688247
1931 0.15 0.0819178
1932 0.3 0.127733
1933 0.35 0.131289
1934 0.35 0.131289
1935 0.35 0.131289
1936 0.35 0.131289
1937 0.35 0.131289
1938 0.35 0.131289
1939 0.3 0.127733
1940 0.3 0.127733
1941 0.3 0.127733
1942 0.25 0.12301
1943 0.35 0.131289
1944 0.35 0.131289
1945 0.3 0.105131
1946 0.25 0.0993399
1947 0.25 0.0993399
1948 0.2 0.0917663
1949 0.2 0.0917663
1950 0.2 0.0917663
1951 0.2 0.0917663
1952 0.2 0.0917663
1953 0.2 0.0917663
1954 0.15 0.0819178
1955 0.15 0.0819178
1956 0.15 0.0819178
1957 0.15 0.0819178
1958 0.15 0.0819178
1959 0.2 0.0917663
1960 0.25 0.0993399
1961 0.25 0.0993399
1962 0.15 0.0819178
1963 0.15 0.0819178
1964 0.15 0.0819178
1965 0.2 0.0917663
1966 0.15 0.0819178
1967 0.15 0.0819178
1968 0.15 0.0819178
1969 0.25 0.0993399
1970 0.35 0.109424
1971 0.35 0.109424
1972 0.35 0.109424
1973 0.35 0.109424
1974 0.35 0.109424
1975 0.4 0.11239
1976 0.35 0.109424
1977 0.3 0.105131
1978 0.3 0.105131
1979 0.3 0.105131
1980 0.3 0.105131
1981 0.3 0.105131
1982 0.3 0.105131
1983 0.25 0.0993399
1984 0.25 0.0993399
1985 0.25 0.0993399
1986 0.25 0.0993399
1987 0.25 0.0993399
1988 0.25 0.0993399
1989 0.25 0.0993399
1990 0.25 0.0993399
1991 0.25 0.0993399
1992 0.3 0.105131
1993 0.3 0.105131
1994 0.3 0.105131
1995 0.35 0.109424
1996 0.35 0.109424
1997 0.3 0.105131
1998 0.25 0.0993399
1999 0.2 0.0917663
2000 0.25 0.0993399
2001 0.25 0.0993399
2002 0.25 0.0993399
2003 0.3 0.127733
2004 0.25 0.0993399
2005 0.3 0.105131
2006 0.3 0.105131
2007 0.25 0.0993399
2008 0.35 0.15
2009 0.3 0.146898
2010 0.25 0.12301
2011 0.25 0.12301
2012 0.25 0.12301
2013 0.1 0.0688247
2014 0.05 0.05
2015 0.1 0.0688247
2016 0.1 0.0688247
2017 0.1 0.0688247
2018 0.05 0.05
2019 0.1 0.0688247
2020 0.15 0.0819178
2021 0.15 0.0819178
2022 0.15 0.0819178
2023 0.15 0.0819178
2024 0.15 0.0819178
2025 0.15 0.0819178
2026 0.15 0.0819178
2027 0.15 0.0819178
2028 0.15 0.0819178
2029 0.15 0.0819178
2030 0.15 0.0819178
2031 0.1 0.0688247
2032 0.05 0.05
2033 0.05 0.05
2034 0.05 0.05
2035 0.05 0.05
2036 0.15 0.0819178
2037 0.15 0.0819178
2038 0.15 0.0819178
2039 0.15 0.0819178
2040 0.15 0.0819178
2041 0.15 0.0819178
2042 0.15 0.0819178
2043 0.05 0.05
2044 0.05 0.05
2045 0.05 0.05
2046 0.05 0.05
2047 0.1 0.0688247
2048 0.1 0.0688247
2049 0.1 0.0688247
2050 0.1 0.0688247
2051 0.1 0.0688247
2052 0.1 0.0688247
2053 0.1 0.1
2054 0.15 0.109424
2055 0.2 0.11698
2056 0.2 0.11698
2057 0.2 0.11698
2058 0.2 0.11698
2059 0.25 0.12301
2060 0.25 0.12301
2061 0.25 0.12301
2062 0.2 0.0917663
2063 0.2 0.0917663
2064 0.2 0.0917663
2065 0.25 0.0993399
2066 0.25 0.0993399
2067 0.25 0.0993399
2068 0.25 0.0993399
2069 0.25 0.0993399
2070 0.3 0.105131
2071 0.25 0.0993399
2072 0.25 0.0993399
2073 0.25 0.0993399
2074 0.2 0.0917663
2075 0.2 0.0917663
2076 0.2 0.0917663
2077 0.2 0.0917663
2078 0.2 0.0917663
2079 0.15 0.0819178
2080 0.15 0.0819178
2081 0.2 0.0917663
2082 0.2 0.0917663
2083 0.25 0.0993399
2084 0.25 0.0993399
2085 0.25 0.0993399
2086 0.25 0.0993399
2087 0.25 0.0993399
2088 0.3 0.105131
2089 0.3 0.105131
2090 0.3 0.105131
2091 0.3 0.105131
2092 0.3 0.105131
2093 0.2 0.0917663
2094 0.2 0.0917663
2095 0.2 0.0917663
2096 0.2 0.0917663
2097 0.2 0.0917663
2098 0.2 0.0917663
2099 0.2 0.0917663
2100 0.25 0.0993399
2101 0.2 0.0917663
2102 0.25 0.0993399
2103 0.2 0.0917663
2104 0.15 0.0819178
2105 0.15 0.0819178
2106 0.15 0.0819178
2107 0.25 0.12301
2108 0.25 0.12301
2109 0.35 0.131289
2110 0.3 0.127733
2111 0.3 0.127733
2112 0.3 0.127733
2113 0.3 0.127733
2114 0.3 0.127733
2115 0.3 0.127733
2116 0.3 0.127733
2117 0.3 0.127733
2118 0.3 0.127733
2119 0.3 0.127733
2120 0.25 0.12301
2121 0.25 0.0993399
2122 0.3 0.105131
2123 0.3 0.105131
2124 0.3 0.105131
2125 0.3 0.105131
2126 0.35 0.131289
2127 0.3 0.105131
2128 0.3 0.105131
2129 0.25 0.0993399
2130 0.3 0.127733
2131 0.3 0.127733
2132 0.25 0.12301
2133 0.25 0.12301
2134 0.25 0.12301
2135 0.25 0.12301
2136 0.3 0.127733
2137 0.25 0.12301
2138 0.25 0.12301
2139 0.25 0.12301
2140 0.25 0.12301
2141 0.3 0.127733
2142 0.35 0.131289
2143 0.25 0.12301
2144 0.25 0.12301
2145 0.25 0.12301
2146 0.25 0.12301
2147 0.25 0.12301
2148 0.25 0.12301
2149 0.25 0.12301
2150 0.25 0.12301
2151 0.25 0.12301
2152 0.25 0.12301
2153 0.2 0.11698
2154 0.2 0.11698
2155 0.25 0.12301
2156 0.25 0.12301
2157 0.2 0.11698
2158 0.2 0.11698
2159 0.2 0.11698
2160 0.2 0.11698
2161 0.25 0.12301
2162 0.25 0.12301
2163 0.25 0.12301
2164 0.25 0.12301
2165 0.25 0.12301
2166 0.25 0.12301
2167 0.25 0.12301
2168 0.3 0.127733
2169 0.25 0.12301
2170 0.25 0.12301
2171 0.2 0.0917663
2172 0.2 0.0917663
2173 0.2 0.0917663
2174 0.2 0.0917663
2175 0.25 0.12301
2176 0.25 0.12301
2177 0.25 0.12301
2178 0.2 0.11698
2179 0.2 0.11698
2180 0.2 0.11698
2181 0.2 0.11698
2182 0.2 0.11698
2183 0.2 0.11698
2184 0.2 0.11698
2185 0.2 0.11698
2186 0.15 0.0819178
2187 0.15 0.0819178
2188 0.15 0.0819178
2189 0.15 0.0819178
2190 0.15 0.0819178
2191 0.15 0.0819178
2192 0.15 0.0819178
2193 0.15 0.0819178
2194 0.1 0.0688247
2195 0.15 0.0819178
2196 0.1 0.0688247
2197 0.1 0.0688247
2198 0.1 0.0688247
2199 0.1 0.0688247
2200 0.1 0.0688247
2201 0.1 0.0688247
2202 0.1 0.0688247
2203 0.1 0.0688247
2204 0.1 0.0688247
2205 0.1 0.0688247
2206 0.05 0.05
2207 0.1 0.1
2208 0.1 0.1
2209 0.1 0.1
2210 0.1 0.1
2211 0.1 0.1
2212 0.1 0.1
2213 0.1 0.1
2214 0.1 0.1
2215 0.05 0.05
2216 0.05 0.05
2217 0.05 0.05
2218 0.05 0.05
2219 0.1 0.0688247
2220 0.1 0.0688247
2221 0.1 0.0688247
2222 0.1 0.0688247
2223 0.1 0.0688247
2224 0.1 0.0688247
2225 0.1 0.0688247
2226 0.05 0.05
2227 0.05 0.05
2228 0.05 0.05
2229 0.1 0.1
2230 0.15 0.109424
2231 0.15 0.109424
2232 0.15 0.109424
2233 0.1 0.0688247
2234 0.1 0.0688247
2235 0.1 0.0688247
2236 0.1 0.0688247
2237 0.15 0.109424
2238 0.15 0.109424
2239 0.1 0.1
2240 0.1 0.1
2241 0.1 0.1
2242 0.1 0.1
2243 0.1 0.1
2244 0.1 0.1
2245 0.15 0.109424
2246 0.15 0.109424
2247 0.15 0.109424
2248 0.15 0.109424
2249 0.15 0.109424
2250 0.15 0.109424
2251 0.15 0.109424
2252 0.15 0.109424
2253 0.2 0.11698
2254 0.2 0.11698
2255 0.2 0.11698
2256 0.2 0.11698
2257 0.2 0.11698
2258 0.15 0.0819178
2259 0.15 0.0819178
2260 0.15 0.0819178
2261 0.15 0.0819178
2262 0.15 0.0819178
2263 0.15 0.0819178
2264 0.2 0.0917663
2265 0.2 0.0917663
2266 0.2 0.0917663
2267 0.25 0.12301
2268 0.25 0.12301
2269 0.25 0.12301
2270 0.25 0.12301
2271 0.25 0.12301
2272 0.25 0.12301
2273 0.25 0.12301
2274 0.25 0.0993399
2275 0.25 0.0993399
2276 0.25 0.0993399
2277 0.2 0.0917663
2278 0.2 0.0917663
2279 0.25 0.12301
2280 0.25 0.12301
2281 0.25 0.12301
2282 0.3 0.127733
2283 0.3 0.127733
2284 0.3 0.127733
2285 0.3 0.127733
2286 0.2 0.0917663
2287 0.2 0.0917663
2288 0.15 0.0819178
2289 0.2 0.0917663
2290 0.15 0.0819178
2291 0.15 0.0819178
2292 0.1 0.0688247
2293 0.1 0.0688247
2294 0.1 0.0688247
2295 0.1 0.0688247
2296 0.1 0.0688247
2297 0.1 0.0688247
2298 0.1 0.0688247
2299 0.1 0.0688247
2300 0.1 0.0688247
2301 0.2 0.0917663
2302 0.2 0.0917663
2303 0.3 0.127733
2304 0.3 0.127733
2305 0.3 0.127733
2306 0.35 0.131289
2307 0.35 0.131289
2308 0.35 0.131289
2309 0.45 0.135239
2310 0.45 0.135239
2311 0.4 0.11239
2312 0.4 0.11239
2313 0.4 0.11239
2314 0.4 0.11239
2315 0.35 0.109424
2316 0.3 0.105131
2317 0.25 0.0993399
2318 0.3 0.105131
2319 0.3 0.105131
2320 0.3 0.105131
2321 0.3 0.105131
2322 0.3 0.105131
2323 0.3 0.105131
2324 0.3 0.105131
2325 0.3 0.105131
2326 0.3 0.105131
2327 0.3 0.105131
2328 0.3 0.105131
2329 0.25 0.0993399
2330 0.15 0.0819178
2331 0.15 0.0819178
2332 0.15 0.0819178
2333 0.1 0.0688247
2334 0.1 0.0688247
2335 0.1 0.0688247
2336 0.1 0.0688247
2337 0.1 0.0688247
2338 0.1 0.0688247
2339 0.1 0.0688247
2340 0.1 0.0688247
2341 0.1 0.0688247
2342 0.1 0.0688247
2343 0.1 0.0688247
2344 0.1 0.0688247
2345 0.1 0.0688247
2346 0.1 0.0688247
2347 0.1 0.0688247
2348 0.15 0.0819178
2349 0.15 0.0819178
2350 0.15 0.0819178
2351 0.15 0.0819178
2352 0.15 0.0819178
2353 0.15 0.0819178
2354 0.15 0.0819178
2355 0.15 0.0819178
2356 0.25 0.0993399
2357 0.25 0.0993399
2358 0.2 0.0917663
2359 0.2 0.0917663
2360 0.25 0.0993399
2361 0.2 0.0917663
2362 0.25 0.0993399
2363 0.25 0.0993399
2364 0.25 0.0993399
2365 0.3 0.105131
2366 0.2 0.0917663
2367 0.25 0.0993399
2368 0.25 0.0993399
2369 0.25 0.0993399
2370 0.25 0.0993399
2371 0.2 0.0917663
2372 0.2 0.0917663
2373 0.2 0.0917663
2374 0.2 0.0917663
2375 0.2 0.0917663
2376 0.2 0.0917663
2377 0.2 0.0917663
2378 0.2 0.0917663
2379 0.25 0.12301
2380 0.2 0.11698
2381 0.25 0.12301
2382 0.25 0.12301
2383 0.25 0.12301
2384 0.2 0.11698
2385 0.15 0.109424
2386 0.15 0.109424
2387 0.15 0.109424
2388 0.15 0.0819178
2389 0.15 0.0819178
2390 0.15 0.0819178
2391 0.15 0.0819178
2392 0.15 0.0819178
2393 0.15 0.0819178
2394 0.1 0.0688247
2395 0.1 0.0688247
2396 0.15 0.0819178
2397 0.2 0.0917663
2398 0.25 0.12301
2399 0.2 0.11698
2400 0.2 0.11698
2401 0.2 0.11698
2402 0.2 0.11698
2403 0.2 0.11698
2404 0.2 0.11698
2405 0.15 0.0819178
2406 0.15 0.0819178
2407 0.1 0.0688247
2408 0.1 0.0688247
2409 0.1 0.0688247
2410 0.1 0.0688247
2411 0.05 0.05
2412 0.1 0.0688247
2413 0.05 0.05
2414 0.05 0.05
2415 0.05 0.05
2416 0.05 0.05
2417 0.05 0.05
2418 0.05 0.05
2419 0.05 0.05
2420 0.05 0.05
2421 0.05 0.05
2422 0.1 0.0688247
2423 0.1 0.0688247
2424 0.1 0.0688247
2425 0.1 0.0688247
2426 0.1 0.0688247
2427 0.05 0.05
2428 0.05 0.05
2429 0.05 0.05
2430 0.05 0.05
2431 0.05 0.05
2432 0.05 0.05
2433 0.05 0.05
2434 0.05 0.05
2435 0.05 0.05
2436 0.05 0.05
2437 0.1 0.0688247
2438 0.1 0.0688247
2439 0.1 0.0688247
2440 0.1 0.0688247
2441 0.1 0.0688247
2442 0.15 0.0819178
2443 0.1 0.0688247
2444 0.1 0.0688247
2445 0.1 0.0688247
2446 0.1 0.0688247
2447 0.1 0.0688247
2448 0.05 0.05
2449 0.05 0.05
2450 0.05 0.05
2451 0.15 0.0819178
2452 0.15 0.0819178
2453 0.15 0.0819178
2454 0.15 0.0819178
2455 0.15 0.0819178
2456 0.2 0.0917663
2457 0.15 0.0819178
2458 0.15 0.0819178
2459 0.15 0.0819178
2460 0.1 0.0688247
2461 0.1 0.0688247
2462 0.1 0.0688247
2463 0.1 0.0688247
2464 0.1 0.0688247
2465 0.1 0.0688247
2466 0.1 0.0688247
2467 0.1 0.0688247
2468 0.1 0.0688247
2469 0.25 0.12301
2470 0.25 0.12301
2471 0.25 0.12301
2472 0.2 0.11698
2473 0.2 0.11698
2474 0.15 0.109424
2475 0.25 0.12301
2476 0.25 0.12301
2477 0.25 0.0993399
2478 0.3 0.127733
2479 0.3 0.127733
2480 0.3 0.127733
2481 0.35 0.15
2482 0.35 0.15
2483 0.35 0.15
2484 0.4 0.152177
2485 0.35 0.131289
2486 0.3 0.105131
2487 0.25 0.0993399
2488 0.25 0.0993399
2489 0.25 0.0993399
2490 0.25 0.0993399
2491 0.25 0.0993399
2492 0.2 0.0917663
2493 0.2 0.0917663
2494 0.25 0.0993399
2495 0.25 0.0993399
2496 0.25 0.0993399
2497 0.2 0.0917663
2498 0.15 0.0819178
2499 0.15 0.0819178
2500 0.15 0.0819178
2501 0.15 0.109424
2502 0.15 0.109424
2503 0.15 0.109424
2504 0.15 0.109424
2505 0.15 0.109424
2506 0.15 0.109424
2507 0.2 0.11698
2508 0.2 0.11698
2509 0.2 0.11698
2510 0.15 0.0819178
2511 0.1 0.0688247
2512 0.05 0.05
2513 0.1 0.0688247
2514 0.1 0.0688247
2515 0.15 0.0819178
2516 0.15 0.0819178
2517 0.15 0.0819178
2518 0.15 0.0819178
2519 0.15 0.0819178
2520 0.15 0.0819178
2521 0.15 0.0819178
2522 0.2 0.0917663
2523 0.2 0.0917663
2524 0.2 0.0917663
2525 0.2 0.0917663
2526 0.15 0.0819178
2527 0.2 0.0917663
2528 0.2 0.0917663
2529 0.2 0.0917663
2530 0.15 0.0819178
2531 0.15 0.0819178
2532 0.15 0.0819178
2533 0.15 0.0819178
2534 0.1 0.0688247
2535 0.1 0.0688247
2536 0.1 0.0688247
2537 0.15 0.0819178
2538 0.15 0.0819178
2539 0.2 0.0917663
2540 0.2 0.0917663
2541 0.25 0.0993399
2542 0.25 0.0993399
2543 0.25 0.0993399
2544 0.25 0.0993399
2545 0.25 0.0993399
2546 0.25 0.0993399
2547 0.2 0.0917663
2548 0.2 0.0917663
2549 0.15 0.0819178
2550 0.15 0.0819178
2551 0.2 0.0917663
2552 0.3 0.127733
2553 0.25 0.12301
2554 0.15 0.109424
2555 0.15 0.109424
2556 0.2 0.11698
2557 0.2 0.0917663
2558 0.2 0.0917663
2559 0.15 0.0819178
2560 0.2 0.0917663
2561 0.3 0.105131
2562 0.3 0.105131
2563 0.35 0.131289
2564 0.3 0.105131
2565 0.3 0.105131
2566 0.3 0.105131
2567 0.25 0.0993399
2568 0.25 0.0993399
2569 0.25 0.0993399
2570 0.25 0.0993399
2571 0.15 0.0819178
2572 0.2 0.0917663
2573 0.2 0.0917663
2574 0.15 0.0819178
2575 0.15 0.0819178
2576 0.15 0.0819178
2577 0.15 0.0819178
2578 0.15 0.0819178
2579 0.15 0.0819178
2580 0.1 0.0688247
2581 0.1 0.0688247
2582 0.1 0.0688247
2583 0.1 0.0688247
2584 0.1 0.0688247
2585 0.15 0.109424
2586 0.15 0.109424
2587 0.15 0.109424
2588 0.15 0.109424
2589 0.1 0.1
2590 0.1 0.1
2591 0.1 0.1
2592 0.15 0.109424
