0 0 0
1 4.1 0.354668
2 5.9 0.403276
3 5.75 0.42843
4 6.15 0.436945
5 6 0.542897
6 5.25 0.606435
7 4.75 0.532497
8 4.45 0.494576
9 4.15 0.52453
10 3.95 0.444114
11 3.95 0.499868
12 4 0.538028
13 3.9 0.422399
14 3.85 0.399177
15 3.7 0.43589
16 3.65 0.460406
17 3.6 0.358359
18 3.4 0.327671
19 3.35 0.318508
20 3.55 0.38027
21 3.5 0.373462
22 3.45 0.366168
23 3.25 0.33931
24 3.15 0.310136
25 3.1 0.280038
26 2.8 0.295581
27 2.55 0.245753
28 2.5 0.246021
29 2.35 0.274101
30 2 0.280976
31 1.95 0.26631
32 1.9 0.270477
33 1.8 0.277204
34 1.8 0.28654
35 1.85 0.292674
36 1.85 0.292674
37 1.85 0.292674
38 1.75 0.279803
39 1.7 0.281911
40 1.75 0.306723
41 1.75 0.306723
42 1.6 0.293795
43 1.55 0.303272
44 1.55 0.303272
45 1.4 0.265568
46 1.4 0.265568
47 1.35 0.243602
48 1.4 0.233959
49 1.25 0.25
50 1.25 0.25
51 1.4 0.255467
52 1.35 0.254176
53 1.25 0.260314
54 1.25 0.260314
55 1.35 0.264326
56 1.35 0.264326
57 1.4 0.255467
58 1.45 0.276015
59 1.45 0.256238
60 1.45 0.245753
61 1.35 0.232549
62 1.35 0.232549
63 1.25 0.239242
64 1.25 0.239242
65 1.35 0.254176
66 1.3 0.252357
67 1.3 0.241704
68 1.35 0.243602
69 1.35 0.243602
70 1.35 0.243602
71 1.3 0.252357
72 1.25 0.227977
73 1.15 0.243602
74 1.05 0.245753
75 1.05 0.245753
76 1.1 0.270477
77 1.15 0.264326
78 1.1 0.250263
79 1.1 0.260566
80 1.05 0.234801
81 1.1 0.250263
82 1.1 0.21643
83 1.1 0.228266
84 1.15 0.254176
85 1 0.205196
86 0.95 0.198348
87 1.05 0.198348
88 1.15 0.195677
89 1.05 0.2112
90 0.95 0.2112
91 1 0.240613
92 1 0.240613
93 1.05 0.234801
94 1.05 0.234801
95 0.9 0.176218
96 1 0.162221
97 1 0.162221
98 0.95 0.153469
99 0.9 0.14327
100 0.95 0.153469
101 0.95 0.153469
102 0.95 0.153469
103 0.9 0.160591
104 0.9 0.160591
105 0.9 0.190567
106 0.95 0.198348
107 0.95 0.198348
108 0.95 0.198348
109 0.95 0.198348
110 0.95 0.198348
111 0.95 0.198348
112 1 0.217643
113 1 0.217643
114 1.05 0.2112
115 1 0.191943
116 1 0.191943
117 0.9 0.190567
118 0.85 0.195677
119 0.9 0.203909
120 0.95 0.234801
121 0.95 0.234801
122 0.95 0.198348
123 0.8 0.2
124 0.8 0.2
125 0.8 0.2
126 0.8 0.2
127 0.85 0.220943
128 0.9 0.21643
129 1 0.240613
130 1 0.240613
131 0.95 0.234801
132 0.95 0.26631
133 1 0.271448
134 0.95 0.256238
135 0.95 0.256238
136 1 0.280976
137 1.05 0.276015
138 0.95 0.234801
139 0.95 0.234801
140 0.95 0.234801
141 0.95 0.234801
142 0.8 0.236198
143 0.75 0.239242
144 0.75 0.216126
145 0.75 0.216126
146 0.8 0.212751
147 0.8 0.212751
148 0.75 0.203586
149 0.75 0.203586
150 0.85 0.232549
151 0.8 0.224781
152 0.8 0.224781
153 0.8 0.224781
154 0.85 0.243602
155 0.9 0.239517
156 1 0.229416
157 1.1 0.250263
158 1.15 0.254176
159 1.15 0.254176
160 1.2 0.247088
161 1.2 0.247088
162 1.15 0.220943
163 1.15 0.220943
164 1.1 0.21643
165 1.05 0.223312
166 1.05 0.223312
167 1.1 0.21643
168 1.1 0.21643
169 1.1 0.21643
170 1.1 0.21643
171 1.05 0.198348
172 1.05 0.198348
173 1 0.191943
174 1 0.191943
175 0.8 0.11698
176 0.75 0.12301
177 0.75 0.12301
178 0.75 0.12301
179 0.8 0.137649
180 0.95 0.135239
181 1 0.145095
182 0.95 0.135239
183 0.9 0.14327
184 0.95 0.169752
185 0.95 0.169752
186 0.9 0.176218
187 0.9 0.176218
188 0.9 0.176218
189 0.85 0.15
190 0.9 0.176218
191 1 0.177705
192 0.95 0.184605
193 0.9 0.190567
194 0.8 0.2
195 0.75 0.190221
196 0.8 0.186378
197 0.8 0.186378
198 0.8 0.186378
199 0.8 0.186378
200 0.8 0.186378
201 0.8 0.186378
202 0.75 0.190221
203 0.7 0.193309
204 0.75 0.203586
205 0.85 0.195677
206 0.85 0.208693
207 0.95 0.223312
208 0.95 0.223312
209 0.95 0.223312
210 0.9 0.239517
211 1.05 0.256238
212 1.05 0.26631
213 1.15 0.264326
214 1.1 0.239517
215 1.15 0.264326
216 1.1 0.239517
217 1.05 0.223312
218 1.25 0.260314
219 1.25 0.260314
220 1.25 0.260314
221 1.3 0.252357
222 1.2 0.224781
223 1.35 0.232549
224 1.3 0.241704
225 1.25 0.239242
226 1.15 0.232549
227 1.1 0.228266
228 1.05 0.223312
229 0.95 0.169752
230 0.95 0.169752
231 0.95 0.169752
232 1 0.177705
233 1 0.177705
234 1 0.177705
235 1.05 0.184605
236 1.05 0.184605
237 1 0.162221
238 1.05 0.169752
239 1 0.177705
240 0.95 0.135239
241 0.9 0.123544
242 0.85 0.131289
243 0.85 0.131289
244 0.8 0.137649
245 0.85 0.131289
246 0.85 0.131289
247 0.9 0.14327
248 0.85 0.131289
249 0.8 0.137649
250 0.85 0.15
251 0.9 0.123544
252 0.95 0.135239
253 0.95 0.135239
254 1.05 0.153469
255 1 0.162221
256 1 0.162221
257 0.85 0.15
258 0.9 0.160591
259 0.95 0.153469
260 0.95 0.153469
261 0.9 0.14327
262 0.95 0.169752
263 1.05 0.169752
264 1.1 0.176218
265 1.2 0.186378
266 1.4 0.233959
267 1.5 0.246021
268 1.35 0.243602
269 1.35 0.243602
270 1.35 0.254176
271 1.4 0.265568
272 1.35 0.232549
273 1.35 0.232549
274 1.35 0.232549
275 1.4 0.244949
276 1.4 0.244949
277 1.25 0.239242
278 1.2 0.236198
279 1.25 0.25
280 1.3 0.252357
281 1.3 0.252357
282 1.3 0.252357
283 1.2 0.247088
284 1.2 0.247088
285 1.3 0.281911
286 1.25 0.279803
287 1.2 0.257519
288 1.1 0.260566
289 1.1 0.21643
290 1.1 0.21643
291 1.15 0.232549
292 1.15 0.232549
293 1.15 0.232549
294 1.15 0.220943
295 1.15 0.220943
296 0.95 0.198348
297 0.9 0.190567
298 0.9 0.190567
299 0.85 0.195677
300 0.8 0.2
301 0.9 0.203909
302 0.85 0.195677
303 0.9 0.228266
304 0.95 0.234801
305 0.95 0.234801
306 1 0.229416
307 1.05 0.223312
308 1.05 0.223312
309 1 0.229416
310 0.95 0.223312
311 0.95 0.223312
312 1 0.217643
313 1.05 0.223312
314 1 0.205196
315 0.9 0.190567
316 0.9 0.190567
317 1 0.191943
318 1.1 0.190567
319 1.15 0.195677
320 1.05 0.184605
321 1.1 0.190567
322 1.1 0.190567
323 1 0.191943
324 1.05 0.184605
325 1.05 0.184605
326 1 0.162221
327 1 0.162221
328 1 0.162221
329 1 0.162221
330 0.95 0.169752
331 0.85 0.181731
332 0.85 0.181731
333 0.85 0.181731
334 0.85 0.166623
335 0.8 0.155597
336 0.75 0.160181
337 0.75 0.160181
338 0.75 0.160181
339 0.75 0.160181
340 0.6 0.152177
341 0.65 0.181731
342 0.7 0.179179
343 0.7 0.179179
344 0.75 0.190221
345 0.75 0.190221
346 0.8 0.2
347 0.75 0.190221
348 0.75 0.175844
349 0.75 0.175844
350 0.85 0.181731
351 0.85 0.181731
352 0.9 0.190567
353 0.9 0.190567
354 0.9 0.190567
355 0.95 0.184605
356 0.95 0.184605
357 0.9 0.176218
358 0.95 0.184605
359 1.05 0.198348
360 1.15 0.232549
361 1.25 0.227977
362 1.15 0.220943
363 1.1 0.228266
364 1.05 0.2112
365 1.05 0.2112
366 1.05 0.2112
367 1.05 0.2112
368 1.05 0.2112
369 0.95 0.2112
370 1.05 0.256238
371 1.1 0.250263
372 1.05 0.256238
373 1.05 0.256238
374 1 0.261574
375 0.95 0.256238
376 0.95 0.256238
377 1 0.261574
378 1.05 0.26631
379 1.1 0.260566
380 1.1 0.260566
381 1.15 0.274101
382 1.3 0.308647
383 1.4 0.365629
384 1.45 0.358909
385 1.5 0.351688
386 1.45 0.320156
387 1.45 0.320156
388 1.3 0.325253
389 1.05 0.234801
390 1.1 0.228266
391 1.15 0.220943
392 1.15 0.220943
393 1.15 0.208693
394 1.15 0.208693
395 1.2 0.212751
396 1.1 0.176218
397 1.15 0.181731
398 1.2 0.2
399 1.2 0.186378
400 1.15 0.181731
401 1.1 0.190567
402 1.1 0.190567
403 1.1 0.21643
404 1.05 0.198348
405 1.05 0.198348
406 1.05 0.198348
407 1.1 0.203909
408 1.15 0.232549
409 1.2 0.247088
410 1.15 0.254176
411 1.1 0.270477
412 1.2 0.304354
413 1.15 0.301531
414 1.15 0.301531
415 1.1 0.270477
416 1.1 0.260566
417 1.15 0.254176
418 1.15 0.243602
419 1.05 0.223312
420 0.85 0.195677
421 0.8 0.186378
422 0.8 0.186378
423 0.75 0.190221
424 0.75 0.160181
425 0.75 0.160181
426 0.7 0.163836
427 0.8 0.2
428 0.9 0.203909
429 0.85 0.208693
430 0.95 0.198348
431 1.05 0.2112
432 1.05 0.2112
433 1.05 0.198348
434 1 0.191943
435 1 0.191943
436 1 0.191943
437 0.95 0.184605
438 0.95 0.198348
439 0.95 0.198348
440 0.95 0.198348
441 0.85 0.166623
442 0.85 0.166623
443 0.8 0.171679
444 0.8 0.171679
445 0.8 0.171679
446 0.9 0.190567
447 0.9 0.190567
448 0.9 0.190567
449 0.8 0.186378
450 0.9 0.176218
451 0.85 0.166623
452 0.9 0.176218
453 0.9 0.176218
454 0.9 0.176218
455 0.9 0.176218
456 0.8 0.186378
457 0.9 0.190567
458 0.8 0.171679
459 0.8 0.171679
460 0.85 0.195677
461 0.85 0.195677
462 0.9 0.190567
463 0.9 0.190567
464 0.9 0.190567
465 0.85 0.181731
466 0.8 0.171679
467 0.8 0.171679
468 0.8 0.212751
469 0.75 0.190221
470 0.65 0.15
471 0.65 0.15
472 0.65 0.15
473 0.6 0.133771
474 0.65 0.15
475 0.6 0.152177
476 0.55 0.153469
477 0.55 0.169752
478 0.65 0.181731
479 0.65 0.181731
480 0.7 0.193309
481 0.8 0.224781
482 0.85 0.220943
483 0.85 0.220943
484 0.85 0.220943
485 0.9 0.228266
486 1 0.229416
487 0.95 0.234801
488 0.95 0.234801
489 1 0.229416
490 1 0.229416
491 0.85 0.195677
492 0.8 0.2
493 0.9 0.190567
494 1.05 0.2112
495 1 0.217643
496 1 0.205196
497 1 0.205196
498 0.95 0.198348
499 1.05 0.198348
500 0.9 0.160591
501 0.9 0.160591
502 0.95 0.169752
503 0.95 0.169752
504 0.95 0.169752
505 0.95 0.169752
506 1 0.162221
507 1 0.162221
508 0.95 0.169752
509 1 0.162221
510 1.1 0.160591
511 1.25 0.175844
512 1.2 0.171679
513 1.25 0.175844
514 1.2 0.171679
515 1.1 0.160591
516 1.1 0.160591
517 1.05 0.169752
518 1 0.177705
519 1.05 0.184605
520 1.05 0.184605
521 1.2 0.212751
522 1.2 0.212751
523 1.2 0.212751
524 1.1 0.190567
525 1 0.145095
526 1.05 0.169752
527 1 0.217643
528 0.95 0.2112
529 0.85 0.15
530 0.9 0.160591
531 0.9 0.160591
532 0.95 0.169752
533 1 0.162221
534 1 0.162221
535 1 0.162221
536 1.05 0.169752
537 0.9 0.190567
538 0.9 0.190567
539 0.85 0.181731
540 1 0.205196
541 0.95 0.2112
542 0.9 0.21643
543 1.05 0.2112
544 1.1 0.21643
545 1 0.191943
546 1.05 0.184605
547 1.05 0.184605
548 1.1 0.203909
549 1.1 0.203909
550 1.1 0.203909
551 1.05 0.2112
552 1.1 0.228266
553 1.1 0.228266
554 1.1 0.228266
555 1 0.205196
556 1 0.205196
557 1 0.205196
558 1 0.229416
559 1 0.229416
560 1.05 0.234801
561 0.95 0.2112
562 1.1 0.203909
563 1.2 0.236198
564 1.2 0.236198
565 1.1 0.239517
566 1.1 0.239517
567 1.1 0.280038
568 1.1 0.280038
569 1.05 0.245753
570 1 0.251312
571 1.1 0.289282
572 1.15 0.28354
573 1.15 0.28354
574 1.15 0.28354
575 1.15 0.310136
576 1.2 0.321182
577 1.2 0.321182
578 1.2 0.295581
579 1.3 0.291096
580 1.2 0.28654
581 1.2 0.28654
582 1.2 0.28654
583 1.3 0.291096
584 1.25 0.29802
585 1.25 0.289055
586 1.3 0.291096
587 1.3 0.291096
588 1.2 0.277204
589 1.2 0.277204
590 1.1 0.260566
591 1.25 0.315186
592 1.25 0.315186
593 1.25 0.315186
594 1.3 0.341051
595 1.2 0.295581
596 1.05 0.234801
597 1.05 0.234801
598 1 0.217643
599 0.95 0.2112
600 0.9 0.190567
601 1.05 0.223312
602 1.1 0.239517
603 1.1 0.239517
604 1.05 0.245753
605 1.05 0.223312
606 0.95 0.2112
607 0.95 0.223312
608 0.85 0.232549
609 0.8 0.236198
610 0.8 0.236198
611 0.85 0.232549
612 1 0.229416
613 1.05 0.245753
614 1 0.217643
615 1 0.217643
616 0.95 0.2112
617 1 0.205196
618 1.05 0.234801
619 1.05 0.234801
620 1.05 0.234801
621 0.95 0.223312
622 1 0.217643
623 1 0.217643
624 0.95 0.2112
625 0.95 0.2112
626 0.95 0.2112
627 1.05 0.2112
628 1 0.177705
629 1 0.177705
630 0.95 0.184605
631 0.85 0.181731
632 0.85 0.181731
633 0.85 0.181731
634 0.8 0.155597
635 0.8 0.155597
636 0.9 0.14327
637 1 0.125656
638 1 0.125656
639 1 0.125656
640 1 0.125656
641 0.95 0.135239
642 1.1 0.14327
643 1.15 0.166623
644 1.2 0.171679
645 1.2 0.171679
646 1.1 0.160591
647 1.1 0.160591
648 1.1 0.160591
649 1.05 0.169752
650 1.1 0.160591
651 1.1 0.160591
652 1.05 0.153469
653 1.05 0.153469
654 1 0.162221
655 1 0.162221
656 1.05 0.169752
657 1 0.162221
658 1 0.162221
659 1 0.177705
660 1.05 0.198348
661 1.1 0.239517
662 1.05 0.245753
663 1.1 0.280038
664 1.05 0.245753
665 0.95 0.223312
666 1 0.229416
667 1 0.229416
668 1 0.229416
669 1.1 0.21643
670 1.15 0.254176
671 1.25 0.260314
672 1.25 0.260314
673 1.25 0.260314
674 1.2 0.247088
675 1.2 0.247088
676 1.25 0.25
677 1.25 0.25
678 1.15 0.264326
679 1.15 0.264326
680 1.2 0.304354
681 1.2 0.304354
682 1.15 0.310136
683 1.15 0.310136
684 1.15 0.310136
685 1.05 0.234801
686 1.05 0.234801
687 1 0.240613
688 1.05 0.276015
689 0.95 0.276015
690 0.9 0.203909
691 0.9 0.203909
692 0.85 0.208693
693 0.85 0.208693
694 0.85 0.243602
695 0.9 0.239517
696 0.9 0.239517
697 0.85 0.243602
698 0.75 0.239242
699 0.65 0.195677
700 0.6 0.168585
701 0.7 0.23056
702 0.75 0.227977
703 0.8 0.224781
704 0.8 0.224781
705 0.75 0.227977
706 0.7 0.23056
707 0.7 0.23056
708 0.8 0.236198
709 0.75 0.239242
710 0.65 0.243602
711 0.65 0.243602
712 0.75 0.289055
713 0.8 0.304354
714 0.9 0.306937
715 1 0.316228
716 0.95 0.26631
717 0.85 0.243602
718 0.8 0.236198
719 0.8 0.236198
720 0.8 0.236198
721 0.8 0.236198
722 0.75 0.203586
723 0.8 0.212751
724 0.85 0.232549
725 0.85 0.232549
726 0.75 0.203586
727 0.75 0.203586
728 0.7 0.206474
729 0.75 0.216126
730 0.75 0.216126
731 0.75 0.227977
732 0.75 0.227977
733 0.75 0.203586
734 0.75 0.203586
735 0.75 0.203586
736 0.8 0.2
737 0.8 0.2
738 0.8 0.2
739 0.8 0.2
740 0.75 0.190221
741 0.75 0.190221
742 0.75 0.190221
743 0.75 0.190221
744 0.7 0.193309
745 0.75 0.190221
746 0.75 0.190221
747 0.75 0.190221
748 0.75 0.190221
749 0.75 0.190221
750 0.65 0.15
751 0.65 0.15
752 0.65 0.15
753 0.65 0.15
754 0.65 0.15
755 0.65 0.15
756 0.65 0.15
757 0.65 0.15
758 0.65 0.15
759 0.65 0.15
760 0.75 0.160181
761 0.7 0.146898
762 0.9 0.21643
763 0.9 0.21643
764 0.85 0.195677
765 1 0.229416
766 1 0.229416
767 0.9 0.228266
768 0.9 0.228266
769 0.9 0.190567
770 0.9 0.190567
771 1 0.217643
772 1.05 0.223312
773 1 0.229416
774 0.95 0.2112
775 1 0.191943
776 1 0.191943
777 1 0.191943
778 1 0.191943
779 0.95 0.198348
780 0.95 0.198348
781 1 0.191943
782 1.05 0.184605
783 1.05 0.184605
784 1.05 0.184605
785 1.15 0.208693
786 1.15 0.208693
787 1.15 0.208693
788 1.1 0.21643
789 1.1 0.21643
790 1.1 0.21643
791 1 0.205196
792 1 0.205196
793 1 0.205196
794 0.95 0.184605
795 0.9 0.190567
796 0.8 0.186378
797 0.75 0.175844
798 0.75 0.175844
799 0.75 0.175844
800 0.75 0.175844
801 0.75 0.190221
802 0.75 0.190221
803 0.8 0.186378
804 0.85 0.181731
805 0.9 0.203909
806 0.9 0.203909
807 0.95 0.198348
808 0.9 0.176218
809 0.9 0.176218
810 0.9 0.176218
811 0.9 0.176218
812 0.85 0.181731
813 0.85 0.181731
814 0.85 0.181731
815 0.9 0.190567
816 0.85 0.195677
817 0.8 0.171679
818 0.85 0.181731
819 0.8 0.186378
820 0.85 0.181731
821 0.85 0.181731
822 0.9 0.190567
823 0.9 0.190567
824 0.95 0.2112
825 0.95 0.2112
826 1 0.240613
827 0.9 0.21643
828 0.95 0.234801
829 0.9 0.228266
830 0.9 0.228266
831 0.9 0.228266
832 0.9 0.228266
833 0.85 0.208693
834 0.85 0.208693
835 0.85 0.208693
836 0.85 0.208693
837 0.85 0.208693
838 0.85 0.208693
839 0.8 0.212751
840 0.85 0.208693
841 0.85 0.208693
842 0.75 0.203586
843 0.75 0.190221
844 0.75 0.190221
845 0.8 0.186378
846 0.8 0.186378
847 0.8 0.186378
848 0.8 0.186378
849 0.8 0.186378
850 0.8 0.186378
851 0.8 0.186378
852 0.8 0.186378
853 0.75 0.190221
854 0.65 0.181731
855 0.65 0.181731
856 0.6 0.183533
857 0.65 0.181731
858 0.65 0.181731
859 0.65 0.181731
860 0.6 0.183533
861 0.6 0.183533
862 0.65 0.181731
863 0.65 0.181731
864 0.65 0.181731
865 0.65 0.181731
866 0.6 0.183533
867 0.6 0.183533
868 0.55 0.184605
869 0.55 0.184605
870 0.55 0.184605
871 0.55 0.184605
872 0.5 0.184961
873 0.5 0.184961
874 0.5 0.184961
875 0.5 0.184961
876 0.5 0.184961
877 0.55 0.184605
878 0.55 0.184605
879 0.55 0.184605
880 0.6 0.197351
881 0.65 0.195677
882 0.55 0.184605
883 0.5 0.211511
884 0.55 0.2112
885 0.65 0.220943
886 0.75 0.227977
887 0.7 0.218849
888 0.7 0.206474
889 0.65 0.166623
890 0.65 0.166623
891 0.55 0.153469
892 0.55 0.153469
893 0.55 0.153469
894 0.55 0.153469
895 0.5 0.135724
896 0.5 0.135724
897 0.55 0.153469
898 0.55 0.153469
899 0.55 0.153469
900 0.55 0.153469
901 0.55 0.153469
902 0.55 0.153469
903 0.6 0.168585
904 0.75 0.175844
905 0.75 0.160181
906 0.8 0.155597
907 0.8 0.155597
908 0.95 0.169752
909 1.05 0.169752
910 1.1 0.190567
911 1.15 0.195677
912 1.1 0.203909
913 1.15 0.208693
914 1.15 0.195677
915 1.05 0.2112
916 1.1 0.21643
917 1.15 0.208693
918 1.1 0.203909
919 0.95 0.169752
920 0.95 0.153469
921 1 0.162221
922 1 0.162221
923 1 0.162221
924 1 0.162221
925 0.95 0.169752
926 0.95 0.169752
927 1 0.177705
928 1 0.177705
929 1.05 0.198348
930 1.05 0.198348
931 1 0.191943
932 0.95 0.198348
933 0.95 0.198348
934 0.85 0.166623
935 0.85 0.166623
936 0.85 0.166623
937 0.85 0.166623
938 0.8 0.155597
939 0.8 0.155597
940 0.75 0.160181
941 0.65 0.15
942 0.65 0.15
943 0.65 0.15
944 0.65 0.15
945 0.65 0.15
946 0.65 0.15
947 0.7 0.163836
948 0.75 0.175844
949 0.7 0.163836
950 0.75 0.160181
951 0.75 0.160181
952 0.75 0.160181
953 0.75 0.160181
954 0.75 0.160181
955 0.7 0.146898
956 0.7 0.146898
957 0.65 0.166623
958 0.7 0.179179
959 0.7 0.179179
960 0.6 0.168585
961 0.65 0.166623
962 0.6 0.168585
963 0.6 0.168585
964 0.65 0.195677
965 0.75 0.203586
966 0.7 0.206474
967 0.7 0.206474
968 0.7 0.206474
969 0.7 0.206474
970 0.65 0.208693
971 0.7 0.206474
972 0.7 0.206474
973 0.65 0.208693
974 0.55 0.184605
975 0.55 0.184605
976 0.5 0.184961
977 0.45 0.184605
978 0.5 0.170139
979 0.5 0.170139
980 0.4 0.11239
981 0.4 0.11239
982 0.4 0.11239
983 0.4 0.11239
984 0.35 0.109424
985 0.4 0.11239
986 0.4 0.11239
987 0.4 0.133771
988 0.4 0.133771
989 0.35 0.131289
990 0.35 0.131289
991 0.35 0.131289
992 0.4 0.133771
993 0.4 0.133771
994 0.35 0.109424
995 0.35 0.109424
996 0.35 0.109424
997 0.4 0.133771
998 0.4 0.133771
999 0.55 0.184605
1000 0.6 0.222427
1001 0.5 0.170139
1002 0.6 0.255467
1003 0.5 0.170139
1004 0.5 0.135724
1005 0.5 0.135724
1006 0.8 0.277204
1007 0.75 0.279803
1008 0.8 0.267542
1009 1 0.307794
1010 1 0.307794
1011 1 0.307794
1012 0.9 0.239517
1013 0.9 0.239517
1014 0.85 0.243602
1015 0.65 0.195677
1016 0.6 0.197351
1017 0.7 0.218849
1018 0.75 0.216126
1019 0.7 0.218849
1020 0.6 0.183533
1021 0.55 0.169752
1022 0.55 0.169752
1023 0.55 0.169752
1024 0.55 0.169752
1025 0.6 0.168585
1026 0.6 0.168585
1027 0.6 0.168585
1028 0.55 0.169752
1029 0.75 0.239242
1030 0.85 0.243602
1031 0.75 0.239242
1032 0.8 0.277204
1033 0.85 0.254176
1034 0.85 0.254176
1035 0.85 0.254176
1036 0.85 0.254176
1037 0.75 0.260314
1038 0.7 0.262578
1039 0.75 0.260314
1040 0.6 0.255467
1041 0.75 0.270234
1042 0.75 0.227977
1043 0.85 0.220943
1044 0.85 0.243602
1045 0.9 0.250263
1046 0.85 0.232549
1047 0.75 0.203586
1048 0.75 0.203586
1049 0.75 0.190221
1050 0.75 0.190221
1051 0.85 0.195677
1052 0.85 0.195677
1053 0.85 0.195677
1054 0.85 0.195677
1055 0.85 0.195677
1056 0.85 0.195677
1057 0.7 0.163836
1058 0.85 0.15
1059 0.85 0.15
1060 0.8 0.155597
1061 0.85 0.15
1062 0.85 0.15
1063 0.85 0.15
1064 0.8 0.155597
1065 0.75 0.14281
1066 0.75 0.14281
1067 0.8 0.137649
1068 0.8 0.155597
1069 0.75 0.14281
1070 0.75 0.14281
1071 0.7 0.146898
1072 0.75 0.14281
1073 0.75 0.14281
1074 0.7 0.127733
1075 0.5 0.135724
1076 0.5 0.135724
1077 0.4 0.11239
1078 0.6 0.133771
1079 0.6 0.133771
1080 0.6 0.133771
1081 0.6 0.133771
1082 0.45 0.114133
1083 0.4 0.11239
1084 0.35 0.109424
1085 0.3 0.105131
1086 0.3 0.105131
1087 0.45 0.135239
1088 0.5 0.135724
1089 0.55 0.153469
1090 0.55 0.153469
1091 0.55 0.153469
1092 0.55 0.153469
1093 0.55 0.153469
1094 0.5 0.135724
1095 0.65 0.181731
1096 0.55 0.184605
1097 0.45 0.169752
1098 0.45 0.153469
1099 0.45 0.153469
1100 0.45 0.153469
1101 0.6 0.197351
1102 0.6 0.197351
1103 0.65 0.195677
1104 0.7 0.193309
1105 0.65 0.181731
1106 0.8 0.224781
1107 0.8 0.2
1108 0.8 0.2
1109 0.85 0.232549
1110 0.95 0.234801
1111 0.9 0.203909
1112 0.9 0.203909
1113 0.9 0.203909
1114 1.1 0.228266
1115 1.15 0.220943
1116 1.2 0.224781
1117 1.15 0.232549
1118 1.1 0.228266
1119 1.1 0.228266
1120 1.1 0.228266
1121 1.15 0.220943
1122 1.1 0.228266
1123 1.1 0.228266
1124 1 0.229416
1125 1.15 0.274101
1126 1.25 0.289055
1127 1.35 0.28354
1128 1.25 0.289055
1129 1.15 0.243602
1130 1.3 0.281911
1131 1.35 0.274101
1132 1.1 0.280038
1133 0.95 0.234801
1134 0.95 0.234801
1135 0.85 0.220943
1136 0.85 0.254176
1137 0.85 0.254176
1138 0.85 0.254176
1139 0.85 0.243602
1140 0.8 0.2
1141 0.85 0.208693
1142 0.65 0.166623
1143 0.7 0.179179
1144 0.75 0.190221
1145 0.7 0.179179
1146 0.65 0.181731
1147 0.55 0.169752
1148 0.55 0.169752
1149 0.6 0.168585
1150 0.5 0.153897
1151 0.5 0.153897
1152 0.45 0.135239
1153 0.45 0.135239
1154 0.55 0.184605
1155 0.4 0.133771
1156 0.4 0.133771
1157 0.4 0.133771
1158 0.45 0.135239
1159 0.45 0.135239
1160 0.45 0.135239
1161 0.45 0.135239
1162 0.55 0.135239
1163 0.55 0.114133
1164 0.5 0.114708
1165 0.5 0.135724
1166 0.55 0.135239
1167 0.6 0.152177
1168 0.55 0.135239
1169 0.6 0.152177
1170 0.65 0.15
1171 0.65 0.15
1172 0.65 0.15
1173 0.55 0.135239
1174 0.55 0.135239
1175 0.55 0.135239
1176 0.55 0.135239
1177 0.6 0.133771
1178 0.55 0.135239
1179 0.5 0.135724
1180 0.6 0.152177
1181 0.55 0.135239
1182 0.55 0.135239
1183 0.55 0.135239
1184 0.45 0.135239
1185 0.45 0.135239
1186 0.45 0.135239
1187 0.45 0.135239
1188 0.45 0.135239
1189 0.45 0.135239
1190 0.45 0.135239
1191 0.4 0.133771
1192 0.45 0.153469
1193 0.45 0.153469
1194 0.5 0.153897
1195 0.5 0.153897
1196 0.6 0.152177
1197 0.6 0.152177
1198 0.6 0.152177
1199 0.6 0.168585
1200 0.65 0.166623
1201 0.65 0.166623
1202 0.7 0.163836
1203 0.7 0.163836
1204 0.7 0.179179
1205 0.65 0.166623
1206 0.55 0.169752
1207 0.6 0.168585
1208 0.7 0.179179
1209 0.75 0.203586
1210 0.8 0.236198
1211 0.8 0.236198
1212 0.65 0.195677
1213 0.65 0.195677
1214 0.9 0.270477
1215 0.75 0.203586
1216 0.85 0.195677
1217 0.8 0.186378
1218 0.85 0.220943
1219 0.9 0.190567
1220 0.85 0.195677
1221 0.8 0.2
1222 0.85 0.195677
1223 0.9 0.190567
1224 0.9 0.190567
1225 0.9 0.190567
1226 0.7 0.163836
1227 0.6 0.168585
1228 0.55 0.169752
1229 0.55 0.169752
1230 0.55 0.169752
1231 0.55 0.169752
1232 0.6 0.168585
1233 0.65 0.181731
1234 0.65 0.181731
1235 0.6 0.168585
1236 0.65 0.166623
1237 0.75 0.160181
1238 0.75 0.160181
1239 0.75 0.160181
1240 0.8 0.2
1241 0.8 0.2
1242 0.85 0.195677
1243 0.85 0.195677
1244 0.9 0.203909
1245 0.95 0.2112
1246 0.95 0.2112
1247 0.85 0.208693
1248 0.8 0.2
1249 0.85 0.208693
1250 0.8 0.212751
1251 0.85 0.232549
1252 0.8 0.236198
1253 0.75 0.227977
1254 0.75 0.227977
1255 0.8 0.224781
1256 0.85 0.220943
1257 0.9 0.239517
1258 0.85 0.243602
1259 0.85 0.243602
1260 0.9 0.21643
1261 0.85 0.243602
1262 0.75 0.239242
1263 0.7 0.218849
1264 0.8 0.236198
1265 0.7 0.206474
1266 0.7 0.206474
1267 0.7 0.206474
1268 0.75 0.203586
1269 0.75 0.203586
1270 0.75 0.203586
1271 0.7 0.146898
1272 0.7 0.146898
1273 0.7 0.146898
1274 0.7 0.146898
1275 0.7 0.146898
1276 0.7 0.146898
1277 0.75 0.14281
1278 0.75 0.14281
1279 0.7 0.146898
1280 0.75 0.14281
1281 0.65 0.131289
1282 0.65 0.131289
1283 0.7 0.146898
1284 0.7 0.146898
1285 0.7 0.146898
1286 0.65 0.15
1287 0.6 0.152177
1288 0.6 0.152177
1289 0.65 0.15
1290 0.65 0.15
1291 0.65 0.15
1292 0.55 0.153469
1293 0.5 0.153897
1294 0.5 0.153897
1295 0.45 0.135239
1296 0.5 0.153897
1297 0.6 0.152177
1298 0.6 0.152177
1299 0.55 0.153469
1300 0.7 0.179179
1301 0.7 0.179179
1302 0.75 0.175844
1303 0.75 0.175844
1304 0.7 0.179179
1305 0.6 0.168585
1306 0.65 0.181731
1307 0.65 0.181731
1308 0.65 0.181731
1309 0.65 0.181731
1310 0.65 0.181731
1311 0.65 0.181731
1312 0.65 0.181731
1313 0.65 0.181731
1314 0.7 0.179179
1315 0.7 0.163836
1316 0.85 0.195677
1317 0.7 0.163836
1318 0.75 0.160181
1319 0.85 0.195677
1320 0.9 0.203909
1321 0.85 0.208693
1322 0.85 0.208693
1323 0.85 0.208693
1324 0.85 0.208693
1325 0.9 0.203909
1326 0.9 0.203909
1327 1 0.205196
1328 1 0.205196
1329 1 0.205196
1330 0.8 0.212751
1331 0.8 0.212751
1332 0.8 0.212751
1333 0.7 0.206474
1334 0.9 0.270477
1335 0.7 0.262578
1336 0.85 0.264326
1337 0.65 0.208693
1338 0.65 0.208693
1339 0.8 0.212751
1340 0.85 0.232549
1341 0.85 0.232549
1342 0.9 0.239517
1343 0.8 0.2
1344 0.8 0.224781
1345 0.85 0.195677
1346 0.75 0.175844
1347 0.75 0.175844
1348 0.8 0.2
1349 0.6 0.183533
1350 0.75 0.190221
1351 0.75 0.190221
1352 0.85 0.195677
1353 0.9 0.190567
1354 0.95 0.223312
1355 0.85 0.220943
1356 0.8 0.224781
1357 0.7 0.218849
1358 0.7 0.218849
1359 0.7 0.218849
1360 0.7 0.218849
1361 0.7 0.218849
1362 0.7 0.218849
1363 0.65 0.181731
1364 0.55 0.184605
1365 0.6 0.152177
1366 0.6 0.183533
1367 0.65 0.181731
1368 0.65 0.181731
1369 0.65 0.208693
1370 0.6 0.210263
1371 0.7 0.218849
1372 0.8 0.236198
1373 0.7 0.241704
1374 0.75 0.239242
1375 0.75 0.216126
1376 0.85 0.220943
1377 0.85 0.220943
1378 0.9 0.239517
1379 0.8 0.2
1380 0.8 0.2
1381 0.75 0.203586
1382 0.75 0.203586
1383 0.75 0.203586
1384 0.7 0.179179
1385 0.7 0.179179
1386 0.65 0.166623
1387 0.65 0.166623
1388 0.65 0.15
1389 0.65 0.181731
1390 0.65 0.181731
1391 0.55 0.184605
1392 0.6 0.183533
1393 0.55 0.184605
1394 0.65 0.181731
1395 0.8 0.212751
1396 0.85 0.243602
1397 0.85 0.243602
1398 0.8 0.247088
1399 0.8 0.247088
1400 0.8 0.247088
1401 0.75 0.25
1402 0.75 0.216126
1403 0.75 0.203586
1404 0.7 0.206474
1405 0.75 0.216126
1406 0.75 0.216126
1407 0.85 0.232549
1408 0.85 0.232549
1409 0.85 0.232549
1410 0.9 0.228266
1411 0.9 0.228266
1412 0.85 0.208693
1413 0.85 0.208693
1414 0.9 0.203909
1415 1.1 0.203909
1416 1.1 0.203909
1417 1.05 0.198348
1418 1.1 0.203909
1419 1.05 0.184605
1420 1.05 0.184605
1421 1 0.177705
1422 1 0.177705
1423 0.9 0.176218
1424 0.8 0.137649
1425 0.75 0.12301
1426 0.7 0.127733
1427 0.55 0.135239
1428 0.65 0.181731
1429 0.65 0.181731
1430 0.6 0.183533
1431 0.6 0.168585
1432 0.6 0.168585
1433 0.65 0.181731
1434 0.65 0.208693
1435 0.65 0.181731
1436 0.55 0.184605
1437 0.55 0.184605
1438 0.65 0.195677
1439 0.7 0.218849
1440 0.7 0.218849
1441 0.65 0.195677
1442 0.65 0.195677
1443 0.7 0.193309
1444 0.7 0.193309
1445 0.75 0.216126
1446 0.8 0.212751
1447 0.65 0.208693
1448 0.65 0.208693
1449 0.7 0.206474
1450 0.7 0.206474
1451 0.7 0.179179
1452 0.85 0.208693
1453 0.75 0.175844
1454 0.75 0.175844
1455 0.75 0.175844
1456 0.75 0.175844
1457 0.75 0.190221
1458 0.75 0.190221
1459 0.8 0.186378
1460 0.85 0.195677
1461 0.85 0.195677
1462 0.85 0.195677
1463 0.85 0.195677
1464 0.75 0.160181
1465 0.75 0.160181
1466 0.8 0.155597
1467 0.8 0.155597
1468 0.85 0.181731
1469 0.85 0.208693
1470 0.85 0.208693
1471 0.85 0.208693
1472 0.85 0.208693
1473 0.85 0.208693
1474 0.85 0.208693
1475 0.9 0.203909
1476 0.95 0.2112
1477 0.95 0.2112
1478 1 0.217643
1479 1 0.217643
1480 0.95 0.2112
1481 0.8 0.171679
1482 0.75 0.175844
1483 0.7 0.179179
1484 0.7 0.179179
1485 0.75 0.190221
1486 0.75 0.190221
1487 0.75 0.190221
1488 0.75 0.190221
1489 0.8 0.224781
1490 0.85 0.232549
1491 0.85 0.208693
1492 0.85 0.208693
1493 0.75 0.216126
1494 0.75 0.216126
1495 0.75 0.216126
1496 0.55 0.198348
1497 0.6 0.197351
1498 0.55 0.198348
1499 0.55 0.198348
1500 0.55 0.198348
1501 0.55 0.198348
1502 0.55 0.198348
1503 0.75 0.203586
1504 0.7 0.193309
1505 0.7 0.193309
1506 0.85 0.208693
1507 0.8 0.186378
1508 0.9 0.203909
1509 0.95 0.2112
1510 0.8 0.186378
1511 0.65 0.166623
1512 0.65 0.166623
1513 0.65 0.166623
1514 0.6 0.168585
1515 0.65 0.181731
1516 0.6 0.168585
1517 0.7 0.179179
1518 0.7 0.179179
1519 0.8 0.236198
1520 0.85 0.232549
1521 0.85 0.232549
1522 0.9 0.239517
1523 0.9 0.239517
1524 0.85 0.232549
1525 0.9 0.228266
1526 0.85 0.195677
1527 0.9 0.190567
1528 1 0.205196
1529 1 0.205196
1530 0.95 0.198348
1531 0.95 0.198348
1532 0.9 0.176218
1533 0.9 0.203909
1534 0.9 0.203909
1535 0.85 0.181731
1536 0.85 0.181731
1537 0.85 0.181731
1538 0.85 0.181731
1539 0.8 0.171679
1540 0.65 0.181731
1541 0.6 0.168585
1542 0.6 0.168585
1543 0.7 0.163836
1544 0.75 0.175844
1545 0.8 0.186378
1546 0.7 0.179179
1547 0.65 0.166623
1548 0.7 0.179179
1549 0.7 0.179179
1550 0.75 0.175844
1551 0.65 0.166623
1552 0.65 0.166623
1553 0.7 0.163836
1554 0.7 0.179179
1555 0.7 0.179179
1556 0.75 0.175844
1557 0.8 0.171679
1558 0.8 0.186378
1559 0.9 0.176218
1560 0.9 0.176218
1561 0.9 0.176218
1562 1 0.191943
1563 1 0.191943
1564 0.85 0.181731
1565 0.85 0.181731
1566 1 0.177705
1567 1 0.205196
1568 0.95 0.223312
1569 0.8 0.224781
1570 0.9 0.228266
1571 0.9 0.228266
1572 0.9 0.228266
1573 0.9 0.203909
1574 0.8 0.2
1575 0.9 0.239517
1576 0.9 0.21643
1577 0.85 0.220943
1578 0.95 0.234801
1579 0.85 0.220943
1580 0.85 0.220943
1581 0.95 0.223312
1582 1.05 0.276015
1583 1.05 0.276015
1584 1 0.271448
1585 1 0.271448
1586 0.95 0.2112
1587 0.9 0.21643
1588 0.8 0.186378
1589 0.8 0.186378
1590 0.8 0.186378
1591 0.9 0.21643
1592 0.9 0.21643
1593 0.9 0.21643
1594 0.95 0.223312
1595 0.95 0.223312
1596 1 0.261574
1597 1.1 0.260566
1598 1.05 0.184605
1599 1.1 0.190567
1600 1.05 0.184605
1601 0.85 0.131289
1602 0.85 0.109424
1603 0.85 0.109424
1604 0.9 0.123544
1605 1 0.162221
1606 1.05 0.169752
1607 1.1 0.176218
1608 1.05 0.184605
1609 1.05 0.184605
1610 0.9 0.190567
1611 0.8 0.186378
1612 0.8 0.186378
1613 0.8 0.186378
1614 0.65 0.15
1615 0.7 0.163836
1616 0.95 0.2112
1617 0.8 0.186378
1618 0.8 0.186378
1619 0.8 0.212751
1620 0.8 0.212751
1621 0.75 0.190221
1622 0.75 0.175844
1623 0.75 0.190221
1624 0.8 0.2
1625 0.75 0.190221
1626 0.75 0.190221
1627 0.75 0.175844
1628 0.75 0.175844
1629 0.9 0.190567
1630 0.9 0.190567
1631 1 0.191943
1632 1.1 0.176218
1633 1.05 0.153469
1634 1.15 0.15
1635 0.95 0.169752
1636 0.85 0.181731
1637 0.85 0.181731
1638 0.75 0.160181
1639 0.6 0.152177
1640 0.65 0.195677
1641 0.65 0.195677
1642 0.75 0.203586
1643 0.75 0.203586
1644 0.8 0.2
1645 0.8 0.2
1646 0.7 0.193309
1647 0.9 0.190567
1648 0.9 0.176218
1649 0.85 0.181731
1650 0.8 0.2
1651 0.8 0.2
1652 0.75 0.175844
1653 0.8 0.186378
1654 0.8 0.186378
1655 0.7 0.179179
1656 0.7 0.179179
1657 0.65 0.15
1658 0.65 0.15
1659 0.55 0.135239
1660 0.55 0.135239
1661 0.55 0.153469
1662 0.6 0.152177
1663 0.6 0.152177
1664 0.6 0.152177
1665 0.65 0.15
1666 0.65 0.15
1667 0.65 0.166623
1668 0.65 0.166623
1669 0.6 0.152177
1670 0.6 0.152177
1671 0.6 0.152177
1672 0.55 0.153469
1673 0.55 0.153469
1674 0.65 0.166623
1675 0.6 0.152177
1676 0.7 0.146898
1677 0.8 0.155597
1678 0.65 0.15
1679 0.55 0.135239
1680 0.55 0.135239
1681 0.55 0.135239
1682 0.45 0.135239
1683 0.4 0.133771
1684 0.45 0.153469
1685 0.5 0.153897
1686 0.5 0.153897
1687 0.55 0.184605
1688 0.55 0.184605
1689 0.5 0.184961
1690 0.5 0.184961
1691 0.55 0.198348
1692 0.6 0.197351
1693 0.55 0.184605
1694 0.5 0.153897
1695 0.5 0.153897
1696 0.35 0.131289
1697 0.4 0.133771
1698 0.4 0.133771
1699 0.4 0.168585
1700 0.4 0.168585
1701 0.45 0.169752
1702 0.45 0.169752
1703 0.5 0.170139
1704 0.55 0.169752
1705 0.65 0.181731
1706 0.7 0.193309
1707 0.6 0.183533
1708 0.75 0.203586
1709 0.75 0.203586
1710 0.8 0.2
1711 0.85 0.195677
1712 0.9 0.21643
1713 1.15 0.254176
1714 1.05 0.245753
1715 0.95 0.245753
1716 0.95 0.245753
1717 1 0.251312
1718 1 0.251312
1719 1.05 0.256238
1720 1 0.251312
1721 1 0.251312
1722 0.95 0.245753
1723 0.95 0.245753
1724 0.9 0.228266
1725 0.8 0.2
1726 0.85 0.195677
1727 0.8 0.2
1728 0.85 0.208693
1729 0.85 0.220943
1730 0.8 0.212751
1731 0.8 0.212751
1732 0.8 0.212751
1733 0.8 0.212751
1734 0.75 0.216126
1735 0.75 0.216126
1736 0.7 0.206474
1737 0.7 0.206474
1738 0.7 0.206474
1739 0.75 0.203586
1740 0.6 0.168585
1741 0.6 0.168585
1742 0.6 0.168585
1743 0.6 0.168585
1744 0.6 0.168585
1745 0.6 0.168585
1746 0.65 0.181731
1747 0.6 0.168585
1748 0.6 0.168585
1749 0.6 0.168585
1750 0.6 0.168585
1751 0.65 0.166623
1752 0.7 0.179179
1753 0.7 0.179179
1754 0.75 0.239242
1755 0.7 0.241704
1756 0.7 0.241704
1757 0.75 0.260314
1758 0.8 0.257519
1759 0.8 0.224781
1760 0.85 0.232549
1761 0.7 0.23056
1762 0.7 0.23056
1763 0.9 0.280038
1764 0.9 0.280038
1765 0.95 0.28539
1766 1 0.280976
1767 0.9 0.239517
1768 0.85 0.220943
1769 0.9 0.21643
1770 0.9 0.203909
1771 0.9 0.203909
1772 0.85 0.181731
1773 0.85 0.195677
1774 0.8 0.2
1775 0.85 0.195677
1776 0.85 0.195677
1777 0.85 0.195677
1778 0.85 0.195677
1779 0.9 0.203909
1780 0.9 0.203909
1781 0.95 0.234801
1782 1.05 0.256238
1783 1 0.229416
1784 1 0.229416
1785 0.85 0.232549
1786 0.85 0.220943
1787 0.95 0.223312
1788 0.9 0.228266
1789 1 0.229416
1790 0.85 0.208693
1791 0.95 0.198348
1792 0.95 0.198348
1793 1 0.191943
1794 0.95 0.184605
1795 1.05 0.2112
1796 1.05 0.2112
1797 1.05 0.2112
1798 1.05 0.223312
1799 1.1 0.21643
1800 1.05 0.198348
1801 0.95 0.198348
1802 1 0.191943
1803 0.9 0.160591
1804 0.85 0.15
1805 0.85 0.15
1806 0.85 0.15
1807 0.85 0.15
1808 0.7 0.146898
1809 0.75 0.14281
1810 0.7 0.146898
1811 0.75 0.175844
1812 0.75 0.175844
1813 0.75 0.175844
1814 0.9 0.21643
1815 1 0.217643
1816 1.05 0.256238
1817 1.05 0.256238
1818 1.1 0.270477
1819 1.05 0.234801
1820 1.05 0.234801
1821 1 0.229416
1822 1.1 0.228266
1823 1.1 0.228266
1824 1.1 0.228266
1825 1.1 0.228266
1826 1.1 0.228266
1827 1.05 0.169752
1828 1 0.177705
1829 1 0.177705
1830 0.9 0.14327
1831 0.8 0.155597
1832 0.85 0.15
1833 0.85 0.15
1834 0.85 0.15
1835 0.85 0.15
1836 0.7 0.163836
1837 0.7 0.163836
1838 0.6 0.168585
1839 0.65 0.166623
1840 0.6 0.152177
1841 0.7 0.163836
1842 0.75 0.175844
1843 0.7 0.163836
1844 0.7 0.163836
1845 0.65 0.166623
1846 0.7 0.163836
1847 0.85 0.232549
1848 0.85 0.232549
1849 0.8 0.224781
1850 0.75 0.227977
1851 0.7 0.23056
1852 0.75 0.190221
1853 0.75 0.190221
1854 0.75 0.160181
1855 0.75 0.160181
1856 0.7 0.146898
1857 0.8 0.155597
1858 0.8 0.155597
1859 0.8 0.155597
1860 0.8 0.155597
1861 0.7 0.146898
1862 0.6 0.152177
1863 0.6 0.152177
1864 0.6 0.152177
1865 0.6 0.152177
1866 0.55 0.153469
1867 0.6 0.152177
1868 0.6 0.152177
1869 0.65 0.15
1870 0.65 0.15
1871 0.65 0.15
1872 0.65 0.15
1873 0.65 0.15
1874 0.65 0.15
1875 0.6 0.133771
1876 0.6 0.133771
1877 0.75 0.12301
1878 0.7 0.127733
1879 0.7 0.127733
1880 0.6 0.133771
1881 0.6 0.133771
1882 0.65 0.15
1883 0.7 0.163836
1884 0.65 0.166623
1885 0.65 0.166623
1886 0.6 0.168585
1887 0.55 0.169752
1888 0.55 0.169752
1889 0.55 0.169752
1890 0.55 0.169752
1891 0.5 0.170139
1892 0.55 0.198348
1893 0.55 0.198348
1894 0.6 0.197351
1895 0.6 0.197351
1896 0.55 0.198348
1897 0.45 0.153469
1898 0.45 0.153469
1899 0.45 0.153469
1900 0.45 0.153469
1901 0.5 0.153897
1902 0.5 0.170139
1903 0.55 0.169752
1904 0.55 0.169752
1905 0.55 0.169752
1906 0.7 0.193309
1907 0.75 0.190221
1908 0.75 0.190221
1909 0.85 0.181731
1910 0.75 0.175844
1911 0.85 0.181731
1912 0.75 0.160181
1913 0.75 0.160181
1914 0.95 0.198348
1915 1.05 0.2112
1916 1.15 0.220943
1917 1.1 0.21643
1918 1.05 0.2112
1919 0.95 0.198348
1920 0.85 0.195677
1921 0.85 0.195677
1922 0.8 0.2
1923 0.75 0.203586
1924 0.8 0.2
1925 0.85 0.208693
1926 0.85 0.208693
1927 0.85 0.208693
1928 0.75 0.203586
1929 0.8 0.2
1930 0.65 0.208693
1931 0.5 0.184961
1932 0.55 0.184605
1933 0.7 0.179179
1934 0.65 0.181731
1935 0.65 0.181731
1936 0.65 0.181731
1937 0.7 0.179179
1938 0.8 0.186378
1939 0.85 0.181731
1940 0.85 0.181731
1941 0.8 0.155597
1942 0.75 0.160181
1943 0.85 0.15
1944 0.8 0.155597
1945 0.85 0.195677
1946 0.8 0.212751
1947 0.75 0.216126
1948 0.75 0.216126
1949 0.75 0.216126
1950 0.75 0.216126
1951 0.6 0.210263
1952 0.6 0.210263
1953 0.5 0.170139
1954 0.55 0.169752
1955 0.55 0.169752
1956 0.55 0.169752
1957 0.55 0.169752
1958 0.55 0.169752
1959 0.5 0.153897
1960 0.4 0.152177
1961 0.45 0.153469
1962 0.45 0.153469
1963 0.45 0.153469
1964 0.55 0.223312
1965 0.55 0.223312
1966 0.55 0.245753
1967 0.6 0.244949
1968 0.6 0.244949
1969 0.7 0.252357
1970 0.65 0.232549
1971 0.65 0.232549
1972 0.6 0.197351
1973 0.6 0.183533
1974 0.65 0.181731
1975 0.7 0.179179
1976 0.75 0.203586
1977 0.75 0.216126
1978 0.8 0.236198
1979 0.85 0.232549
1980 0.85 0.232549
1981 0.85 0.232549
1982 0.8 0.236198
1983 0.75 0.227977
1984 0.75 0.227977
1985 0.7 0.23056
1986 0.75 0.239242
1987 0.85 0.232549
1988 0.7 0.206474
1989 0.75 0.203586
1990 0.75 0.203586
1991 0.75 0.175844
1992 0.75 0.175844
1993 0.8 0.186378
1994 0.7 0.179179
1995 0.65 0.166623
1996 0.65 0.166623
1997 0.7 0.193309
1998 0.7 0.218849
1999 0.75 0.239242
2000 0.65 0.208693
2001 0.6 0.210263
2002 0.6 0.210263
2003 0.6 0.244949
2004 0.6 0.244949
2005 0.65 0.243602
2006 0.65 0.243602
2007 0.65 0.243602
2008 0.55 0.184605
2009 0.65 0.181731
2010 0.6 0.183533
2011 0.6 0.183533
2012 0.55 0.184605
2013 0.6 0.183533
2014 0.6 0.183533
2015 0.6 0.183533
2016 0.6 0.183533
2017 0.5 0.170139
2018 0.5 0.170139
2019 0.5 0.170139
2020 0.65 0.208693
2021 0.65 0.208693
2022 0.7 0.218849
2023 0.65 0.220943
2024 0.65 0.220943
2025 0.5 0.184961
2026 0.45 0.184605
2027 0.45 0.184605
2028 0.45 0.184605
2029 0.3 0.127733
2030 0.3 0.127733
2031 0.45 0.153469
2032 0.5 0.153897
2033 0.5 0.153897
2034 0.55 0.153469
2035 0.55 0.153469
2036 0.6 0.152177
2037 0.55 0.153469
2038 0.4 0.11239
2039 0.4 0.11239
2040 0.4 0.11239
2041 0.4 0.11239
2042 0.45 0.114133
2043 0.55 0.135239
2044 0.5 0.135724
2045 0.6 0.183533
2046 0.65 0.181731
2047 0.65 0.181731
2048 0.6 0.168585
2049 0.7 0.206474
2050 0.75 0.216126
2051 0.8 0.247088
2052 0.75 0.239242
2053 0.75 0.239242
2054 0.7 0.241704
2055 0.7 0.241704
2056 0.7 0.241704
2057 0.7 0.241704
2058 0.7 0.241704
2059 0.85 0.274101
2060 0.85 0.274101
2061 0.85 0.274101
2062 0.85 0.274101
2063 0.85 0.274101
2064 0.8 0.257519
2065 0.8 0.257519
2066 0.7 0.179179
2067 0.75 0.175844
2068 0.75 0.175844
2069 0.75 0.175844
2070 0.85 0.195677
2071 0.85 0.195677
2072 0.95 0.184605
2073 0.9 0.190567
2074 1.1 0.203909
2075 1.1 0.203909
2076 1.1 0.190567
2077 1.1 0.190567
2078 1.2 0.186378
2079 1.15 0.195677
2080 1.2 0.186378
2081 1.1 0.176218
2082 1.05 0.169752
2083 1.05 0.169752
2084 1 0.177705
2085 1.1 0.176218
2086 1.05 0.184605
2087 1.1 0.176218
2088 1 0.145095
2089 1 0.162221
2090 1 0.162221
2091 1 0.162221
2092 1 0.162221
2093 1.05 0.184605
2094 1.05 0.184605
2095 1.05 0.184605
2096 1 0.191943
2097 0.95 0.198348
2098 0.95 0.198348
2099 1 0.191943
2100 1 0.191943
2101 0.9 0.160591
2102 0.9 0.160591
2103 0.9 0.160591
2104 0.85 0.15
2105 0.9 0.14327
2106 0.9 0.14327
2107 0.75 0.12301
2108 0.9 0.14327
2109 0.95 0.153469
2110 1.05 0.169752
2111 1 0.177705
2112 0.95 0.169752
2113 0.9 0.176218
2114 0.9 0.176218
2115 0.9 0.176218
2116 0.85 0.181731
2117 0.9 0.190567
2118 0.85 0.181731
2119 0.9 0.203909
2120 0.95 0.198348
2121 0.95 0.198348
2122 0.95 0.198348
2123 0.95 0.198348
2124 0.95 0.198348
2125 0.95 0.198348
2126 0.95 0.198348
2127 0.95 0.198348
2128 0.85 0.166623
2129 0.85 0.166623
2130 0.85 0.166623
2131 0.85 0.166623
2132 0.8 0.171679
2133 0.8 0.171679
2134 0.75 0.160181
2135 0.75 0.160181
2136 0.7 0.146898
2137 0.7 0.146898
2138 0.75 0.160181
2139 0.8 0.155597
2140 0.85 0.15
2141 0.8 0.155597
2142 0.75 0.14281
2143 0.7 0.146898
2144 0.7 0.146898
2145 0.6 0.133771
2146 0.5 0.135724
2147 0.6 0.133771
2148 0.8 0.171679
2149 0.8 0.171679
2150 0.75 0.175844
2151 0.8 0.2
2152 0.75 0.203586
2153 0.75 0.203586
2154 0.8 0.212751
2155 0.75 0.190221
2156 0.8 0.186378
2157 0.85 0.181731
2158 0.85 0.181731
2159 0.85 0.181731
2160 0.8 0.186378
2161 0.9 0.190567
2162 0.9 0.190567
2163 0.85 0.166623
2164 0.85 0.166623
2165 0.9 0.176218
2166 0.9 0.176218
2167 0.85 0.15
2168 0.85 0.15
2169 0.8 0.155597
2170 0.8 0.155597
2171 0.95 0.198348
2172 0.95 0.198348
2173 0.9 0.176218
2174 0.9 0.176218
2175 0.85 0.166623
2176 0.85 0.166623
2177 0.85 0.166623
2178 0.9 0.160591
2179 1.05 0.184605
2180 1.05 0.184605
2181 1 0.177705
2182 1 0.177705
2183 1 0.177705
2184 0.95 0.198348
2185 0.95 0.198348
2186 0.85 0.195677
2187 0.8 0.186378
2188 0.8 0.155597
2189 0.8 0.155597
2190 0.85 0.166623
2191 0.8 0.171679
2192 0.75 0.160181
2193 0.7 0.163836
2194 0.75 0.160181
2195 0.8 0.171679
2196 0.9 0.160591
2197 0.9 0.160591
2198 0.9 0.14327
2199 0.85 0.15
2200 0.85 0.15
2201 0.85 0.15
2202 0.9 0.160591
2203 0.9 0.160591
2204 0.95 0.153469
2205 1.05 0.184605
2206 1 0.177705
2207 0.9 0.160591
2208 0.85 0.166623
2209 0.85 0.166623
2210 0.9 0.190567
2211 0.85 0.195677
2212 0.85 0.166623
2213 0.8 0.155597
2214 0.9 0.160591
2215 0.9 0.160591
2216 0.9 0.160591
2217 0.85 0.15
2218 0.75 0.160181
2219 0.75 0.160181
2220 0.7 0.163836
2221 0.75 0.175844
2222 0.7 0.163836
2223 0.7 0.163836
2224 0.7 0.163836
2225 0.7 0.163836
2226 0.65 0.166623
2227 0.65 0.166623
2228 0.7 0.163836
2229 0.7 0.163836
2230 0.65 0.15
2231 0.65 0.15
2232 0.65 0.15
2233 0.6 0.152177
2234 0.7 0.163836
2235 0.7 0.163836
2236 0.8 0.171679
2237 0.8 0.155597
2238 0.8 0.155597
2239 0.9 0.176218
2240 0.95 0.169752
2241 0.95 0.169752
2242 0.95 0.169752
2243 0.95 0.169752
2244 1 0.177705
2245 1.1 0.176218
2246 1.15 0.166623
2247 1.2 0.171679
2248 1.2 0.171679
2249 1.2 0.171679
2250 1.2 0.171679
2251 1.35 0.181731
2252 1.3 0.179179
2253 1.3 0.179179
2254 1.3 0.179179
2255 1.3 0.179179
2256 1.3 0.179179
2257 1.3 0.179179
2258 1.3 0.179179
2259 1.3 0.193309
2260 1.35 0.208693
2261 1.35 0.195677
2262 1.35 0.195677
2263 1.35 0.195677
2264 1.25 0.190221
2265 1.15 0.195677
2266 1.05 0.184605
2267 1.05 0.184605
2268 1 0.177705
2269 1 0.177705
2270 1 0.191943
2271 0.95 0.198348
2272 0.95 0.198348
2273 0.9 0.190567
2274 0.9 0.176218
2275 0.85 0.181731
2276 0.85 0.181731
2277 0.9 0.190567
2278 0.8 0.186378
2279 0.75 0.175844
2280 0.85 0.181731
2281 0.9 0.203909
2282 0.85 0.181731
2283 0.75 0.160181
2284 0.85 0.181731
2285 0.9 0.203909
2286 0.95 0.2112
2287 0.8 0.186378
2288 0.8 0.186378
2289 0.9 0.239517
2290 0.95 0.234801
2291 0.85 0.181731
2292 1.05 0.245753
2293 1.05 0.245753
2294 1.1 0.280038
2295 1.15 0.274101
2296 1.15 0.274101
2297 1.1 0.270477
2298 1 0.271448
2299 1 0.271448
2300 0.95 0.26631
2301 1.05 0.276015
2302 1.15 0.28354
2303 1.1 0.280038
2304 1.05 0.245753
2305 1.15 0.264326
2306 1.1 0.260566
2307 1.05 0.26631
2308 1.05 0.26631
2309 1 0.240613
2310 1.05 0.245753
2311 1.1 0.250263
2312 1.1 0.250263
2313 1.1 0.228266
2314 1 0.205196
2315 0.95 0.198348
2316 1 0.191943
2317 1.2 0.257519
2318 1.1 0.239517
2319 1.15 0.254176
2320 1.15 0.254176
2321 1.1 0.260566
2322 1.1 0.260566
2323 1.05 0.245753
2324 1.1 0.260566
2325 0.9 0.203909
2326 0.95 0.223312
2327 0.85 0.195677
2328 0.8 0.186378
2329 0.75 0.160181
2330 0.8 0.171679
2331 0.8 0.171679
2332 0.75 0.160181
2333 0.75 0.160181
2334 0.8 0.171679
2335 0.8 0.171679
2336 0.8 0.171679
2337 0.8 0.171679
2338 0.8 0.171679
2339 0.8 0.171679
2340 0.8 0.171679
2341 0.75 0.160181
2342 0.8 0.171679
2343 0.8 0.171679
2344 0.8 0.2
2345 0.8 0.2
2346 0.8 0.2
2347 0.7 0.193309
2348 0.7 0.179179
2349 0.8 0.224781
2350 0.9 0.228266
2351 0.75 0.227977
2352 0.65 0.208693
2353 0.7 0.206474
2354 0.7 0.206474
2355 0.75 0.203586
2356 0.75 0.203586
2357 0.8 0.212751
2358 0.85 0.220943
2359 0.8 0.2
2360 0.8 0.2
2361 0.8 0.186378
2362 0.7 0.179179
2363 0.75 0.175844
2364 0.7 0.146898
2365 0.7 0.146898
2366 0.8 0.212751
2367 0.8 0.212751
2368 0.85 0.220943
2369 0.85 0.220943
2370 0.95 0.2112
2371 1 0.217643
2372 1.1 0.203909
2373 1.15 0.195677
2374 1.2 0.224781
2375 1.15 0.208693
2376 1.15 0.208693
2377 1.2 0.2
2378 1.25 0.203586
2379 1.2 0.212751
2380 1.25 0.216126
2381 1.25 0.216126
2382 1.3 0.218849
2383 1.25 0.216126
2384 1.2 0.212751
2385 1.15 0.243602
2386 1.25 0.260314
2387 1.25 0.260314
2388 1.25 0.260314
2389 1.1 0.21643
2390 1 0.191943
2391 0.95 0.184605
2392 0.95 0.184605
2393 1.1 0.21643
2394 1.15 0.208693
2395 1.1 0.190567
2396 1.1 0.176218
2397 1.3 0.218849
2398 1.35 0.220943
2399 1.35 0.220943
2400 1.3 0.193309
2401 1.35 0.195677
2402 1.35 0.208693
2403 1.35 0.208693
2404 1.2 0.212751
2405 1.15 0.181731
2406 1.15 0.181731
2407 1.2 0.186378
2408 1.2 0.186378
2409 1.15 0.166623
2410 1.15 0.15
2411 1.2 0.155597
2412 1.2 0.155597
2413 1.25 0.175844
2414 1.2 0.186378
2415 1.25 0.175844
2416 1.3 0.179179
2417 1.35 0.166623
2418 1.3 0.163836
2419 1.3 0.163836
2420 1.05 0.184605
2421 1.1 0.203909
2422 1 0.162221
2423 0.95 0.153469
2424 0.95 0.153469
2425 1 0.177705
2426 1 0.177705
2427 1.15 0.195677
2428 1.15 0.195677
2429 1.15 0.181731
2430 1.15 0.181731
2431 1.1 0.190567
2432 1 0.191943
2433 1 0.191943
2434 0.9 0.160591
2435 0.9 0.160591
2436 0.9 0.160591
2437 1 0.162221
2438 1 0.162221
2439 0.9 0.160591
2440 1 0.191943
2441 1 0.191943
2442 1 0.191943
2443 1.05 0.2112
2444 1.05 0.2112
2445 1.05 0.2112
2446 1.1 0.21643
2447 1.15 0.220943
2448 1 0.205196
2449 1 0.205196
2450 0.95 0.2112
2451 1.05 0.198348
2452 1.05 0.223312
2453 0.95 0.2112
2454 0.95 0.2112
2455 0.95 0.2112
2456 0.8 0.186378
2457 0.8 0.186378
2458 0.8 0.171679
2459 0.8 0.171679
2460 0.75 0.175844
2461 0.65 0.181731
2462 0.65 0.181731
2463 0.65 0.181731
2464 0.55 0.169752
2465 0.65 0.166623
2466 0.7 0.163836
2467 0.7 0.163836
2468 0.65 0.166623
2469 0.5 0.170139
2470 0.6 0.168585
2471 0.6 0.168585
2472 0.65 0.195677
2473 0.75 0.203586
2474 0.75 0.203586
2475 0.95 0.223312
2476 1 0.217643
2477 0.8 0.212751
2478 0.75 0.190221
2479 0.75 0.190221
2480 0.75 0.190221
2481 0.75 0.190221
2482 0.75 0.190221
2483 0.75 0.190221
2484 0.7 0.179179
2485 0.75 0.175844
2486 0.8 0.186378
2487 0.8 0.186378
2488 0.8 0.186378
2489 0.8 0.2
2490 0.85 0.220943
2491 0.85 0.220943
2492 0.85 0.220943
2493 0.85 0.220943
2494 0.8 0.2
2495 0.8 0.212751
2496 0.95 0.234801
2497 1 0.251312
2498 1.05 0.245753
2499 1.1 0.239517
2500 1.15 0.232549
2501 1.25 0.25
2502 1.2 0.257519
2503 1.15 0.232549
2504 1.15 0.232549
2505 1.15 0.220943
2506 1.15 0.220943
2507 1.05 0.223312
2508 1.05 0.223312
2509 1.1 0.239517
2510 1.15 0.243602
2511 1.15 0.243602
2512 1.15 0.254176
2513 1.1 0.239517
2514 1.05 0.245753
2515 1 0.229416
2516 1 0.229416
2517 0.9 0.203909
2518 0.9 0.190567
2519 0.85 0.195677
2520 0.8 0.2
2521 0.8 0.2
2522 0.65 0.15
2523 0.65 0.15
2524 0.65 0.15
2525 0.7 0.146898
2526 0.75 0.175844
2527 0.75 0.175844
2528 0.75 0.175844
2529 0.75 0.175844
2530 0.75 0.190221
2531 0.8 0.2
2532 0.65 0.181731
2533 0.7 0.193309
2534 0.75 0.190221
2535 0.7 0.179179
2536 0.75 0.203586
2537 0.65 0.166623
2538 0.8 0.171679
2539 0.75 0.175844
2540 0.75 0.175844
2541 0.65 0.166623
2542 0.65 0.166623
2543 0.65 0.166623
2544 0.65 0.181731
2545 0.65 0.181731
2546 0.65 0.181731
2547 0.6 0.183533
2548 0.65 0.195677
2549 0.65 0.166623
2550 0.65 0.166623
2551 0.65 0.166623
2552 0.65 0.166623
2553 0.7 0.163836
2554 0.8 0.155597
2555 0.8 0.155597
2556 0.8 0.155597
2557 0.85 0.166623
2558 0.9 0.160591
2559 0.85 0.166623
2560 0.85 0.166623
2561 0.9 0.190567
2562 1 0.191943
2563 0.95 0.198348
2564 0.95 0.198348
2565 0.95 0.198348
2566 0.95 0.198348
2567 0.9 0.190567
2568 0.95 0.184605
2569 1 0.191943
2570 1 0.191943
2571 1.05 0.2112
2572 1 0.217643
2573 0.85 0.195677
2574 0.95 0.198348
2575 0.95 0.198348
2576 0.95 0.198348
2577 0.95 0.198348
2578 0.9 0.190567
2579 0.9 0.190567
2580 0.85 0.195677
2581 0.85 0.195677
2582 0.85 0.181731
2583 0.85 0.181731
2584 0.9 0.176218
2585 0.8 0.186378
2586 0.8 0.186378
2587 0.75 0.175844
2588 0.75 0.175844
2589 0.75 0.175844
2590 0.75 0.175844
2591 0.8 0.171679
2592 0.75 0.175844
