0 36 0
1 25.9 0.981138
2 19.8 0.881386
3 15.65 0.621014
4 10.9 0.480679
5 8.3 0.528653
6 7.15 0.529523
7 6.15 0.553815
8 5.45 0.483817
9 5.25 0.440544
10 4.7 0.370632
11 4.3 0.411032
12 4.2 0.407818
13 4.05 0.45
14 3.35 0.477245
15 3.3 0.470722
16 3.05 0.358909
17 2.85 0.35
18 2.8 0.359825
19 2.45 0.328273
20 2.25 0.306723
21 2.3 0.3
22 2.3 0.281911
23 2 0.229416
24 2.1 0.228266
25 2 0.332455
26 1.95 0.358909
27 1.6 0.358359
28 1.6 0.365629
29 1.4 0.327671
30 1.45 0.336194
31 1.5 0.344124
32 1.4 0.335606
33 1.4 0.335606
34 1.4 0.350939
35 1.5 0.344124
36 1.5 0.344124
37 1.5 0.344124
38 1.55 0.373286
39 1.5 0.380443
40 1.45 0.351501
41 1.55 0.38027
42 1.75 0.354483
43 1.7 0.333246
44 1.8 0.321182
45 1.7 0.341051
46 1.6 0.311195
47 1.65 0.310136
48 1.65 0.326666
49 1.6 0.30262
50 1.65 0.301531
51 1.5 0.266557
52 1.6 0.293795
53 1.6 0.30262
54 1.55 0.294467
55 1.45 0.28539
56 1.4 0.284697
57 1.45 0.294467
58 1.45 0.294467
59 1.45 0.294467
60 1.25 0.270234
61 1.3 0.252357
62 1.25 0.227977
63 1.5 0.266557
64 1.45 0.256238
65 1.5 0.256495
66 1.55 0.245753
67 1.4 0.233959
68 1.25 0.203586
69 1.25 0.203586
70 1.25 0.203586
71 1.25 0.203586
72 1.35 0.243602
73 1.15 0.208693
74 1.15 0.220943
75 1.1 0.203909
76 1.15 0.220943
77 1.25 0.239242
78 1.35 0.220943
79 1.45 0.2112
80 1.6 0.255467
81 1.5 0.256495
82 1.5 0.246021
83 1.5 0.246021
84 1.3 0.252357
85 1.4 0.244949
86 1.4 0.244949
87 1.5 0.246021
88 1.55 0.245753
89 1.6 0.255467
90 1.55 0.245753
91 1.55 0.234801
92 1.45 0.234801
93 1.3 0.241704
94 1.3 0.241704
95 1.3 0.241704
96 1.3 0.281911
97 1.4 0.311195
98 1.35 0.274101
99 1.35 0.274101
100 1.25 0.216126
101 1.25 0.216126
102 1.25 0.216126
103 1.25 0.216126
104 1.25 0.216126
105 1.05 0.198348
106 1.15 0.232549
107 1.15 0.232549
108 1.15 0.232549
109 1.15 0.232549
110 1.15 0.232549
111 1.15 0.232549
112 0.95 0.2112
113 0.95 0.2112
114 0.75 0.160181
115 0.85 0.166623
116 0.85 0.166623
117 0.85 0.181731
118 0.95 0.2112
119 1 0.205196
120 1.05 0.198348
121 1.05 0.198348
122 1.05 0.198348
123 0.95 0.198348
124 1 0.191943
125 1 0.191943
126 1.05 0.198348
127 1.1 0.21643
128 1 0.191943
129 1 0.191943
130 1 0.191943
131 1.1 0.228266
132 1.05 0.223312
133 0.95 0.223312
134 0.9 0.228266
135 0.95 0.223312
136 0.95 0.223312
137 1 0.229416
138 1 0.229416
139 0.95 0.223312
140 0.95 0.2112
141 0.95 0.2112
142 1.05 0.234801
143 1 0.217643
144 1 0.240613
145 1 0.240613
146 0.9 0.21643
147 0.9 0.21643
148 1.05 0.223312
149 1 0.217643
150 1.1 0.250263
151 1.05 0.245753
152 1.1 0.239517
153 1.1 0.239517
154 1.1 0.239517
155 1.05 0.223312
156 1.15 0.243602
157 1.05 0.198348
158 1.05 0.198348
159 1.05 0.198348
160 1 0.205196
161 1 0.205196
162 0.95 0.198348
163 0.95 0.198348
164 1 0.217643
165 1 0.217643
166 1 0.217643
167 1.1 0.250263
168 1.15 0.243602
169 1.15 0.243602
170 1.15 0.243602
171 1.05 0.245753
172 1.05 0.245753
173 1.05 0.245753
174 1.05 0.245753
175 1.05 0.256238
176 1.15 0.292674
177 1.15 0.292674
178 1.15 0.292674
179 1.05 0.256238
180 0.95 0.2112
181 0.95 0.2112
182 1.05 0.2112
183 1 0.205196
184 0.9 0.203909
185 0.85 0.208693
186 0.85 0.208693
187 0.85 0.208693
188 1 0.251312
189 1 0.251312
190 1 0.251312
191 1.1 0.250263
192 1.2 0.247088
193 1.3 0.262578
194 1.5 0.266557
195 1.4 0.275299
196 1.35 0.274101
197 1.4 0.265568
198 1.4 0.265568
199 1.4 0.265568
200 1.4 0.265568
201 1.4 0.265568
202 1.4 0.265568
203 1.5 0.256495
204 1.55 0.26631
205 1.4 0.265568
206 1.5 0.256495
207 1.45 0.245753
208 1.45 0.245753
209 1.45 0.245753
210 1.5 0.266557
211 1.35 0.208693
212 1.35 0.195677
213 1.3 0.193309
214 1.15 0.181731
215 1.25 0.190221
216 1.15 0.195677
217 1.2 0.186378
218 1.25 0.216126
219 1.3 0.23056
220 1.4 0.233959
221 1.3 0.241704
222 1.3 0.241704
223 1.3 0.241704
224 1.3 0.241704
225 1.25 0.227977
226 1.2 0.224781
227 1.15 0.232549
228 1.15 0.232549
229 1.15 0.220943
230 1.15 0.243602
231 1.1 0.239517
232 1.1 0.239517
233 1.1 0.239517
234 1.1 0.239517
235 1 0.191943
236 1 0.191943
237 1 0.191943
238 1 0.205196
239 1.1 0.228266
240 1.2 0.212751
241 1.15 0.208693
242 1.05 0.184605
243 0.85 0.131289
244 0.95 0.169752
245 1 0.177705
246 1 0.177705
247 1.25 0.227977
248 1.35 0.264326
249 1.35 0.264326
250 1.25 0.227977
251 1.15 0.220943
252 1.2 0.236198
253 1.2 0.236198
254 1.4 0.255467
255 1.5 0.320362
256 1.55 0.336194
257 1.7 0.363463
258 1.65 0.342399
259 1.5 0.266557
260 1.5 0.246021
261 1.55 0.245753
262 1.45 0.256238
263 1.35 0.264326
264 1.35 0.28354
265 1.4 0.275299
266 1.4 0.293795
267 1.45 0.294467
268 1.4 0.30262
269 1.35 0.310136
270 1.15 0.274101
271 1.1 0.270477
272 1.15 0.264326
273 1.15 0.264326
274 1.15 0.264326
275 1 0.217643
276 1 0.217643
277 0.95 0.2112
278 1.05 0.234801
279 1.1 0.250263
280 1 0.229416
281 0.95 0.234801
282 0.95 0.234801
283 1.05 0.256238
284 1.1 0.250263
285 1.1 0.250263
286 1.2 0.247088
287 1.25 0.25
288 1.15 0.243602
289 1.2 0.257519
290 1.15 0.274101
291 1 0.251312
292 1 0.251312
293 1 0.251312
294 1.05 0.256238
295 1.05 0.256238
296 1.15 0.232549
297 1.25 0.270234
298 1.2 0.247088
299 1.2 0.247088
300 1.3 0.262578
301 1.45 0.256238
302 1.6 0.311195
303 1.6 0.284697
304 1.5 0.256495
305 1.5 0.256495
306 1.55 0.26631
307 1.45 0.256238
308 1.45 0.234801
309 1.55 0.245753
310 1.45 0.234801
311 1.35 0.220943
312 1.35 0.220943
313 1.5 0.256495
314 1.75 0.279803
315 1.6 0.275299
316 1.6 0.275299
317 1.6 0.275299
318 1.4 0.255467
319 1.45 0.245753
320 1.65 0.264326
321 1.45 0.245753
322 1.45 0.245753
323 1.45 0.245753
324 1.35 0.243602
325 1.1 0.203909
326 1.05 0.184605
327 1.05 0.184605
328 1.15 0.208693
329 1.2 0.212751
330 1.15 0.220943
331 1.25 0.260314
332 1.2 0.247088
333 1.25 0.239242
334 1.3 0.262578
335 1.25 0.279803
336 1.3 0.281911
337 1.3 0.281911
338 1.3 0.281911
339 1.3 0.281911
340 1.25 0.289055
341 1.2 0.28654
342 1.25 0.315186
343 1.2 0.304354
344 1 0.229416
345 1 0.229416
346 0.9 0.228266
347 1 0.229416
348 1.15 0.220943
349 1.15 0.220943
350 1.1 0.21643
351 1.1 0.21643
352 1.05 0.2112
353 1.1 0.21643
354 1.1 0.21643
355 1.1 0.21643
356 1.15 0.232549
357 1.25 0.289055
358 1.1 0.270477
359 1 0.205196
360 0.95 0.169752
361 0.95 0.169752
362 1.15 0.195677
363 1.1 0.203909
364 1.15 0.232549
365 1.1 0.228266
366 1.1 0.228266
367 1.1 0.228266
368 1.1 0.228266
369 1.15 0.254176
370 1.2 0.277204
371 1.1 0.260566
372 1.1 0.260566
373 1.1 0.260566
374 1.05 0.26631
375 1 0.251312
376 1.05 0.245753
377 1.1 0.260566
378 1.1 0.260566
379 1 0.240613
380 1 0.240613
381 1 0.240613
382 0.95 0.198348
383 0.95 0.223312
384 1 0.240613
385 1.05 0.245753
386 1.15 0.28354
387 1.25 0.270234
388 1.4 0.30262
389 1.35 0.292674
390 1.2 0.247088
391 1.25 0.239242
392 1.25 0.239242
393 1.15 0.243602
394 1.15 0.243602
395 1.1 0.228266
396 1.05 0.2112
397 1.1 0.203909
398 1.15 0.220943
399 1.15 0.220943
400 1.1 0.203909
401 1.05 0.198348
402 1.05 0.198348
403 1.1 0.228266
404 1.05 0.2112
405 1.05 0.2112
406 1.05 0.2112
407 1.2 0.267542
408 1.05 0.256238
409 0.95 0.234801
410 1.05 0.234801
411 1.05 0.184605
412 1.15 0.220943
413 1.15 0.220943
414 1.2 0.224781
415 1.4 0.275299
416 1.5 0.320362
417 1.55 0.311828
418 1.55 0.336194
419 1.4 0.30262
420 1.35 0.371873
421 1.3 0.333246
422 1.25 0.29802
423 1.2 0.267542
424 1.35 0.318508
425 1.35 0.318508
426 1.45 0.358909
427 1.4 0.335606
428 1.2 0.277204
429 1.15 0.28354
430 1.05 0.223312
431 0.9 0.190567
432 0.85 0.181731
433 0.8 0.171679
434 0.9 0.176218
435 0.9 0.176218
436 0.95 0.198348
437 0.95 0.198348
438 1.1 0.190567
439 1.1 0.190567
440 1.1 0.190567
441 1.1 0.190567
442 1.05 0.198348
443 1 0.205196
444 1 0.205196
445 1 0.205196
446 1.05 0.2112
447 1.05 0.2112
448 1.05 0.2112
449 1.05 0.2112
450 1.1 0.203909
451 1.15 0.208693
452 1 0.191943
453 1 0.191943
454 1 0.191943
455 0.95 0.198348
456 0.85 0.195677
457 0.85 0.195677
458 0.9 0.190567
459 0.9 0.190567
460 0.85 0.181731
461 0.85 0.181731
462 0.9 0.176218
463 0.9 0.176218
464 0.9 0.176218
465 1 0.177705
466 0.95 0.153469
467 0.95 0.153469
468 1.15 0.254176
469 1.25 0.25
470 1.25 0.25
471 1.25 0.25
472 1.25 0.25
473 1.35 0.28354
474 1.45 0.294467
475 1.4 0.284697
476 1.4 0.284697
477 1.25 0.25
478 1.25 0.25
479 1.25 0.25
480 1.3 0.252357
481 1.45 0.256238
482 1.5 0.246021
483 1.5 0.246021
484 1.5 0.246021
485 1.55 0.245753
486 1.55 0.245753
487 1.5 0.246021
488 1.5 0.246021
489 1.55 0.26631
490 1.55 0.26631
491 1.5 0.256495
492 1.45 0.234801
493 1.25 0.175844
494 1.15 0.181731
495 1.1 0.190567
496 1.05 0.184605
497 0.95 0.169752
498 0.9 0.176218
499 0.9 0.160591
500 0.85 0.15
501 0.95 0.169752
502 1 0.177705
503 0.95 0.184605
504 0.95 0.184605
505 1 0.177705
506 1.05 0.184605
507 1.05 0.184605
508 1 0.177705
509 1.05 0.169752
510 1 0.162221
511 0.9 0.123544
512 0.85 0.131289
513 0.9 0.160591
514 0.85 0.166623
515 0.9 0.160591
516 0.9 0.160591
517 0.9 0.160591
518 0.85 0.166623
519 0.9 0.190567
520 0.95 0.184605
521 0.9 0.14327
522 0.85 0.15
523 0.85 0.15
524 0.85 0.15
525 0.85 0.15
526 0.85 0.15
527 0.8 0.137649
528 0.8 0.155597
529 0.85 0.166623
530 0.85 0.166623
531 0.8 0.171679
532 0.7 0.163836
533 0.8 0.171679
534 0.8 0.171679
535 0.8 0.171679
536 0.9 0.176218
537 0.9 0.21643
538 0.9 0.21643
539 0.85 0.220943
540 0.9 0.239517
541 0.9 0.239517
542 0.85 0.208693
543 0.95 0.223312
544 0.95 0.223312
545 0.9 0.228266
546 1 0.240613
547 1.05 0.245753
548 1.05 0.245753
549 1.15 0.243602
550 1.15 0.243602
551 1.1 0.239517
552 0.95 0.2112
553 0.85 0.181731
554 0.85 0.181731
555 0.8 0.186378
556 0.8 0.186378
557 0.85 0.195677
558 1 0.251312
559 1.05 0.276015
560 1.1 0.289282
561 1.05 0.26631
562 1.1 0.270477
563 1.05 0.26631
564 1.05 0.26631
565 1.05 0.26631
566 1.05 0.26631
567 1.05 0.234801
568 1.05 0.234801
569 1.15 0.28354
570 1.1 0.280038
571 1.1 0.280038
572 1.05 0.245753
573 1.05 0.245753
574 1.1 0.239517
575 1.05 0.245753
576 0.95 0.223312
577 1 0.229416
578 0.95 0.223312
579 0.9 0.228266
580 1 0.251312
581 1.1 0.239517
582 1.1 0.239517
583 1.3 0.281911
584 1.25 0.279803
585 1.4 0.293795
586 1.4 0.293795
587 1.45 0.311828
588 1.55 0.311828
589 1.55 0.311828
590 1.55 0.256238
591 1.65 0.274101
592 1.65 0.264326
593 1.65 0.264326
594 1.55 0.256238
595 1.5 0.256495
596 1.55 0.223312
597 1.55 0.223312
598 1.7 0.252357
599 1.75 0.260314
600 1.7 0.262578
601 1.4 0.255467
602 1.5 0.266557
603 1.5 0.266557
604 1.6 0.275299
605 1.55 0.26631
606 1.45 0.26631
607 1.45 0.303272
608 1.4 0.293795
609 1.35 0.301531
610 1.35 0.301531
611 1.25 0.289055
612 1.2 0.304354
613 1.25 0.29802
614 1.35 0.274101
615 1.35 0.274101
616 1.45 0.28539
617 1.5 0.276253
618 1.4 0.284697
619 1.35 0.274101
620 1.3 0.272416
621 1.4 0.284697
622 1.25 0.279803
623 1.25 0.279803
624 1.2 0.267542
625 1.2 0.267542
626 1.2 0.267542
627 1.1 0.270477
628 1.1 0.270477
629 1.1 0.270477
630 1.2 0.28654
631 1.25 0.315186
632 1.25 0.315186
633 1.25 0.315186
634 1.25 0.315186
635 1.25 0.315186
636 1.05 0.26631
637 1 0.240613
638 1 0.240613
639 1 0.240613
640 1 0.240613
641 1.1 0.260566
642 1.1 0.260566
643 1.25 0.25
644 1.25 0.25
645 1.25 0.25
646 1.4 0.265568
647 1.5 0.256495
648 1.5 0.256495
649 1.5 0.246021
650 1.4 0.233959
651 1.4 0.233959
652 1.35 0.208693
653 1.35 0.208693
654 1.3 0.218849
655 1.3 0.23056
656 1.25 0.216126
657 1.2 0.212751
658 1.2 0.212751
659 1.15 0.208693
660 1.2 0.2
661 1.05 0.198348
662 1 0.205196
663 1.05 0.198348
664 1.15 0.220943
665 1.3 0.218849
666 1.3 0.206474
667 1.3 0.206474
668 1.3 0.206474
669 1.25 0.190221
670 1.25 0.190221
671 1 0.162221
672 1 0.162221
673 1 0.162221
674 1.1 0.160591
675 1.1 0.160591
676 1.15 0.181731
677 1.15 0.181731
678 1.15 0.195677
679 1.1 0.203909
680 1.15 0.220943
681 1.1 0.21643
682 0.95 0.198348
683 0.95 0.198348
684 1 0.217643
685 0.95 0.223312
686 1.05 0.223312
687 1 0.217643
688 1.05 0.223312
689 1.05 0.223312
690 1 0.229416
691 1.05 0.245753
692 1.15 0.264326
693 1.15 0.264326
694 1.15 0.264326
695 1.05 0.245753
696 1.05 0.245753
697 1.05 0.245753
698 1.05 0.245753
699 1.2 0.247088
700 1.2 0.247088
701 1.2 0.247088
702 1.2 0.247088
703 1.35 0.28354
704 1.4 0.275299
705 1.45 0.276015
706 1.35 0.254176
707 1.35 0.254176
708 1.35 0.254176
709 1.3 0.241704
710 1.35 0.254176
711 1.35 0.254176
712 1.3 0.272416
713 1.25 0.279803
714 1.1 0.21643
715 1 0.177705
716 1 0.217643
717 1.05 0.26631
718 1 0.240613
719 1.05 0.256238
720 1.05 0.256238
721 1.1 0.260566
722 1.1 0.260566
723 1 0.217643
724 0.9 0.21643
725 0.9 0.21643
726 0.9 0.21643
727 0.9 0.21643
728 0.9 0.21643
729 0.9 0.21643
730 0.9 0.21643
731 1 0.240613
732 0.95 0.245753
733 0.95 0.245753
734 0.95 0.245753
735 0.95 0.245753
736 0.85 0.243602
737 0.85 0.243602
738 0.85 0.243602
739 0.85 0.243602
740 0.85 0.243602
741 0.8 0.247088
742 0.85 0.243602
743 0.85 0.243602
744 0.75 0.216126
745 0.65 0.181731
746 0.65 0.181731
747 0.65 0.181731
748 0.65 0.181731
749 0.7 0.193309
750 0.9 0.289282
751 0.9 0.289282
752 0.9 0.289282
753 0.9 0.289282
754 0.9 0.289282
755 0.9 0.289282
756 0.9 0.289282
757 0.85 0.292674
758 0.85 0.292674
759 0.85 0.292674
760 0.75 0.227977
761 0.75 0.227977
762 0.7 0.193309
763 0.7 0.193309
764 0.75 0.227977
765 0.7 0.193309
766 0.7 0.193309
767 0.75 0.190221
768 0.75 0.190221
769 0.8 0.186378
770 0.8 0.186378
771 0.9 0.190567
772 0.85 0.181731
773 0.8 0.186378
774 0.8 0.186378
775 0.75 0.160181
776 0.75 0.160181
777 0.8 0.186378
778 0.85 0.181731
779 0.95 0.2112
780 1 0.240613
781 0.95 0.184605
782 0.95 0.184605
783 1 0.177705
784 1 0.177705
785 0.95 0.169752
786 0.95 0.169752
787 0.8 0.171679
788 0.9 0.176218
789 0.9 0.176218
790 0.9 0.203909
791 1 0.229416
792 1 0.229416
793 1 0.229416
794 1.1 0.260566
795 1 0.240613
796 0.95 0.245753
797 0.9 0.250263
798 0.9 0.250263
799 0.85 0.254176
800 0.85 0.254176
801 0.9 0.260566
802 0.9 0.260566
803 0.95 0.28539
804 0.95 0.28539
805 1 0.307794
806 1 0.307794
807 1.05 0.311828
808 1.2 0.367065
809 1.2 0.367065
810 1.1 0.289282
811 1.1 0.289282
812 1.05 0.28539
813 1.05 0.28539
814 1 0.271448
815 0.85 0.208693
816 0.8 0.2
817 0.9 0.323631
818 0.8 0.212751
819 0.7 0.206474
820 0.8 0.247088
821 0.75 0.227977
822 0.8 0.236198
823 0.75 0.239242
824 0.65 0.208693
825 0.6 0.183533
826 0.7 0.218849
827 0.7 0.218849
828 0.75 0.227977
829 0.75 0.216126
830 0.75 0.216126
831 0.75 0.216126
832 0.75 0.216126
833 0.75 0.227977
834 0.75 0.227977
835 0.75 0.216126
836 0.75 0.216126
837 0.75 0.216126
838 0.75 0.216126
839 0.75 0.227977
840 0.6 0.168585
841 0.6 0.168585
842 0.55 0.153469
843 0.7 0.179179
844 0.7 0.179179
845 0.75 0.175844
846 0.75 0.175844
847 0.8 0.186378
848 0.8 0.186378
849 0.8 0.186378
850 0.8 0.186378
851 0.8 0.186378
852 0.8 0.186378
853 0.75 0.175844
854 0.95 0.234801
855 0.95 0.234801
856 0.9 0.228266
857 0.95 0.223312
858 1.1 0.239517
859 1.1 0.239517
860 1.05 0.245753
861 1.1 0.239517
862 1.15 0.232549
863 1.15 0.232549
864 1.15 0.232549
865 1.15 0.232549
866 1.1 0.21643
867 1.1 0.21643
868 1.2 0.236198
869 1.2 0.236198
870 1.2 0.236198
871 1.2 0.236198
872 1.3 0.252357
873 1.25 0.260314
874 1.2 0.267542
875 1.2 0.267542
876 1.2 0.267542
877 1.25 0.279803
878 1.25 0.279803
879 1.25 0.279803
880 1.1 0.260566
881 1.15 0.264326
882 1.2 0.28654
883 1.2 0.267542
884 1.2 0.257519
885 1.2 0.257519
886 1.2 0.257519
887 1.15 0.264326
888 1.15 0.274101
889 1.1 0.280038
890 1.1 0.280038
891 1.25 0.279803
892 1.25 0.270234
893 1.25 0.270234
894 1.25 0.270234
895 1.35 0.301531
896 1.4 0.293795
897 1.35 0.274101
898 1.35 0.274101
899 1.3 0.281911
900 1.45 0.311828
901 1.45 0.311828
902 1.45 0.311828
903 1.35 0.28354
904 1.25 0.289055
905 1.15 0.274101
906 1.2 0.267542
907 1.25 0.260314
908 1.15 0.264326
909 1.1 0.270477
910 1.15 0.274101
911 1.05 0.276015
912 1.15 0.326666
913 1.15 0.326666
914 1.05 0.276015
915 0.95 0.234801
916 1 0.251312
917 0.9 0.228266
918 1 0.271448
919 0.95 0.256238
920 0.95 0.234801
921 1 0.229416
922 1.05 0.223312
923 1.05 0.223312
924 1.05 0.223312
925 1.15 0.220943
926 1.15 0.220943
927 1.1 0.176218
928 1.1 0.176218
929 1.1 0.190567
930 1.1 0.190567
931 1.05 0.198348
932 1.15 0.243602
933 1.2 0.236198
934 1 0.177705
935 1 0.177705
936 0.95 0.169752
937 0.95 0.169752
938 1.05 0.169752
939 1.05 0.169752
940 1.05 0.153469
941 1.1 0.21643
942 1.1 0.21643
943 1.1 0.21643
944 1.1 0.21643
945 1.05 0.223312
946 1.05 0.223312
947 1.1 0.228266
948 1.15 0.232549
949 1.2 0.267542
950 1.2 0.267542
951 1.25 0.260314
952 1.25 0.260314
953 1.25 0.260314
954 1.35 0.264326
955 1.35 0.264326
956 1.35 0.243602
957 1.25 0.239242
958 1.25 0.239242
959 1.3 0.241704
960 1.25 0.239242
961 0.95 0.184605
962 1.05 0.2112
963 1.05 0.2112
964 0.95 0.2112
965 0.9 0.176218
966 1 0.205196
967 1 0.205196
968 1.05 0.2112
969 1.05 0.2112
970 1 0.217643
971 0.9 0.21643
972 0.9 0.21643
973 1 0.240613
974 1.1 0.260566
975 1.05 0.245753
976 1.15 0.28354
977 1.15 0.28354
978 1.1 0.260566
979 1.1 0.250263
980 1.15 0.243602
981 1.15 0.254176
982 1.15 0.254176
983 1.1 0.239517
984 1.2 0.257519
985 1.1 0.250263
986 1.1 0.250263
987 1.05 0.256238
988 1.1 0.250263
989 1.05 0.256238
990 1.05 0.256238
991 1.05 0.256238
992 0.95 0.234801
993 0.95 0.234801
994 1.05 0.276015
995 1.05 0.276015
996 1.05 0.276015
997 0.95 0.234801
998 0.95 0.234801
999 0.95 0.234801
1000 0.95 0.234801
1001 0.9 0.228266
1002 0.9 0.228266
1003 0.9 0.228266
1004 0.95 0.234801
1005 1 0.240613
1006 1 0.240613
1007 1.1 0.260566
1008 1.1 0.260566
1009 1.1 0.260566
1010 1.1 0.260566
1011 1.1 0.260566
1012 1.1 0.260566
1013 1.1 0.260566
1014 1.2 0.277204
1015 1.05 0.276015
1016 1.05 0.276015
1017 1 0.251312
1018 0.9 0.228266
1019 0.95 0.223312
1020 0.95 0.223312
1021 0.85 0.220943
1022 0.85 0.220943
1023 0.8 0.224781
1024 0.8 0.2
1025 0.85 0.195677
1026 0.9 0.190567
1027 0.9 0.190567
1028 0.85 0.166623
1029 0.8 0.155597
1030 0.85 0.15
1031 0.8 0.137649
1032 0.8 0.137649
1033 0.75 0.14281
1034 0.8 0.155597
1035 0.8 0.155597
1036 0.9 0.176218
1037 1 0.251312
1038 1 0.251312
1039 1 0.251312
1040 1 0.251312
1041 1.2 0.337171
1042 1.25 0.331464
1043 1.15 0.334625
1044 1.05 0.245753
1045 1.2 0.257519
1046 1.1 0.190567
1047 1.05 0.198348
1048 1.05 0.198348
1049 1.05 0.198348
1050 1.1 0.228266
1051 1.1 0.228266
1052 1.1 0.228266
1053 1.15 0.232549
1054 1.1 0.203909
1055 1.1 0.203909
1056 1.1 0.203909
1057 1.1 0.203909
1058 1 0.205196
1059 1 0.205196
1060 1 0.205196
1061 0.95 0.198348
1062 0.95 0.198348
1063 1 0.217643
1064 1.05 0.245753
1065 1.05 0.234801
1066 1.05 0.234801
1067 1.05 0.234801
1068 1 0.217643
1069 1.1 0.239517
1070 1.1 0.239517
1071 1.1 0.239517
1072 1.1 0.239517
1073 1.1 0.239517
1074 1.1 0.239517
1075 1.1 0.228266
1076 1.15 0.243602
1077 1.25 0.260314
1078 1.05 0.245753
1079 1 0.229416
1080 1 0.229416
1081 1.05 0.223312
1082 1.05 0.223312
1083 0.95 0.2112
1084 1.05 0.245753
1085 1.05 0.245753
1086 1.05 0.245753
1087 1.05 0.245753
1088 1.15 0.28354
1089 1.2 0.312881
1090 1.2 0.312881
1091 1.2 0.312881
1092 1.3 0.341051
1093 1.3 0.341051
1094 1.3 0.348682
1095 1.35 0.378883
1096 1.45 0.387128
1097 1.3 0.317059
1098 1.35 0.301531
1099 1.35 0.301531
1100 1.35 0.28354
1101 1.35 0.28354
1102 1.35 0.28354
1103 1.4 0.284697
1104 1.45 0.276015
1105 1.55 0.28539
1106 1.45 0.294467
1107 1.55 0.303272
1108 1.55 0.303272
1109 1.5 0.312039
1110 1.3 0.272416
1111 1.3 0.272416
1112 1.3 0.272416
1113 1.25 0.270234
1114 1.3 0.262578
1115 1.3 0.262578
1116 1.25 0.227977
1117 1.2 0.236198
1118 1.1 0.239517
1119 1.15 0.254176
1120 1.15 0.254176
1121 1.15 0.254176
1122 1.15 0.254176
1123 1.15 0.254176
1124 1.1 0.250263
1125 1.1 0.250263
1126 1.2 0.277204
1127 1.2 0.277204
1128 1.2 0.277204
1129 1.2 0.277204
1130 1.2 0.277204
1131 1.1 0.260566
1132 1.15 0.318508
1133 1 0.251312
1134 1 0.251312
1135 1.1 0.270477
1136 1 0.229416
1137 1 0.229416
1138 1 0.229416
1139 1.15 0.28354
1140 1.2 0.28654
1141 1.1 0.250263
1142 1.2 0.28654
1143 1.1 0.270477
1144 1 0.229416
1145 1.1 0.250263
1146 1 0.240613
1147 0.9 0.228266
1148 0.9 0.228266
1149 0.95 0.223312
1150 0.95 0.223312
1151 0.95 0.223312
1152 1.1 0.270477
1153 1.1 0.270477
1154 1.2 0.304354
1155 1.2 0.304354
1156 1.2 0.304354
1157 1.15 0.292674
1158 1.15 0.292674
1159 1.2 0.304354
1160 1.2 0.304354
1161 1.2 0.304354
1162 1.1 0.270477
1163 0.95 0.245753
1164 1.05 0.26631
1165 0.95 0.223312
1166 0.95 0.223312
1167 0.9 0.21643
1168 1.05 0.234801
1169 0.95 0.234801
1170 1.05 0.276015
1171 1 0.261574
1172 1 0.261574
1173 1.05 0.234801
1174 1.2 0.247088
1175 1.2 0.247088
1176 1.2 0.247088
1177 1.15 0.220943
1178 1.15 0.220943
1179 1.1 0.21643
1180 1.15 0.232549
1181 1.05 0.234801
1182 1.05 0.234801
1183 1.05 0.234801
1184 0.85 0.208693
1185 0.8 0.212751
1186 0.85 0.220943
1187 0.85 0.220943
1188 0.85 0.220943
1189 0.85 0.220943
1190 0.85 0.220943
1191 0.85 0.220943
1192 0.85 0.220943
1193 0.85 0.220943
1194 0.75 0.190221
1195 0.75 0.216126
1196 0.75 0.216126
1197 0.75 0.216126
1198 0.75 0.216126
1199 0.65 0.181731
1200 0.65 0.181731
1201 0.7 0.193309
1202 0.85 0.220943
1203 0.85 0.220943
1204 0.95 0.245753
1205 1.05 0.26631
1206 1 0.271448
1207 1 0.271448
1208 0.95 0.256238
1209 0.95 0.256238
1210 0.9 0.250263
1211 0.95 0.26631
1212 1.2 0.277204
1213 1.2 0.277204
1214 1.2 0.277204
1215 1.2 0.277204
1216 1.1 0.260566
1217 1.15 0.254176
1218 1.15 0.254176
1219 1.2 0.312881
1220 1.2 0.312881
1221 1.25 0.315186
1222 1.15 0.264326
1223 1.15 0.264326
1224 1.15 0.264326
1225 1.1 0.270477
1226 1.25 0.323427
1227 1.25 0.323427
1228 1.2 0.312881
1229 1.2 0.312881
1230 1.05 0.256238
1231 1.05 0.256238
1232 1.15 0.254176
1233 1.15 0.254176
1234 1.15 0.254176
1235 1.15 0.254176
1236 1.1 0.250263
1237 1.1 0.250263
1238 1.1 0.250263
1239 1.3 0.252357
1240 1.2 0.247088
1241 1.25 0.260314
1242 1.1 0.228266
1243 1.1 0.228266
1244 1.1 0.228266
1245 0.95 0.234801
1246 0.95 0.234801
1247 1 0.240613
1248 0.9 0.21643
1249 0.95 0.223312
1250 0.95 0.223312
1251 1 0.217643
1252 0.95 0.223312
1253 0.9 0.21643
1254 0.9 0.21643
1255 0.9 0.21643
1256 0.9 0.190567
1257 0.95 0.2112
1258 0.9 0.203909
1259 0.9 0.203909
1260 0.9 0.190567
1261 0.8 0.2
1262 0.75 0.190221
1263 0.7 0.193309
1264 0.55 0.153469
1265 0.55 0.153469
1266 0.55 0.153469
1267 0.55 0.153469
1268 0.6 0.152177
1269 0.65 0.15
1270 0.65 0.15
1271 0.65 0.15
1272 0.7 0.179179
1273 0.7 0.179179
1274 0.65 0.181731
1275 0.65 0.181731
1276 0.65 0.181731
1277 0.65 0.181731
1278 0.65 0.181731
1279 0.65 0.181731
1280 0.7 0.179179
1281 0.7 0.179179
1282 0.7 0.146898
1283 0.75 0.160181
1284 0.75 0.160181
1285 0.75 0.160181
1286 0.7 0.146898
1287 0.8 0.155597
1288 0.8 0.155597
1289 0.8 0.155597
1290 0.7 0.163836
1291 0.7 0.163836
1292 0.8 0.2
1293 0.8 0.2
1294 0.8 0.2
1295 0.75 0.190221
1296 0.8 0.2
1297 0.85 0.208693
1298 0.85 0.208693
1299 0.8 0.212751
1300 0.7 0.206474
1301 0.7 0.206474
1302 0.75 0.203586
1303 0.75 0.203586
1304 0.75 0.203586
1305 0.8 0.212751
1306 0.7 0.206474
1307 0.75 0.203586
1308 0.75 0.203586
1309 0.75 0.203586
1310 0.75 0.203586
1311 0.75 0.203586
1312 0.75 0.203586
1313 0.75 0.203586
1314 0.7 0.193309
1315 0.55 0.184605
1316 0.6 0.183533
1317 0.6 0.183533
1318 0.6 0.183533
1319 0.6 0.183533
1320 0.7 0.218849
1321 0.85 0.243602
1322 0.8 0.247088
1323 0.8 0.247088
1324 0.95 0.28539
1325 1 0.280976
1326 1.05 0.303272
1327 1.1 0.306937
1328 1.1 0.306937
1329 1.15 0.326666
1330 1.25 0.306723
1331 1.25 0.306723
1332 1.3 0.308647
1333 1.3 0.308647
1334 1.35 0.310136
1335 1.4 0.30262
1336 1.4 0.30262
1337 1.4 0.30262
1338 1.45 0.303272
1339 1.35 0.274101
1340 1.45 0.256238
1341 1.5 0.246021
1342 1.55 0.245753
1343 1.6 0.275299
1344 1.55 0.311828
1345 1.5 0.303488
1346 1.5 0.312039
1347 1.5 0.312039
1348 1.35 0.326666
1349 1.4 0.319539
1350 1.45 0.311828
1351 1.4 0.293795
1352 1.4 0.293795
1353 1.45 0.28539
1354 1.35 0.232549
1355 1.35 0.232549
1356 1.4 0.233959
1357 1.5 0.235081
1358 1.5 0.235081
1359 1.4 0.244949
1360 1.4 0.244949
1361 1.4 0.244949
1362 1.4 0.244949
1363 1.35 0.232549
1364 1.55 0.294467
1365 1.45 0.336194
1366 1.45 0.303272
1367 1.45 0.336194
1368 1.45 0.336194
1369 1.6 0.350939
1370 1.6 0.350939
1371 1.55 0.320156
1372 1.4 0.284697
1373 1.45 0.28539
1374 1.4 0.284697
1375 1.4 0.30262
1376 1.4 0.30262
1377 1.3 0.272416
1378 1.35 0.292674
1379 1.25 0.270234
1380 1.25 0.25
1381 1.25 0.25
1382 1.25 0.25
1383 1.3 0.252357
1384 1.25 0.227977
1385 1.25 0.227977
1386 1.35 0.264326
1387 1.3 0.272416
1388 1.3 0.272416
1389 1.35 0.292674
1390 1.5 0.29469
1391 1.5 0.266557
1392 1.5 0.266557
1393 1.5 0.266557
1394 1.45 0.26631
1395 1.45 0.26631
1396 1.35 0.232549
1397 1.1 0.21643
1398 1.15 0.208693
1399 1.15 0.208693
1400 1.2 0.224781
1401 1.2 0.224781
1402 1.25 0.25
1403 1.25 0.260314
1404 1.05 0.256238
1405 1.05 0.256238
1406 1.05 0.256238
1407 1.1 0.270477
1408 1.1 0.270477
1409 1.05 0.256238
1410 1.15 0.274101
1411 1.1 0.270477
1412 1.1 0.270477
1413 1.15 0.28354
1414 1.2 0.304354
1415 1.3 0.348682
1416 1.3 0.348682
1417 1.2 0.304354
1418 1.1 0.270477
1419 1.05 0.276015
1420 1.1 0.270477
1421 1.05 0.26631
1422 1.25 0.346979
1423 1.15 0.326666
1424 1.1 0.331662
1425 1.05 0.336194
1426 1 0.316228
1427 1 0.299122
1428 1 0.299122
1429 1 0.299122
1430 1.1 0.323631
1431 1.3 0.333246
1432 1.25 0.331464
1433 1.25 0.331464
1434 1.2 0.329274
1435 1.3 0.384571
1436 1.4 0.419273
1437 1.35 0.392529
1438 1.15 0.292674
1439 1.2 0.28654
1440 1.2 0.28654
1441 1.25 0.279803
1442 1.3 0.291096
1443 1.4 0.275299
1444 1.4 0.275299
1445 1.25 0.270234
1446 1.15 0.254176
1447 1.15 0.254176
1448 1.1 0.260566
1449 1.1 0.260566
1450 1 0.217643
1451 0.95 0.223312
1452 1 0.217643
1453 1.05 0.2112
1454 1 0.205196
1455 1 0.205196
1456 0.95 0.2112
1457 1.1 0.21643
1458 1.1 0.21643
1459 1 0.191943
1460 1 0.191943
1461 1 0.191943
1462 1 0.191943
1463 1 0.191943
1464 1.05 0.198348
1465 1.05 0.198348
1466 1.05 0.198348
1467 1.05 0.198348
1468 0.95 0.198348
1469 1.1 0.21643
1470 1.05 0.223312
1471 1.05 0.2112
1472 1.05 0.2112
1473 1.05 0.2112
1474 1.05 0.2112
1475 1.1 0.203909
1476 1.1 0.203909
1477 1.1 0.203909
1478 1.1 0.203909
1479 1.1 0.203909
1480 1.3 0.218849
1481 1.35 0.243602
1482 1.3 0.23056
1483 1.25 0.239242
1484 1.25 0.239242
1485 1.3 0.23056
1486 1.3 0.23056
1487 1.3 0.23056
1488 1.35 0.254176
1489 1.4 0.275299
1490 1.3 0.272416
1491 1.1 0.203909
1492 1.05 0.198348
1493 1.1 0.260566
1494 1.1 0.260566
1495 1.1 0.260566
1496 1 0.191943
1497 1 0.191943
1498 1.05 0.198348
1499 1.05 0.198348
1500 1.05 0.198348
1501 1.05 0.198348
1502 1.05 0.198348
1503 1.1 0.21643
1504 1 0.205196
1505 1 0.205196
1506 1.05 0.2112
1507 1 0.191943
1508 0.9 0.190567
1509 0.85 0.195677
1510 0.95 0.198348
1511 0.9 0.190567
1512 0.85 0.195677
1513 0.85 0.208693
1514 0.8 0.186378
1515 0.85 0.181731
1516 0.85 0.181731
1517 0.8 0.171679
1518 0.8 0.171679
1519 0.8 0.171679
1520 0.85 0.166623
1521 0.85 0.166623
1522 0.85 0.166623
1523 0.85 0.166623
1524 0.95 0.169752
1525 0.95 0.169752
1526 1.05 0.223312
1527 1.05 0.223312
1528 1.05 0.223312
1529 1.05 0.223312
1530 1.1 0.239517
1531 1.1 0.239517
1532 1.2 0.312881
1533 1.1 0.239517
1534 1.1 0.239517
1535 1.05 0.2112
1536 1 0.217643
1537 1.05 0.234801
1538 1.1 0.239517
1539 1.05 0.234801
1540 1.15 0.232549
1541 1.05 0.198348
1542 1.05 0.198348
1543 1.05 0.198348
1544 1 0.205196
1545 1 0.205196
1546 1 0.205196
1547 1.1 0.228266
1548 1.05 0.234801
1549 1.15 0.243602
1550 1.15 0.264326
1551 1.2 0.277204
1552 1.2 0.277204
1553 1.2 0.277204
1554 1.1 0.280038
1555 1.1 0.280038
1556 1.15 0.274101
1557 1.1 0.260566
1558 0.95 0.245753
1559 0.95 0.245753
1560 0.9 0.250263
1561 0.95 0.245753
1562 0.9 0.250263
1563 0.9 0.250263
1564 0.9 0.270477
1565 0.9 0.270477
1566 0.8 0.224781
1567 0.9 0.250263
1568 0.95 0.276015
1569 0.9 0.228266
1570 0.9 0.228266
1571 0.9 0.228266
1572 0.85 0.232549
1573 0.9 0.250263
1574 0.9 0.250263
1575 0.9 0.228266
1576 0.75 0.203586
1577 0.85 0.232549
1578 0.95 0.223312
1579 0.9 0.21643
1580 0.95 0.234801
1581 0.95 0.234801
1582 1.1 0.270477
1583 1.1 0.270477
1584 1.05 0.256238
1585 1.05 0.256238
1586 1 0.251312
1587 1 0.251312
1588 1 0.251312
1589 1 0.251312
1590 0.9 0.228266
1591 0.8 0.212751
1592 0.8 0.212751
1593 0.85 0.208693
1594 0.9 0.21643
1595 0.9 0.21643
1596 0.8 0.224781
1597 0.8 0.186378
1598 0.8 0.186378
1599 0.85 0.195677
1600 0.95 0.198348
1601 1 0.251312
1602 0.95 0.245753
1603 0.95 0.245753
1604 0.85 0.243602
1605 0.8 0.247088
1606 0.85 0.243602
1607 0.95 0.276015
1608 1.1 0.270477
1609 1.1 0.270477
1610 1.15 0.28354
1611 1.15 0.28354
1612 1.05 0.26631
1613 1 0.261574
1614 1 0.261574
1615 1.1 0.280038
1616 0.95 0.256238
1617 0.9 0.260566
1618 0.9 0.260566
1619 0.85 0.232549
1620 0.8 0.2
1621 0.9 0.228266
1622 0.9 0.228266
1623 0.9 0.239517
1624 0.9 0.239517
1625 0.8 0.224781
1626 0.75 0.216126
1627 0.85 0.220943
1628 0.8 0.2
1629 0.9 0.270477
1630 0.85 0.232549
1631 0.95 0.245753
1632 1 0.240613
1633 1 0.240613
1634 0.95 0.245753
1635 0.8 0.212751
1636 0.85 0.243602
1637 0.9 0.239517
1638 1 0.299122
1639 0.9 0.29824
1640 1 0.299122
1641 1 0.299122
1642 1.05 0.294467
1643 0.85 0.195677
1644 0.85 0.195677
1645 0.85 0.195677
1646 1.1 0.239517
1647 1.1 0.239517
1648 1.05 0.234801
1649 1.1 0.228266
1650 1.2 0.247088
1651 1.15 0.254176
1652 1.15 0.254176
1653 1.2 0.277204
1654 1.2 0.277204
1655 1.2 0.277204
1656 1.35 0.28354
1657 1.3 0.281911
1658 1.3 0.281911
1659 1.2 0.267542
1660 1.25 0.270234
1661 1.3 0.262578
1662 1.3 0.262578
1663 1.3 0.262578
1664 1.3 0.262578
1665 1.3 0.23056
1666 1.3 0.23056
1667 1.2 0.236198
1668 1.2 0.236198
1669 1.3 0.23056
1670 1.4 0.222427
1671 1.4 0.222427
1672 1.4 0.222427
1673 1.4 0.222427
1674 1.45 0.223312
1675 1.4 0.233959
1676 1.5 0.246021
1677 1.45 0.245753
1678 1.4 0.255467
1679 1.4 0.265568
1680 1.4 0.265568
1681 1.45 0.26631
1682 1.35 0.264326
1683 1.3 0.262578
1684 1.2 0.247088
1685 1.05 0.223312
1686 1 0.205196
1687 1 0.205196
1688 1 0.205196
1689 0.95 0.2112
1690 0.95 0.2112
1691 0.85 0.181731
1692 0.85 0.181731
1693 0.8 0.171679
1694 0.9 0.203909
1695 0.95 0.198348
1696 0.9 0.203909
1697 0.9 0.203909
1698 0.9 0.203909
1699 0.95 0.2112
1700 0.95 0.2112
1701 1 0.229416
1702 1 0.229416
1703 1 0.229416
1704 1 0.229416
1705 1 0.229416
1706 1 0.229416
1707 1 0.229416
1708 1.05 0.234801
1709 1.05 0.234801
1710 1.05 0.234801
1711 1.05 0.234801
1712 1.05 0.234801
1713 1 0.251312
1714 1.05 0.245753
1715 1.15 0.243602
1716 1.2 0.247088
1717 1.25 0.270234
1718 1.25 0.270234
1719 1.3 0.272416
1720 1.3 0.262578
1721 1.3 0.262578
1722 1.3 0.272416
1723 1.3 0.272416
1724 1.1 0.228266
1725 1.2 0.267542
1726 1.2 0.267542
1727 1.2 0.267542
1728 1.1 0.228266
1729 0.9 0.239517
1730 0.9 0.239517
1731 0.9 0.239517
1732 0.9 0.239517
1733 0.9 0.239517
1734 0.85 0.220943
1735 0.85 0.220943
1736 0.85 0.220943
1737 0.85 0.220943
1738 1 0.229416
1739 0.9 0.203909
1740 0.9 0.203909
1741 0.95 0.198348
1742 1 0.217643
1743 0.95 0.2112
1744 1.05 0.2112
1745 1.05 0.2112
1746 0.95 0.2112
1747 0.9 0.203909
1748 0.85 0.208693
1749 0.9 0.228266
1750 0.85 0.208693
1751 0.9 0.203909
1752 0.95 0.223312
1753 0.95 0.223312
1754 1.05 0.245753
1755 1 0.251312
1756 1.05 0.26631
1757 1.05 0.26631
1758 1.15 0.264326
1759 1 0.229416
1760 0.9 0.228266
1761 0.95 0.276015
1762 1 0.280976
1763 0.95 0.28539
1764 0.85 0.28354
1765 0.9 0.289282
1766 0.95 0.28539
1767 0.95 0.28539
1768 1 0.280976
1769 1 0.240613
1770 1.15 0.232549
1771 1.15 0.232549
1772 1.1 0.21643
1773 1.2 0.257519
1774 1.2 0.247088
1775 1.25 0.239242
1776 1.3 0.262578
1777 1.25 0.270234
1778 1.25 0.270234
1779 1.35 0.310136
1780 1.35 0.310136
1781 1.25 0.279803
1782 1.25 0.279803
1783 1.25 0.289055
1784 1.2 0.257519
1785 1.15 0.254176
1786 1.15 0.274101
1787 1.15 0.274101
1788 1.25 0.306723
1789 1.1 0.228266
1790 1.2 0.247088
1791 1.1 0.228266
1792 1.05 0.234801
1793 1.05 0.234801
1794 1.05 0.234801
1795 1 0.229416
1796 1.05 0.223312
1797 1.05 0.223312
1798 1.1 0.228266
1799 1.1 0.228266
1800 1.05 0.234801
1801 0.95 0.234801
1802 0.85 0.208693
1803 1.1 0.228266
1804 1.15 0.208693
1805 1.15 0.208693
1806 1.15 0.208693
1807 1.15 0.208693
1808 1.3 0.291096
1809 1.35 0.28354
1810 1.35 0.28354
1811 1.45 0.294467
1812 1.45 0.294467
1813 1.45 0.294467
1814 1.45 0.311828
1815 1.45 0.311828
1816 1.35 0.318508
1817 1.2 0.257519
1818 1.1 0.239517
1819 1.2 0.236198
1820 1.2 0.236198
1821 1.15 0.220943
1822 1.15 0.220943
1823 1.15 0.220943
1824 1.15 0.220943
1825 1.05 0.234801
1826 1.05 0.234801
1827 0.85 0.181731
1828 0.8 0.171679
1829 0.85 0.166623
1830 1 0.217643
1831 0.9 0.21643
1832 0.95 0.2112
1833 0.95 0.184605
1834 0.95 0.184605
1835 1.1 0.21643
1836 1.1 0.21643
1837 1.1 0.21643
1838 1.05 0.2112
1839 1 0.217643
1840 0.95 0.2112
1841 0.9 0.21643
1842 0.95 0.198348
1843 1 0.217643
1844 1 0.217643
1845 0.95 0.223312
1846 1.1 0.250263
1847 1.1 0.270477
1848 1.1 0.270477
1849 1.05 0.245753
1850 1.05 0.245753
1851 1.05 0.245753
1852 1.05 0.223312
1853 1.05 0.223312
1854 0.95 0.184605
1855 0.95 0.184605
1856 0.9 0.190567
1857 0.9 0.190567
1858 0.95 0.198348
1859 0.95 0.169752
1860 0.95 0.169752
1861 0.9 0.160591
1862 0.85 0.15
1863 0.85 0.15
1864 0.85 0.15
1865 0.8 0.155597
1866 0.75 0.160181
1867 0.7 0.163836
1868 0.75 0.175844
1869 0.8 0.2
1870 0.9 0.190567
1871 0.95 0.184605
1872 0.95 0.184605
1873 1 0.191943
1874 1 0.177705
1875 1.15 0.195677
1876 1.2 0.2
1877 1.3 0.23056
1878 1.25 0.216126
1879 1.2 0.212751
1880 1.1 0.203909
1881 1.1 0.203909
1882 1 0.205196
1883 1 0.205196
1884 1.1 0.203909
1885 1.1 0.203909
1886 1.05 0.198348
1887 1.3 0.252357
1888 1.3 0.252357
1889 1.2 0.257519
1890 1.15 0.254176
1891 1.1 0.270477
1892 0.95 0.234801
1893 0.95 0.234801
1894 0.95 0.234801
1895 1.1 0.250263
1896 1.15 0.243602
1897 1.15 0.243602
1898 1.15 0.243602
1899 1.15 0.243602
1900 1.15 0.243602
1901 1.1 0.250263
1902 0.95 0.245753
1903 0.95 0.245753
1904 1 0.251312
1905 1 0.251312
1906 1.05 0.245753
1907 1.1 0.250263
1908 1.1 0.250263
1909 1.15 0.264326
1910 1.15 0.264326
1911 1.1 0.239517
1912 1.15 0.254176
1913 1.15 0.254176
1914 1.1 0.260566
1915 1.2 0.28654
1916 1.25 0.306723
1917 1.15 0.274101
1918 1.15 0.274101
1919 1.05 0.245753
1920 1.05 0.245753
1921 1.05 0.245753
1922 1 0.229416
1923 1 0.229416
1924 1 0.251312
1925 1.05 0.276015
1926 1.05 0.26631
1927 0.95 0.256238
1928 1.1 0.250263
1929 1.1 0.250263
1930 1.25 0.289055
1931 1.3 0.291096
1932 1.3 0.272416
1933 1.25 0.25
1934 1.2 0.224781
1935 1.2 0.224781
1936 1.2 0.224781
1937 1.25 0.227977
1938 1.35 0.254176
1939 1.5 0.312039
1940 1.5 0.312039
1941 1.45 0.311828
1942 1.4 0.284697
1943 1.4 0.30262
1944 1.55 0.303272
1945 1.5 0.303488
1946 1.4 0.265568
1947 1.3 0.272416
1948 1.25 0.260314
1949 1.25 0.260314
1950 1.15 0.243602
1951 1.1 0.250263
1952 1.1 0.250263
1953 1 0.240613
1954 0.95 0.234801
1955 0.95 0.234801
1956 0.95 0.234801
1957 0.95 0.234801
1958 1 0.229416
1959 1.1 0.270477
1960 1.2 0.295581
1961 1.25 0.289055
1962 1.15 0.243602
1963 1.15 0.243602
1964 1.2 0.247088
1965 1.2 0.247088
1966 1.3 0.262578
1967 1.35 0.28354
1968 1.3 0.262578
1969 1.3 0.262578
1970 1.3 0.262578
1971 1.3 0.262578
1972 1.4 0.255467
1973 1.35 0.254176
1974 1.3 0.241704
1975 1.35 0.254176
1976 1.4 0.255467
1977 1.35 0.243602
1978 1.5 0.28562
1979 1.4 0.275299
1980 1.4 0.275299
1981 1.35 0.274101
1982 1.35 0.274101
1983 1.35 0.264326
1984 1.35 0.243602
1985 1.3 0.252357
1986 1.35 0.254176
1987 1.3 0.262578
1988 1.45 0.311828
1989 1.5 0.328473
1990 1.5 0.328473
1991 1.3 0.325253
1992 1.25 0.315186
1993 1.1 0.250263
1994 1.15 0.264326
1995 1.1 0.260566
1996 1.1 0.260566
1997 1 0.261574
1998 1 0.261574
1999 0.9 0.21643
2000 0.9 0.21643
2001 0.85 0.220943
2002 0.85 0.220943
2003 0.85 0.220943
2004 0.85 0.220943
2005 0.85 0.208693
2006 0.8 0.212751
2007 0.8 0.212751
2008 0.8 0.212751
2009 0.85 0.220943
2010 1 0.217643
2011 1 0.205196
2012 0.95 0.2112
2013 0.95 0.2112
2014 0.95 0.2112
2015 0.95 0.2112
2016 0.95 0.2112
2017 0.95 0.2112
2018 0.95 0.2112
2019 0.85 0.208693
2020 0.8 0.2
2021 0.8 0.2
2022 0.7 0.163836
2023 0.8 0.171679
2024 0.8 0.171679
2025 0.9 0.203909
2026 0.85 0.208693
2027 0.85 0.208693
2028 0.9 0.203909
2029 0.9 0.203909
2030 0.9 0.203909
2031 0.95 0.2112
2032 0.95 0.2112
2033 0.95 0.2112
2034 0.85 0.181731
2035 0.85 0.181731
2036 0.9 0.176218
2037 1 0.177705
2038 0.95 0.184605
2039 0.95 0.184605
2040 0.95 0.184605
2041 0.9 0.176218
2042 0.95 0.184605
2043 1.05 0.169752
2044 1.15 0.195677
2045 1.15 0.195677
2046 1.2 0.2
2047 1.2 0.2
2048 1.45 0.256238
2049 1.45 0.256238
2050 1.5 0.256495
2051 1.55 0.276015
2052 1.55 0.26631
2053 1.5 0.276253
2054 1.45 0.28539
2055 1.4 0.265568
2056 1.4 0.265568
2057 1.4 0.265568
2058 1.4 0.265568
2059 1.2 0.212751
2060 1.2 0.212751
2061 1.2 0.212751
2062 1.25 0.203586
2063 1.25 0.203586
2064 1.25 0.203586
2065 1.25 0.203586
2066 1.25 0.216126
2067 1.3 0.218849
2068 1.3 0.218849
2069 1.3 0.218849
2070 1.1 0.203909
2071 1.1 0.203909
2072 1.15 0.208693
2073 1.15 0.208693
2074 1.1 0.21643
2075 1.15 0.243602
2076 1.15 0.220943
2077 1.15 0.220943
2078 0.95 0.198348
2079 1.15 0.243602
2080 1.05 0.223312
2081 1 0.205196
2082 0.95 0.198348
2083 0.9 0.203909
2084 0.9 0.203909
2085 0.85 0.208693
2086 0.95 0.234801
2087 0.9 0.21643
2088 0.85 0.208693
2089 0.85 0.208693
2090 0.85 0.208693
2091 0.85 0.208693
2092 0.85 0.208693
2093 0.85 0.208693
2094 0.85 0.208693
2095 0.85 0.208693
2096 0.8 0.212751
2097 0.75 0.216126
2098 0.75 0.216126
2099 0.8 0.212751
2100 0.85 0.232549
2101 0.9 0.239517
2102 0.85 0.220943
2103 0.95 0.26631
2104 1.05 0.303272
2105 0.95 0.26631
2106 0.95 0.26631
2107 1 0.240613
2108 1.05 0.234801
2109 1.1 0.239517
2110 0.95 0.223312
2111 0.9 0.21643
2112 0.85 0.195677
2113 0.85 0.195677
2114 0.95 0.2112
2115 0.9 0.190567
2116 1 0.240613
2117 1.05 0.256238
2118 1.1 0.239517
2119 1.15 0.232549
2120 1.15 0.243602
2121 0.95 0.198348
2122 0.9 0.190567
2123 0.9 0.190567
2124 0.9 0.190567
2125 0.9 0.190567
2126 0.9 0.190567
2127 0.95 0.2112
2128 0.95 0.2112
2129 0.95 0.2112
2130 0.95 0.2112
2131 0.95 0.2112
2132 1 0.205196
2133 1 0.205196
2134 1.05 0.26631
2135 1.05 0.26631
2136 1.05 0.26631
2137 1.05 0.26631
2138 1 0.229416
2139 1.1 0.228266
2140 1.15 0.232549
2141 1.25 0.270234
2142 1.2 0.277204
2143 1.3 0.308647
2144 1.3 0.308647
2145 1.3 0.317059
2146 1.25 0.315186
2147 1.15 0.28354
2148 1 0.217643
2149 1 0.217643
2150 0.95 0.2112
2151 0.95 0.2112
2152 0.95 0.2112
2153 0.95 0.2112
2154 1 0.205196
2155 1 0.229416
2156 1.05 0.223312
2157 0.95 0.234801
2158 0.9 0.21643
2159 0.9 0.21643
2160 1 0.261574
2161 0.95 0.256238
2162 0.85 0.254176
2163 0.8 0.247088
2164 0.85 0.243602
2165 0.9 0.228266
2166 0.9 0.228266
2167 1 0.271448
2168 1.05 0.26631
2169 1 0.261574
2170 1 0.261574
2171 1 0.261574
2172 0.95 0.26631
2173 0.95 0.245753
2174 0.95 0.245753
2175 0.95 0.245753
2176 1 0.251312
2177 1.05 0.256238
2178 0.95 0.234801
2179 1.1 0.260566
2180 1.1 0.260566
2181 1.2 0.329274
2182 1.3 0.356149
2183 1.3 0.356149
2184 1.1 0.323631
2185 1.1 0.323631
2186 1.1 0.323631
2187 1.05 0.311828
2188 1.05 0.311828
2189 1.05 0.311828
2190 0.95 0.276015
2191 1.05 0.294467
2192 1.15 0.326666
2193 1.15 0.326666
2194 1.15 0.326666
2195 1.2 0.329274
2196 1.1 0.270477
2197 1.25 0.315186
2198 1.25 0.279803
2199 1.2 0.267542
2200 1.2 0.267542
2201 1.2 0.267542
2202 1.2 0.267542
2203 1.2 0.267542
2204 1.25 0.279803
2205 1.25 0.279803
2206 1.35 0.292674
2207 1.3 0.281911
2208 1.45 0.28539
2209 1.45 0.28539
2210 1.45 0.28539
2211 1.55 0.276015
2212 1.65 0.310136
2213 1.6 0.293795
2214 1.7 0.291096
2215 1.7 0.291096
2216 1.7 0.325253
2217 1.8 0.344887
2218 1.95 0.351501
2219 1.85 0.342399
2220 1.8 0.329274
2221 1.75 0.315186
2222 1.65 0.326666
2223 1.65 0.318508
2224 1.65 0.318508
2225 1.6 0.30262
2226 1.7 0.341051
2227 1.7 0.341051
2228 1.7 0.341051
2229 1.7 0.341051
2230 1.65 0.35
2231 1.65 0.35
2232 1.5 0.344124
2233 1.6 0.350939
2234 1.5 0.328473
2235 1.5 0.328473
2236 1.5 0.328473
2237 1.35 0.326666
2238 1.3 0.325253
2239 1.15 0.334625
2240 1.05 0.28539
2241 1.05 0.28539
2242 1.05 0.28539
2243 1 0.280976
2244 1.15 0.274101
2245 1.15 0.274101
2246 1.05 0.256238
2247 1.1 0.280038
2248 1.1 0.280038
2249 1.1 0.280038
2250 1.1 0.280038
2251 1.1 0.228266
2252 1.2 0.247088
2253 1.2 0.247088
2254 1.2 0.247088
2255 1.15 0.254176
2256 1.15 0.254176
2257 1.15 0.254176
2258 1.15 0.254176
2259 1.1 0.239517
2260 1 0.217643
2261 1.15 0.274101
2262 1.2 0.267542
2263 1.2 0.224781
2264 1.15 0.220943
2265 0.95 0.2112
2266 1 0.240613
2267 1 0.240613
2268 0.95 0.223312
2269 0.95 0.234801
2270 0.95 0.2112
2271 0.9 0.203909
2272 0.9 0.203909
2273 0.95 0.256238
2274 1.05 0.245753
2275 1 0.229416
2276 1 0.229416
2277 1.05 0.223312
2278 1.05 0.223312
2279 1 0.229416
2280 1 0.177705
2281 1.05 0.198348
2282 1.05 0.198348
2283 1 0.177705
2284 1.05 0.184605
2285 0.95 0.198348
2286 1.1 0.21643
2287 1.15 0.220943
2288 1.1 0.21643
2289 1.15 0.232549
2290 1.1 0.239517
2291 1.1 0.239517
2292 1.15 0.232549
2293 1.3 0.272416
2294 1.3 0.272416
2295 1.35 0.264326
2296 1.35 0.264326
2297 1.3 0.262578
2298 1.3 0.262578
2299 1.3 0.262578
2300 1.4 0.293795
2301 1.35 0.274101
2302 1.3 0.206474
2303 1.3 0.193309
2304 1.25 0.203586
2305 1.2 0.186378
2306 1.25 0.227977
2307 1.35 0.243602
2308 1.3 0.252357
2309 1.4 0.222427
2310 1.3 0.179179
2311 1.3 0.179179
2312 1.3 0.179179
2313 1.2 0.186378
2314 1.2 0.186378
2315 1.15 0.195677
2316 1.15 0.264326
2317 1.15 0.318508
2318 1.05 0.276015
2319 1.05 0.26631
2320 1.1 0.306937
2321 1 0.316228
2322 1 0.316228
2323 1 0.316228
2324 1.05 0.294467
2325 1.25 0.323427
2326 1.15 0.254176
2327 1.15 0.254176
2328 1.1 0.239517
2329 1.2 0.236198
2330 1.2 0.224781
2331 1.2 0.224781
2332 1.1 0.228266
2333 1.1 0.228266
2334 1.2 0.247088
2335 1.2 0.247088
2336 1.25 0.25
2337 1.25 0.25
2338 1.25 0.25
2339 1.25 0.25
2340 1.3 0.272416
2341 1.2 0.267542
2342 1.25 0.260314
2343 1.4 0.30262
2344 1.25 0.260314
2345 1.25 0.260314
2346 1.25 0.260314
2347 1.25 0.25
2348 1.2 0.236198
2349 1.15 0.243602
2350 1.15 0.264326
2351 1.15 0.243602
2352 1.2 0.236198
2353 1.25 0.227977
2354 1.25 0.227977
2355 1.3 0.252357
2356 1.25 0.239242
2357 1.2 0.224781
2358 1.15 0.232549
2359 1.1 0.190567
2360 1.1 0.190567
2361 1.25 0.203586
2362 1.15 0.195677
2363 1.15 0.181731
2364 1.05 0.184605
2365 1.1 0.203909
2366 1.1 0.203909
2367 1.1 0.203909
2368 1.1 0.203909
2369 1.1 0.203909
2370 1 0.205196
2371 1 0.205196
2372 1.1 0.203909
2373 1.05 0.184605
2374 0.95 0.184605
2375 0.9 0.176218
2376 0.9 0.176218
2377 0.9 0.176218
2378 0.75 0.160181
2379 0.65 0.15
2380 0.7 0.163836
2381 0.7 0.163836
2382 0.75 0.160181
2383 0.7 0.146898
2384 0.8 0.186378
2385 0.95 0.223312
2386 0.75 0.190221
2387 0.8 0.2
2388 0.85 0.195677
2389 1.25 0.227977
2390 1.25 0.227977
2391 1.25 0.227977
2392 1.25 0.227977
2393 1.3 0.241704
2394 1.4 0.275299
2395 1.35 0.28354
2396 1.35 0.28354
2397 1.35 0.28354
2398 1.25 0.289055
2399 1.2 0.277204
2400 1.35 0.264326
2401 1.25 0.25
2402 1.4 0.293795
2403 1.4 0.293795
2404 1.45 0.28539
2405 1.5 0.303488
2406 1.5 0.28562
2407 1.55 0.294467
2408 1.5 0.28562
2409 1.6 0.284697
2410 1.65 0.318508
2411 1.7 0.308647
2412 1.7 0.3
2413 1.6 0.275299
2414 1.55 0.28539
2415 1.55 0.28539
2416 1.6 0.284697
2417 1.5 0.276253
2418 1.45 0.26631
2419 1.45 0.26631
2420 1.45 0.311828
2421 1.5 0.312039
2422 1.6 0.335606
2423 1.55 0.320156
2424 1.55 0.320156
2425 1.4 0.30262
2426 1.4 0.30262
2427 1.3 0.252357
2428 1.25 0.239242
2429 1.05 0.198348
2430 1.05 0.198348
2431 1.05 0.198348
2432 1.05 0.198348
2433 1.1 0.21643
2434 1.1 0.21643
2435 1.1 0.21643
2436 1.1 0.21643
2437 1.15 0.232549
2438 1.25 0.25
2439 1.35 0.28354
2440 1.35 0.28354
2441 1.35 0.28354
2442 1.35 0.28354
2443 1.35 0.28354
2444 1.35 0.28354
2445 1.35 0.28354
2446 1.4 0.311195
2447 1.4 0.365629
2448 1.4 0.365629
2449 1.4 0.365629
2450 1.55 0.373286
2451 1.55 0.351501
2452 1.4 0.319539
2453 1.25 0.323427
2454 1.25 0.323427
2455 1.25 0.323427
2456 1.25 0.323427
2457 1.35 0.342399
2458 1.3 0.317059
2459 1.3 0.317059
2460 1.45 0.336194
2461 1.5 0.359092
2462 1.5 0.359092
2463 1.5 0.359092
2464 1.5 0.359092
2465 1.4 0.350939
2466 1.3 0.308647
2467 1.3 0.308647
2468 1.3 0.308647
2469 1.3 0.308647
2470 1.25 0.260314
2471 1.25 0.260314
2472 1.3 0.272416
2473 1.3 0.272416
2474 1.3 0.272416
2475 1.25 0.279803
2476 0.95 0.276015
2477 1.1 0.239517
2478 1.05 0.256238
2479 1.05 0.256238
2480 1.05 0.256238
2481 1 0.229416
2482 1 0.229416
2483 1 0.229416
2484 1 0.229416
2485 0.9 0.203909
2486 0.9 0.203909
2487 0.9 0.203909
2488 0.9 0.203909
2489 0.9 0.203909
2490 0.9 0.203909
2491 0.9 0.203909
2492 0.9 0.203909
2493 0.85 0.208693
2494 0.9 0.203909
2495 0.75 0.203586
2496 0.8 0.212751
2497 0.8 0.212751
2498 0.8 0.212751
2499 0.7 0.206474
2500 0.85 0.220943
2501 0.9 0.228266
2502 0.95 0.223312
2503 1.2 0.267542
2504 1.2 0.247088
2505 1.2 0.247088
2506 1.15 0.232549
2507 1.1 0.228266
2508 1.15 0.243602
2509 1.2 0.236198
2510 1.25 0.227977
2511 1.25 0.227977
2512 1.25 0.25
2513 1.2 0.257519
2514 1.3 0.308647
2515 1.3 0.308647
2516 1.3 0.308647
2517 1.3 0.308647
2518 1.15 0.264326
2519 1.1 0.260566
2520 1.25 0.323427
2521 1.25 0.323427
2522 1.25 0.323427
2523 1.25 0.323427
2524 1.25 0.323427
2525 1.1 0.260566
2526 1.1 0.260566
2527 1.15 0.274101
2528 1.15 0.274101
2529 1.15 0.274101
2530 1.15 0.254176
2531 1.05 0.234801
2532 1.2 0.257519
2533 1.05 0.245753
2534 1.1 0.260566
2535 1.1 0.260566
2536 1.15 0.264326
2537 1.15 0.264326
2538 1.2 0.257519
2539 1.2 0.257519
2540 1.2 0.257519
2541 1.3 0.272416
2542 1.3 0.272416
2543 1.3 0.272416
2544 1.45 0.276015
2545 1.45 0.276015
2546 1.45 0.276015
2547 1.5 0.266557
2548 1.45 0.26631
2549 1.55 0.256238
2550 1.55 0.256238
2551 1.5 0.256495
2552 1.45 0.256238
2553 1.45 0.256238
2554 1.45 0.256238
2555 1.5 0.256495
2556 1.5 0.256495
2557 1.55 0.276015
2558 1.35 0.243602
2559 1.45 0.234801
2560 1.45 0.234801
2561 1.4 0.233959
2562 1.2 0.171679
2563 1.25 0.175844
2564 1.25 0.175844
2565 1.25 0.175844
2566 1.25 0.175844
2567 1.2 0.171679
2568 1.1 0.176218
2569 1.15 0.166623
2570 1.1 0.160591
2571 1.1 0.160591
2572 1.1 0.160591
2573 1.2 0.212751
2574 1.2 0.224781
2575 1.2 0.224781
2576 1.2 0.224781
2577 1.2 0.224781
2578 1.3 0.218849
2579 1.3 0.218849
2580 1.3 0.218849
2581 1.3 0.218849
2582 1.15 0.181731
2583 1.15 0.181731
2584 1.2 0.186378
2585 1.15 0.181731
2586 1.15 0.181731
2587 1.1 0.176218
2588 1.1 0.176218
2589 1.1 0.176218
2590 1.1 0.176218
2591 1.1 0.176218
2592 1.1 0.176218
