0 0 0
1 0 0
2 0 0
3 0 0
4 0 0
5 0.05 0.05
6 0.05 0.05
7 0.05 0.05
8 0.1 0.0688247
9 0.15 0.0819178
10 0.15 0.0819178
11 0.2 0.0917663
12 0.2 0.0917663
13 0.2 0.0917663
14 0.25 0.0993399
15 0.3 0.105131
16 0.3 0.105131
17 0.35 0.131289
18 0.4 0.133771
19 0.4 0.133771
20 0.4 0.133771
21 0.35 0.131289
22 0.3 0.127733
23 0.25 0.12301
24 0.2 0.11698
25 0.15 0.0819178
26 0.15 0.0819178
27 0.15 0.0819178
28 0.2 0.11698
29 0.2 0.11698
30 0.2 0.11698
31 0.25 0.12301
32 0.3 0.127733
33 0.3 0.127733
34 0.3 0.127733
35 0.3 0.127733
36 0.3 0.127733
37 0.35 0.131289
38 0.35 0.131289
39 0.4 0.133771
40 0.4 0.133771
41 0.4 0.133771
42 0.4 0.133771
43 0.4 0.133771
44 0.4 0.133771
45 0.35 0.131289
46 0.35 0.131289
47 0.35 0.131289
48 0.4 0.133771
49 0.4 0.11239
50 0.4 0.11239
51 0.4 0.11239
52 0.35 0.109424
53 0.4 0.11239
54 0.4 0.11239
55 0.4 0.11239
56 0.4 0.11239
57 0.35 0.109424
58 0.4 0.133771
59 0.45 0.135239
60 0.4 0.133771
61 0.3 0.105131
62 0.3 0.105131
63 0.3 0.105131
64 0.3 0.105131
65 0.25 0.0993399
66 0.2 0.0917663
67 0.2 0.0917663
68 0.2 0.0917663
69 0.25 0.0993399
70 0.25 0.0993399
71 0.2 0.0917663
72 0.2 0.0917663
73 0.15 0.0819178
74 0.1 0.0688247
75 0.1 0.0688247
76 0.1 0.0688247
77 0.1 0.0688247
78 0.1 0.0688247
79 0.1 0.0688247
80 0.1 0.0688247
81 0.15 0.0819178
82 0.15 0.0819178
83 0.15 0.0819178
84 0.15 0.0819178
85 0.1 0.0688247
86 0.05 0.05
87 0.1 0.0688247
88 0.15 0.0819178
89 0.15 0.0819178
90 0.15 0.0819178
91 0.15 0.0819178
92 0.15 0.0819178
93 0.15 0.0819178
94 0.15 0.0819178
95 0.15 0.0819178
96 0.15 0.0819178
97 0.15 0.0819178
98 0.15 0.0819178
99 0.15 0.0819178
100 0.15 0.0819178
101 0.15 0.0819178
102 0.15 0.0819178
103 0.15 0.0819178
104 0.15 0.0819178
105 0.15 0.0819178
106 0.15 0.0819178
107 0.15 0.0819178
108 0.15 0.0819178
109 0.15 0.0819178
110 0.1 0.0688247
111 0.1 0.0688247
112 0.05 0.05
113 0.05 0.05
114 0.05 0.05
115 0.1 0.0688247
116 0.1 0.0688247
117 0.1 0.0688247
118 0.1 0.0688247
119 0.15 0.0819178
120 0.15 0.0819178
121 0.2 0.0917663
122 0.15 0.0819178
123 0.15 0.0819178
124 0.15 0.0819178
125 0.15 0.0819178
126 0.1 0.0688247
127 0.1 0.0688247
128 0.1 0.0688247
129 0.15 0.0819178
130 0.15 0.0819178
131 0.15 0.0819178
132 0.15 0.0819178
133 0.1 0.0688247
134 0.1 0.0688247
135 0.1 0.0688247
136 0.1 0.0688247
137 0.1 0.0688247
138 0.1 0.0688247
139 0.1 0.0688247
140 0.1 0.0688247
141 0.1 0.0688247
142 0.1 0.0688247
143 0.15 0.0819178
144 0.15 0.0819178
145 0.2 0.0917663
146 0.2 0.0917663
147 0.2 0.0917663
148 0.2 0.0917663
149 0.15 0.0819178
150 0.15 0.0819178
151 0.15 0.0819178
152 0.15 0.0819178
153 0.2 0.0917663
154 0.2 0.0917663
155 0.2 0.0917663
156 0.2 0.0917663
157 0.25 0.0993399
158 0.25 0.0993399
159 0.25 0.0993399
160 0.25 0.0993399
161 0.25 0.0993399
162 0.25 0.0993399
163 0.25 0.0993399
164 0.15 0.0819178
165 0.15 0.0819178
166 0.2 0.0917663
167 0.15 0.0819178
168 0.2 0.0917663
169 0.2 0.0917663
170 0.15 0.0819178
171 0.15 0.0819178
172 0.2 0.11698
173 0.2 0.11698
174 0.2 0.11698
175 0.2 0.11698
176 0.2 0.11698
177 0.2 0.11698
178 0.15 0.0819178
179 0.15 0.0819178
180 0.15 0.0819178
181 0.15 0.0819178
182 0.1 0.0688247
183 0.1 0.0688247
184 0.15 0.0819178
185 0.2 0.0917663
186 0.2 0.0917663
187 0.2 0.0917663
188 0.2 0.0917663
189 0.25 0.0993399
190 0.25 0.0993399
191 0.25 0.0993399
192 0.25 0.0993399
193 0.25 0.0993399
194 0.25 0.0993399
195 0.25 0.0993399
196 0.25 0.0993399
197 0.25 0.0993399
198 0.25 0.0993399
199 0.25 0.0993399
200 0.25 0.0993399
201 0.25 0.0993399
202 0.25 0.0993399
203 0.3 0.105131
204 0.3 0.105131
205 0.3 0.127733
206 0.3 0.127733
207 0.3 0.127733
208 0.3 0.127733
209 0.3 0.127733
210 0.3 0.127733
211 0.3 0.127733
212 0.3 0.127733
213 0.25 0.12301
214 0.25 0.12301
215 0.25 0.12301
216 0.25 0.12301
217 0.25 0.12301
218 0.25 0.12301
219 0.2 0.11698
220 0.2 0.11698
221 0.2 0.11698
222 0.2 0.11698
223 0.2 0.11698
224 0.2 0.11698
225 0.2 0.11698
226 0.2 0.11698
227 0.2 0.11698
228 0.2 0.11698
229 0.2 0.11698
230 0.25 0.12301
231 0.25 0.12301
232 0.2 0.0917663
233 0.2 0.0917663
234 0.2 0.0917663
235 0.2 0.0917663
236 0.2 0.11698
237 0.2 0.11698
238 0.2 0.11698
239 0.2 0.11698
240 0.2 0.11698
241 0.25 0.12301
242 0.25 0.12301
243 0.25 0.12301
244 0.25 0.12301
245 0.25 0.0993399
246 0.25 0.0993399
247 0.3 0.105131
248 0.25 0.0993399
249 0.15 0.0819178
250 0.2 0.0917663
251 0.2 0.0917663
252 0.2 0.0917663
253 0.2 0.0917663
254 0.25 0.0993399
255 0.25 0.0993399
256 0.25 0.0993399
257 0.15 0.0819178
258 0.2 0.0917663
259 0.15 0.0819178
260 0.15 0.0819178
261 0.2 0.0917663
262 0.2 0.0917663
263 0.2 0.0917663
264 0.15 0.0819178
265 0.15 0.0819178
266 0.15 0.0819178
267 0.15 0.0819178
268 0.15 0.0819178
269 0.15 0.0819178
270 0.2 0.0917663
271 0.2 0.0917663
272 0.2 0.0917663
273 0.25 0.0993399
274 0.25 0.0993399
275 0.25 0.0993399
276 0.25 0.0993399
277 0.25 0.0993399
278 0.2 0.0917663
279 0.2 0.0917663
280 0.2 0.0917663
281 0.25 0.0993399
282 0.25 0.0993399
283 0.25 0.0993399
284 0.25 0.0993399
285 0.25 0.0993399
286 0.25 0.0993399
287 0.25 0.0993399
288 0.2 0.0917663
289 0.15 0.0819178
290 0.1 0.0688247
291 0.1 0.0688247
292 0.1 0.0688247
293 0.1 0.0688247
294 0.15 0.0819178
295 0.2 0.0917663
296 0.25 0.0993399
297 0.25 0.0993399
298 0.2 0.0917663
299 0.15 0.0819178
300 0.15 0.0819178
301 0.15 0.0819178
302 0.15 0.0819178
303 0.2 0.0917663
304 0.2 0.0917663
305 0.25 0.0993399
306 0.2 0.0917663
307 0.2 0.0917663
308 0.2 0.0917663
309 0.2 0.0917663
310 0.2 0.0917663
311 0.2 0.0917663
312 0.2 0.0917663
313 0.15 0.0819178
314 0.2 0.0917663
315 0.2 0.0917663
316 0.2 0.0917663
317 0.15 0.0819178
318 0.15 0.0819178
319 0.15 0.0819178
320 0.15 0.0819178
321 0.15 0.0819178
322 0.1 0.0688247
323 0.2 0.0917663
324 0.2 0.0917663
325 0.2 0.0917663
326 0.25 0.12301
327 0.25 0.12301
328 0.25 0.12301
329 0.25 0.12301
330 0.25 0.12301
331 0.25 0.12301
332 0.2 0.0917663
333 0.25 0.0993399
334 0.3 0.127733
335 0.3 0.127733
336 0.3 0.127733
337 0.3 0.127733
338 0.3 0.127733
339 0.3 0.127733
340 0.3 0.127733
341 0.3 0.127733
342 0.3 0.127733
343 0.3 0.127733
344 0.3 0.127733
345 0.25 0.0993399
346 0.25 0.0993399
347 0.25 0.0993399
348 0.2 0.0917663
349 0.2 0.0917663
350 0.1 0.0688247
351 0.1 0.0688247
352 0.1 0.0688247
353 0.1 0.0688247
354 0.1 0.0688247
355 0.1 0.0688247
356 0.1 0.0688247
357 0.1 0.0688247
358 0.1 0.0688247
359 0.1 0.0688247
360 0.1 0.0688247
361 0.1 0.0688247
362 0.1 0.0688247
363 0.1 0.0688247
364 0.1 0.0688247
365 0.15 0.0819178
366 0.15 0.0819178
367 0.15 0.0819178
368 0.15 0.0819178
369 0.15 0.0819178
370 0.1 0.0688247
371 0.1 0.0688247
372 0.1 0.0688247
373 0.05 0.05
374 0.05 0.05
375 0 0
376 0 0
377 0 0
378 0 0
379 0 0
380 0 0
381 0 0
382 0 0
383 0 0
384 0.05 0.05
385 0.05 0.05
386 0.05 0.05
387 0.05 0.05
388 0.1 0.0688247
389 0.1 0.0688247
390 0.1 0.0688247
391 0.1 0.0688247
392 0.1 0.0688247
393 0.1 0.0688247
394 0.1 0.0688247
395 0.1 0.0688247
396 0.1 0.0688247
397 0.1 0.0688247
398 0.1 0.0688247
399 0.1 0.0688247
400 0.1 0.0688247
401 0.1 0.0688247
402 0.1 0.0688247
403 0.1 0.0688247
404 0.1 0.0688247
405 0.1 0.0688247
406 0.1 0.0688247
407 0.1 0.0688247
408 0.1 0.0688247
409 0.1 0.0688247
410 0.1 0.0688247
411 0.1 0.0688247
412 0.1 0.0688247
413 0.1 0.0688247
414 0.1 0.0688247
415 0.1 0.0688247
416 0.1 0.0688247
417 0.1 0.0688247
418 0.1 0.0688247
419 0.1 0.0688247
420 0.1 0.0688247
421 0.1 0.0688247
422 0.15 0.0819178
423 0.2 0.0917663
424 0.15 0.0819178
425 0.15 0.0819178
426 0.15 0.0819178
427 0.15 0.0819178
428 0.15 0.0819178
429 0.1 0.0688247
430 0.1 0.0688247
431 0.1 0.0688247
432 0.15 0.0819178
433 0.15 0.0819178
434 0.15 0.0819178
435 0.15 0.0819178
436 0.2 0.0917663
437 0.2 0.0917663
438 0.2 0.0917663
439 0.2 0.0917663
440 0.2 0.0917663
441 0.2 0.0917663
442 0.2 0.0917663
443 0.2 0.0917663
444 0.2 0.0917663
445 0.2 0.0917663
446 0.2 0.0917663
447 0.15 0.0819178
448 0.15 0.0819178
449 0.15 0.0819178
450 0.15 0.0819178
451 0.2 0.0917663
452 0.2 0.0917663
453 0.15 0.0819178
454 0.2 0.0917663
455 0.15 0.0819178
456 0.15 0.0819178
457 0.15 0.0819178
458 0.15 0.0819178
459 0.15 0.0819178
460 0.15 0.0819178
461 0.15 0.0819178
462 0.15 0.0819178
463 0.15 0.0819178
464 0.15 0.0819178
465 0.15 0.0819178
466 0.15 0.0819178
467 0.15 0.0819178
468 0.15 0.0819178
469 0.15 0.0819178
470 0.15 0.0819178
471 0.15 0.0819178
472 0.15 0.0819178
473 0.15 0.0819178
474 0.15 0.0819178
475 0.15 0.0819178
476 0.15 0.0819178
477 0.15 0.0819178
478 0.15 0.0819178
479 0.15 0.0819178
480 0.15 0.0819178
481 0.15 0.0819178
482 0.15 0.0819178
483 0.15 0.0819178
484 0.15 0.0819178
485 0.15 0.0819178
486 0.15 0.0819178
487 0.15 0.0819178
488 0.15 0.0819178
489 0.15 0.0819178
490 0.15 0.0819178
491 0.15 0.0819178
492 0.15 0.0819178
493 0.15 0.0819178
494 0.15 0.0819178
495 0.15 0.0819178
496 0.15 0.0819178
497 0.15 0.0819178
498 0.15 0.0819178
499 0.15 0.0819178
500 0.15 0.0819178
501 0.15 0.0819178
502 0.15 0.0819178
503 0.15 0.0819178
504 0.15 0.0819178
505 0.15 0.0819178
506 0.15 0.0819178
507 0.15 0.0819178
508 0.15 0.0819178
509 0.15 0.0819178
510 0.15 0.0819178
511 0.1 0.0688247
512 0.05 0.05
513 0.05 0.05
514 0.05 0.05
515 0.05 0.05
516 0.15 0.0819178
517 0.15 0.0819178
518 0.15 0.0819178
519 0.15 0.0819178
520 0.15 0.0819178
521 0.15 0.0819178
522 0.15 0.0819178
523 0.15 0.0819178
524 0.15 0.0819178
525 0.1 0.0688247
526 0.1 0.0688247
527 0.1 0.0688247
528 0.1 0.0688247
529 0.1 0.0688247
530 0.1 0.0688247
531 0.1 0.0688247
532 0.1 0.0688247
533 0.1 0.0688247
534 0.1 0.0688247
535 0.1 0.0688247
536 0.1 0.0688247
537 0.1 0.0688247
538 0.1 0.0688247
539 0.1 0.0688247
540 0.1 0.0688247
541 0.1 0.0688247
542 0.1 0.0688247
543 0.05 0.05
544 0.05 0.05
545 0.05 0.05
546 0.05 0.05
547 0.05 0.05
548 0.05 0.05
549 0.1 0.0688247
550 0.15 0.0819178
551 0.15 0.0819178
552 0.15 0.0819178
553 0.15 0.0819178
554 0.15 0.0819178
555 0.1 0.0688247
556 0.1 0.0688247
557 0.1 0.0688247
558 0.1 0.0688247
559 0.1 0.0688247
560 0.15 0.0819178
561 0.1 0.0688247
562 0.1 0.0688247
563 0.1 0.0688247
564 0.15 0.0819178
565 0.1 0.0688247
566 0.1 0.0688247
567 0.1 0.0688247
568 0.1 0.0688247
569 0.1 0.1
570 0.1 0.1
571 0.05 0.05
572 0.05 0.05
573 0.05 0.05
574 0.05 0.05
575 0.05 0.05
576 0 0
577 0 0
578 0 0
579 0 0
580 0 0
581 0 0
582 0 0
583 0.05 0.05
584 0.05 0.05
585 0.05 0.05
586 0.05 0.05
587 0.1 0.0688247
588 0.1 0.0688247
589 0.1 0.0688247
590 0.1 0.0688247
591 0.1 0.0688247
592 0.15 0.0819178
593 0.15 0.0819178
594 0.15 0.0819178
595 0.15 0.0819178
596 0.15 0.0819178
597 0.15 0.0819178
598 0.15 0.0819178
599 0.15 0.0819178
600 0.15 0.0819178
601 0.15 0.0819178
602 0.15 0.0819178
603 0.15 0.0819178
604 0.15 0.0819178
605 0.15 0.0819178
606 0.15 0.0819178
607 0.15 0.0819178
608 0.15 0.0819178
609 0.15 0.0819178
610 0.2 0.0917663
611 0.2 0.0917663
612 0.2 0.0917663
613 0.2 0.0917663
614 0.2 0.0917663
615 0.2 0.0917663
616 0.15 0.0819178
617 0.15 0.0819178
618 0.15 0.0819178
619 0.1 0.0688247
620 0.1 0.0688247
621 0.1 0.0688247
622 0.1 0.0688247
623 0.1 0.0688247
624 0.1 0.0688247
625 0.1 0.0688247
626 0.1 0.0688247
627 0.1 0.0688247
628 0.1 0.0688247
629 0.1 0.0688247
630 0.1 0.0688247
631 0.1 0.0688247
632 0.1 0.0688247
633 0.1 0.0688247
634 0.15 0.109424
635 0.15 0.109424
636 0.15 0.109424
637 0.15 0.109424
638 0.15 0.109424
639 0.05 0.05
640 0.05 0.05
641 0.05 0.05
642 0.05 0.05
643 0.05 0.05
644 0.05 0.05
645 0.05 0.05
646 0.05 0.05
647 0.05 0.05
648 0.05 0.05
649 0.05 0.05
650 0.05 0.05
651 0.05 0.05
652 0.1 0.0688247
653 0.1 0.0688247
654 0.1 0.0688247
655 0.1 0.0688247
656 0.1 0.0688247
657 0.1 0.0688247
658 0.1 0.0688247
659 0.1 0.0688247
660 0.1 0.0688247
661 0.15 0.0819178
662 0.15 0.0819178
663 0.15 0.0819178
664 0.2 0.0917663
665 0.15 0.0819178
666 0.15 0.0819178
667 0.15 0.0819178
668 0.15 0.0819178
669 0.2 0.0917663
670 0.2 0.0917663
671 0.2 0.0917663
672 0.2 0.0917663
673 0.2 0.0917663
674 0.2 0.0917663
675 0.2 0.0917663
676 0.2 0.0917663
677 0.2 0.0917663
678 0.15 0.0819178
679 0.15 0.0819178
680 0.1 0.0688247
681 0.1 0.0688247
682 0.1 0.0688247
683 0.1 0.0688247
684 0.1 0.0688247
685 0.1 0.0688247
686 0.15 0.0819178
687 0.15 0.0819178
688 0.1 0.0688247
689 0.1 0.0688247
690 0.1 0.0688247
691 0.1 0.0688247
692 0.1 0.0688247
693 0.1 0.0688247
694 0.1 0.0688247
695 0.1 0.0688247
696 0.1 0.0688247
697 0.1 0.0688247
698 0.1 0.0688247
699 0.05 0.05
700 0.05 0.05
701 0.05 0.05
702 0.05 0.05
703 0.05 0.05
704 0.05 0.05
705 0.05 0.05
706 0.05 0.05
707 0 0
708 0 0
709 0 0
710 0 0
711 0 0
712 0 0
713 0 0
714 0 0
715 0 0
716 0 0
717 0 0
718 0 0
719 0 0
720 0 0
721 0 0
722 0 0
723 0 0
724 0 0
725 0 0
726 0 0
727 0 0
728 0 0
729 0 0
730 0 0
731 0 0
732 0.05 0.05
733 0.05 0.05
734 0.05 0.05
735 0.05 0.05
736 0.05 0.05
737 0.05 0.05
738 0.05 0.05
739 0 0
740 0 0
741 0 0
742 0 0
743 0 0
744 0 0
745 0 0
746 0 0
747 0 0
748 0 0
749 0 0
750 0 0
751 0 0
752 0 0
753 0 0
754 0 0
755 0 0
756 0 0
757 0 0
758 0 0
759 0 0
760 0 0
761 0 0
762 0 0
763 0 0
764 0 0
765 0 0
766 0.05 0.05
767 0.05 0.05
768 0.05 0.05
769 0.05 0.05
770 0.05 0.05
771 0.05 0.05
772 0.05 0.05
773 0.05 0.05
774 0.05 0.05
775 0.05 0.05
776 0.05 0.05
777 0 0
778 0 0
779 0 0
780 0 0
781 0 0
782 0 0
783 0 0
784 0 0
785 0 0
786 0 0
787 0 0
788 0 0
789 0 0
790 0 0
791 0 0
792 0 0
793 0 0
794 0 0
795 0 0
796 0 0
797 0 0
798 0 0
799 0 0
800 0 0
801 0 0
802 0 0
803 0 0
804 0 0
805 0 0
806 0 0
807 0 0
808 0 0
809 0 0
810 0 0
811 0 0
812 0 0
813 0 0
814 0 0
815 0 0
816 0 0
817 0 0
818 0 0
819 0 0
820 0 0
821 0 0
822 0 0
823 0 0
824 0 0
825 0 0
826 0 0
827 0 0
828 0 0
829 0 0
830 0 0
831 0 0
832 0 0
833 0 0
834 0.05 0.05
835 0.05 0.05
836 0.05 0.05
837 0.05 0.05
838 0.05 0.05
839 0.05 0.05
840 0.05 0.05
841 0.05 0.05
842 0.05 0.05
843 0.05 0.05
844 0.05 0.05
845 0.05 0.05
846 0.05 0.05
847 0.05 0.05
848 0.05 0.05
849 0.05 0.05
850 0.05 0.05
851 0.05 0.05
852 0.05 0.05
853 0.05 0.05
854 0.05 0.05
855 0.05 0.05
856 0.05 0.05
857 0.05 0.05
858 0.05 0.05
859 0.05 0.05
860 0.05 0.05
861 0.05 0.05
862 0.05 0.05
863 0.05 0.05
864 0.05 0.05
865 0.05 0.05
866 0.05 0.05
867 0.05 0.05
868 0.05 0.05
869 0.05 0.05
870 0.05 0.05
871 0.05 0.05
872 0.05 0.05
873 0.05 0.05
874 0.05 0.05
875 0.05 0.05
876 0.05 0.05
877 0.05 0.05
878 0.05 0.05
879 0.1 0.0688247
880 0.1 0.0688247
881 0.1 0.0688247
882 0.1 0.0688247
883 0.05 0.05
884 0.05 0.05
885 0.05 0.05
886 0.05 0.05
887 0.05 0.05
888 0.05 0.05
889 0.05 0.05
890 0.05 0.05
891 0.05 0.05
892 0.05 0.05
893 0.05 0.05
894 0.05 0.05
895 0.05 0.05
896 0.05 0.05
897 0.05 0.05
898 0.05 0.05
899 0.05 0.05
900 0.05 0.05
901 0.05 0.05
902 0.05 0.05
903 0.05 0.05
904 0.05 0.05
905 0.05 0.05
906 0.05 0.05
907 0.05 0.05
908 0.05 0.05
909 0 0
910 0 0
911 0 0
912 0 0
913 0 0
914 0 0
915 0 0
916 0 0
917 0 0
918 0 0
919 0 0
920 0 0
921 0 0
922 0 0
923 0 0
924 0 0
925 0.05 0.05
926 0.05 0.05
927 0.05 0.05
928 0.05 0.05
929 0.05 0.05
930 0.05 0.05
931 0.05 0.05
932 0.05 0.05
933 0.05 0.05
934 0 0
935 0.05 0.05
936 0.05 0.05
937 0.05 0.05
938 0.05 0.05
939 0.05 0.05
940 0.05 0.05
941 0.05 0.05
942 0.05 0.05
943 0.05 0.05
944 0.05 0.05
945 0.1 0.0688247
946 0.05 0.05
947 0 0
948 0 0
949 0 0
950 0 0
951 0 0
952 0 0
953 0 0
954 0 0
955 0 0
956 0 0
957 0 0
958 0 0
959 0 0
960 0 0
961 0 0
962 0.05 0.05
963 0.1 0.0688247
964 0.1 0.0688247
965 0.1 0.0688247
966 0.1 0.0688247
967 0.1 0.0688247
968 0.1 0.0688247
969 0.1 0.0688247
970 0.1 0.0688247
971 0.1 0.0688247
972 0.1 0.0688247
973 0.1 0.0688247
974 0.05 0.05
975 0.1 0.0688247
976 0.1 0.0688247
977 0.1 0.0688247
978 0.1 0.0688247
979 0.1 0.0688247
980 0.1 0.0688247
981 0.1 0.0688247
982 0.15 0.0819178
983 0.15 0.0819178
984 0.15 0.0819178
985 0.15 0.0819178
986 0.15 0.0819178
987 0.1 0.0688247
988 0.15 0.0819178
989 0.15 0.0819178
990 0.2 0.0917663
991 0.2 0.0917663
992 0.2 0.0917663
993 0.2 0.0917663
994 0.2 0.0917663
995 0.2 0.0917663
996 0.2 0.0917663
997 0.2 0.0917663
998 0.2 0.0917663
999 0.2 0.0917663
1000 0.15 0.0819178
1001 0.15 0.0819178
1002 0.15 0.0819178
1003 0.15 0.0819178
1004 0.15 0.0819178
1005 0.15 0.0819178
1006 0.15 0.0819178
1007 0.1 0.0688247
1008 0.1 0.0688247
1009 0.1 0.0688247
1010 0.1 0.0688247
1011 0.1 0.0688247
1012 0.1 0.0688247
1013 0.1 0.0688247
1014 0.1 0.0688247
1015 0.1 0.0688247
1016 0.1 0.0688247
1017 0.1 0.0688247
1018 0.1 0.0688247
1019 0.1 0.0688247
1020 0.1 0.0688247
1021 0.1 0.0688247
1022 0.1 0.0688247
1023 0.1 0.0688247
1024 0.1 0.0688247
1025 0.1 0.0688247
1026 0.1 0.0688247
1027 0.1 0.0688247
1028 0.1 0.0688247
1029 0.1 0.0688247
1030 0.1 0.0688247
1031 0.1 0.0688247
1032 0.1 0.0688247
1033 0.1 0.0688247
1034 0.1 0.0688247
1035 0.1 0.0688247
1036 0.15 0.0819178
1037 0.15 0.0819178
1038 0.2 0.0917663
1039 0.2 0.0917663
1040 0.2 0.0917663
1041 0.2 0.0917663
1042 0.2 0.0917663
1043 0.2 0.0917663
1044 0.2 0.0917663
1045 0.2 0.0917663
1046 0.2 0.0917663
1047 0.2 0.0917663
1048 0.2 0.0917663
1049 0.2 0.0917663
1050 0.15 0.0819178
1051 0.15 0.0819178
1052 0.15 0.0819178
1053 0.2 0.0917663
1054 0.2 0.0917663
1055 0.2 0.0917663
1056 0.2 0.0917663
1057 0.15 0.0819178
1058 0.15 0.0819178
1059 0.15 0.0819178
1060 0.15 0.0819178
1061 0.15 0.0819178
1062 0.1 0.0688247
1063 0.1 0.0688247
1064 0.15 0.0819178
1065 0.15 0.0819178
1066 0.15 0.0819178
1067 0.15 0.0819178
1068 0.15 0.0819178
1069 0.1 0.0688247
1070 0.1 0.0688247
1071 0.1 0.0688247
1072 0.05 0.05
1073 0.05 0.05
1074 0.05 0.05
1075 0.05 0.05
1076 0.05 0.05
1077 0.05 0.05
1078 0.05 0.05
1079 0.05 0.05
1080 0.05 0.05
1081 0.05 0.05
1082 0 0
1083 0 0
1084 0 0
1085 0 0
1086 0.05 0.05
1087 0.05 0.05
1088 0.05 0.05
1089 0.05 0.05
1090 0.05 0.05
1091 0.05 0.05
1092 0.05 0.05
1093 0.05 0.05
1094 0.05 0.05
1095 0.05 0.05
1096 0.05 0.05
1097 0.05 0.05
1098 0.05 0.05
1099 0.05 0.05
1100 0.05 0.05
1101 0.05 0.05
1102 0.05 0.05
1103 0.05 0.05
1104 0.05 0.05
1105 0.05 0.05
1106 0.05 0.05
1107 0.05 0.05
1108 0.05 0.05
1109 0.05 0.05
1110 0.1 0.0688247
1111 0.1 0.0688247
1112 0.1 0.0688247
1113 0.1 0.0688247
1114 0.1 0.0688247
1115 0.1 0.0688247
1116 0.1 0.0688247
1117 0.05 0.05
1118 0.05 0.05
1119 0.05 0.05
1120 0.05 0.05
1121 0.05 0.05
1122 0.05 0.05
1123 0.05 0.05
1124 0.05 0.05
1125 0.05 0.05
1126 0.05 0.05
1127 0.05 0.05
1128 0.05 0.05
1129 0.05 0.05
1130 0.05 0.05
1131 0.05 0.05
1132 0.05 0.05
1133 0.1 0.0688247
1134 0.1 0.0688247
1135 0.1 0.0688247
1136 0.1 0.0688247
1137 0.05 0.05
1138 0.05 0.05
1139 0.05 0.05
1140 0.05 0.05
1141 0.05 0.05
1142 0.1 0.0688247
1143 0.1 0.0688247
1144 0.1 0.0688247
1145 0.15 0.0819178
1146 0.15 0.0819178
1147 0.15 0.0819178
1148 0.15 0.0819178
1149 0.15 0.0819178
1150 0.15 0.0819178
1151 0.15 0.0819178
1152 0.15 0.0819178
1153 0.15 0.0819178
1154 0.15 0.0819178
1155 0.15 0.0819178
1156 0.15 0.0819178
1157 0.15 0.0819178
1158 0.15 0.0819178
1159 0.15 0.0819178
1160 0.15 0.0819178
1161 0.15 0.0819178
1162 0.15 0.0819178
1163 0.1 0.0688247
1164 0.15 0.0819178
1165 0.15 0.0819178
1166 0.15 0.0819178
1167 0.15 0.0819178
1168 0.1 0.0688247
1169 0.1 0.0688247
1170 0.1 0.0688247
1171 0.1 0.0688247
1172 0.05 0.05
1173 0.1 0.0688247
1174 0.05 0.05
1175 0.05 0.05
1176 0.05 0.05
1177 0.05 0.05
1178 0.05 0.05
1179 0.05 0.05
1180 0.05 0.05
1181 0.05 0.05
1182 0.05 0.05
1183 0.1 0.0688247
1184 0.1 0.0688247
1185 0.1 0.0688247
1186 0.1 0.0688247
1187 0.1 0.0688247
1188 0.05 0.05
1189 0.05 0.05
1190 0 0
1191 0 0
1192 0 0
1193 0 0
1194 0 0
1195 0 0
1196 0 0
1197 0 0
1198 0.05 0.05
1199 0.05 0.05
1200 0.05 0.05
1201 0.05 0.05
1202 0.05 0.05
1203 0.05 0.05
1204 0.05 0.05
1205 0.05 0.05
1206 0 0
1207 0 0
1208 0 0
1209 0 0
1210 0 0
1211 0 0
1212 0 0
1213 0 0
1214 0 0
1215 0 0
1216 0 0
1217 0 0
1218 0 0
1219 0 0
1220 0 0
1221 0 0
1222 0 0
1223 0 0
1224 0 0
1225 0 0
1226 0 0
1227 0 0
1228 0 0
1229 0 0
1230 0 0
1231 0 0
1232 0 0
1233 0 0
1234 0 0
1235 0.05 0.05
1236 0.05 0.05
1237 0.05 0.05
1238 0.05 0.05
1239 0.05 0.05
1240 0.05 0.05
1241 0.05 0.05
1242 0.05 0.05
1243 0.05 0.05
1244 0.05 0.05
1245 0.05 0.05
1246 0.05 0.05
1247 0.05 0.05
1248 0.05 0.05
1249 0.05 0.05
1250 0.1 0.0688247
1251 0.15 0.0819178
1252 0.15 0.0819178
1253 0.15 0.0819178
1254 0.15 0.0819178
1255 0.15 0.0819178
1256 0.15 0.0819178
1257 0.15 0.0819178
1258 0.15 0.0819178
1259 0.15 0.0819178
1260 0.15 0.0819178
1261 0.15 0.0819178
1262 0.15 0.0819178
1263 0.1 0.0688247
1264 0.1 0.0688247
1265 0.1 0.0688247
1266 0.1 0.0688247
1267 0.15 0.0819178
1268 0.15 0.0819178
1269 0.15 0.0819178
1270 0.1 0.0688247
1271 0.1 0.0688247
1272 0.1 0.0688247
1273 0.1 0.0688247
1274 0.1 0.0688247
1275 0.1 0.0688247
1276 0.1 0.0688247
1277 0.1 0.0688247
1278 0.1 0.0688247
1279 0.15 0.0819178
1280 0.15 0.0819178
1281 0.15 0.0819178
1282 0.15 0.0819178
1283 0.15 0.0819178
1284 0.15 0.0819178
1285 0.15 0.0819178
1286 0.15 0.0819178
1287 0.1 0.0688247
1288 0.05 0.05
1289 0.05 0.05
1290 0.05 0.05
1291 0.05 0.05
1292 0.05 0.05
1293 0.05 0.05
1294 0.05 0.05
1295 0.1 0.0688247
1296 0.15 0.0819178
1297 0.15 0.0819178
1298 0.15 0.0819178
1299 0.15 0.0819178
1300 0.2 0.0917663
1301 0.2 0.0917663
1302 0.2 0.0917663
1303 0.2 0.0917663
1304 0.2 0.0917663
1305 0.2 0.0917663
1306 0.2 0.0917663
1307 0.2 0.0917663
1308 0.2 0.0917663
1309 0.15 0.0819178
1310 0.15 0.0819178
1311 0.2 0.0917663
1312 0.2 0.0917663
1313 0.2 0.0917663
1314 0.15 0.0819178
1315 0.2 0.0917663
1316 0.2 0.0917663
1317 0.15 0.0819178
1318 0.15 0.0819178
1319 0.15 0.0819178
1320 0.15 0.0819178
1321 0.15 0.0819178
1322 0.15 0.0819178
1323 0.15 0.0819178
1324 0.15 0.0819178
1325 0.15 0.0819178
1326 0.1 0.0688247
1327 0.1 0.0688247
1328 0.1 0.0688247
1329 0.1 0.0688247
1330 0.1 0.0688247
1331 0.1 0.0688247
1332 0.1 0.0688247
1333 0.1 0.0688247
1334 0.1 0.0688247
1335 0.1 0.0688247
1336 0.1 0.0688247
1337 0.1 0.0688247
1338 0.1 0.0688247
1339 0.1 0.0688247
1340 0.1 0.0688247
1341 0.1 0.0688247
1342 0.1 0.0688247
1343 0.1 0.0688247
1344 0.05 0.05
1345 0.05 0.05
1346 0.05 0.05
1347 0.05 0.05
1348 0.05 0.05
1349 0.05 0.05
1350 0.05 0.05
1351 0.1 0.0688247
1352 0.1 0.0688247
1353 0.1 0.0688247
1354 0.1 0.0688247
1355 0.1 0.0688247
1356 0.05 0.05
1357 0.05 0.05
1358 0.05 0.05
1359 0.05 0.05
1360 0.05 0.05
1361 0.05 0.05
1362 0.05 0.05
1363 0.05 0.05
1364 0.05 0.05
1365 0.05 0.05
1366 0.05 0.05
1367 0.05 0.05
1368 0.05 0.05
1369 0 0
1370 0 0
1371 0 0
1372 0 0
1373 0 0
1374 0 0
1375 0 0
1376 0.05 0.05
1377 0.05 0.05
1378 0.05 0.05
1379 0.05 0.05
1380 0.05 0.05
1381 0.05 0.05
1382 0.05 0.05
1383 0.05 0.05
1384 0.05 0.05
1385 0.1 0.0688247
1386 0.1 0.0688247
1387 0.1 0.0688247
1388 0.1 0.0688247
1389 0.1 0.0688247
1390 0.1 0.0688247
1391 0.1 0.0688247
1392 0.15 0.0819178
1393 0.15 0.0819178
1394 0.15 0.0819178
1395 0.15 0.0819178
1396 0.15 0.0819178
1397 0.15 0.0819178
1398 0.15 0.0819178
1399 0.1 0.0688247
1400 0.1 0.0688247
1401 0.1 0.0688247
1402 0.1 0.0688247
1403 0.1 0.0688247
1404 0.1 0.0688247
1405 0.1 0.0688247
1406 0.1 0.0688247
1407 0.1 0.0688247
1408 0.1 0.0688247
1409 0.1 0.0688247
1410 0.1 0.0688247
1411 0.1 0.0688247
1412 0.1 0.0688247
1413 0.1 0.0688247
1414 0.1 0.0688247
1415 0.05 0.05
1416 0.05 0.05
1417 0.05 0.05
1418 0.05 0.05
1419 0.05 0.05
1420 0.05 0.05
1421 0.05 0.05
1422 0.05 0.05
1423 0.05 0.05
1424 0.05 0.05
1425 0.05 0.05
1426 0.05 0.05
1427 0.05 0.05
1428 0.05 0.05
1429 0.05 0.05
1430 0.05 0.05
1431 0.05 0.05
1432 0.05 0.05
1433 0.05 0.05
1434 0.05 0.05
1435 0.05 0.05
1436 0.05 0.05
1437 0.05 0.05
1438 0.1 0.0688247
1439 0.1 0.0688247
1440 0.1 0.0688247
1441 0.1 0.0688247
1442 0.1 0.0688247
1443 0.1 0.0688247
1444 0.1 0.0688247
1445 0.1 0.0688247
1446 0.15 0.0819178
1447 0.15 0.0819178
1448 0.15 0.0819178
1449 0.2 0.0917663
1450 0.2 0.0917663
1451 0.25 0.0993399
1452 0.25 0.0993399
1453 0.2 0.0917663
1454 0.2 0.0917663
1455 0.25 0.0993399
1456 0.25 0.0993399
1457 0.25 0.0993399
1458 0.25 0.0993399
1459 0.25 0.0993399
1460 0.25 0.0993399
1461 0.15 0.0819178
1462 0.15 0.0819178
1463 0.15 0.0819178
1464 0.1 0.0688247
1465 0.15 0.0819178
1466 0.15 0.0819178
1467 0.15 0.0819178
1468 0.15 0.0819178
1469 0.15 0.0819178
1470 0.15 0.0819178
1471 0.15 0.0819178
1472 0.15 0.0819178
1473 0.15 0.0819178
1474 0.15 0.0819178
1475 0.15 0.0819178
1476 0.15 0.0819178
1477 0.15 0.0819178
1478 0.15 0.0819178
1479 0.2 0.11698
1480 0.2 0.11698
1481 0.2 0.11698
1482 0.2 0.11698
1483 0.2 0.11698
1484 0.2 0.11698
1485 0.15 0.109424
1486 0.15 0.109424
1487 0.15 0.109424
1488 0.1 0.1
1489 0.1 0.1
1490 0.15 0.109424
1491 0.15 0.109424
1492 0.15 0.109424
1493 0.15 0.109424
1494 0.2 0.11698
1495 0.15 0.109424
1496 0.2 0.11698
1497 0.25 0.12301
1498 0.25 0.12301
1499 0.25 0.12301
1500 0.25 0.12301
1501 0.25 0.12301
1502 0.2 0.11698
1503 0.2 0.11698
1504 0.15 0.109424
1505 0.2 0.11698
1506 0.2 0.11698
1507 0.2 0.11698
1508 0.2 0.11698
1509 0.25 0.14281
1510 0.25 0.14281
1511 0.2 0.11698
1512 0.2 0.11698
1513 0.15 0.109424
1514 0.15 0.109424
1515 0.15 0.109424
1516 0.15 0.109424
1517 0.15 0.109424
1518 0.15 0.109424
1519 0.15 0.109424
1520 0.15 0.109424
1521 0.15 0.109424
1522 0.15 0.109424
1523 0.15 0.109424
1524 0.15 0.109424
1525 0.2 0.137649
1526 0.2 0.137649
1527 0.2 0.137649
1528 0.2 0.137649
1529 0.2 0.137649
1530 0.2 0.137649
1531 0.2 0.137649
1532 0.2 0.137649
1533 0.2 0.137649
1534 0.2 0.137649
1535 0.2 0.137649
1536 0.2 0.137649
1537 0.15 0.109424
1538 0.15 0.109424
1539 0.15 0.109424
1540 0.1 0.0688247
1541 0.05 0.05
1542 0.05 0.05
1543 0.05 0.05
1544 0.05 0.05
1545 0.05 0.05
1546 0.05 0.05
1547 0.05 0.05
1548 0.05 0.05
1549 0.05 0.05
1550 0.1 0.0688247
1551 0.1 0.0688247
1552 0.1 0.0688247
1553 0.1 0.0688247
1554 0.1 0.0688247
1555 0.1 0.0688247
1556 0.1 0.0688247
1557 0.1 0.0688247
1558 0.1 0.0688247
1559 0.1 0.0688247
1560 0.1 0.0688247
1561 0.1 0.0688247
1562 0.1 0.0688247
1563 0.15 0.0819178
1564 0.15 0.0819178
1565 0.15 0.0819178
1566 0.15 0.0819178
1567 0.15 0.0819178
1568 0.15 0.0819178
1569 0.15 0.0819178
1570 0.1 0.0688247
1571 0.1 0.0688247
1572 0.1 0.0688247
1573 0.15 0.0819178
1574 0.15 0.0819178
1575 0.15 0.0819178
1576 0.15 0.0819178
1577 0.15 0.0819178
1578 0.1 0.0688247
1579 0.15 0.0819178
1580 0.1 0.0688247
1581 0.1 0.0688247
1582 0.1 0.0688247
1583 0.1 0.0688247
1584 0.15 0.0819178
1585 0.15 0.0819178
1586 0.15 0.0819178
1587 0.15 0.0819178
1588 0.15 0.0819178
1589 0.15 0.0819178
1590 0.15 0.0819178
1591 0.15 0.0819178
1592 0.15 0.0819178
1593 0.15 0.0819178
1594 0.15 0.0819178
1595 0.1 0.0688247
1596 0.1 0.0688247
1597 0.1 0.0688247
1598 0.1 0.0688247
1599 0.1 0.0688247
1600 0.15 0.0819178
1601 0.15 0.0819178
1602 0.15 0.0819178
1603 0.15 0.0819178
1604 0.15 0.0819178
1605 0.15 0.0819178
1606 0.15 0.0819178
1607 0.1 0.0688247
1608 0.1 0.0688247
1609 0.1 0.0688247
1610 0.1 0.0688247
1611 0.1 0.0688247
1612 0.1 0.0688247
1613 0.1 0.0688247
1614 0.1 0.0688247
1615 0.1 0.0688247
1616 0.1 0.0688247
1617 0.1 0.0688247
1618 0.1 0.0688247
1619 0.1 0.0688247
1620 0.05 0.05
1621 0 0
1622 0.05 0.05
1623 0.05 0.05
1624 0.05 0.05
1625 0.05 0.05
1626 0.05 0.05
1627 0.05 0.05
1628 0.05 0.05
1629 0.05 0.05
1630 0.05 0.05
1631 0.05 0.05
1632 0.05 0.05
1633 0.05 0.05
1634 0.05 0.05
1635 0.05 0.05
1636 0.05 0.05
1637 0.05 0.05
1638 0.05 0.05
1639 0.05 0.05
1640 0.05 0.05
1641 0.05 0.05
1642 0.05 0.05
1643 0.1 0.0688247
1644 0.1 0.0688247
1645 0.1 0.0688247
1646 0.1 0.0688247
1647 0.1 0.0688247
1648 0.1 0.0688247
1649 0.05 0.05
1650 0.05 0.05
1651 0.05 0.05
1652 0.05 0.05
1653 0.05 0.05
1654 0.05 0.05
1655 0.05 0.05
1656 0.05 0.05
1657 0.1 0.0688247
1658 0.05 0.05
1659 0.05 0.05
1660 0.05 0.05
1661 0.05 0.05
1662 0.05 0.05
1663 0.05 0.05
1664 0.05 0.05
1665 0.05 0.05
1666 0.1 0.0688247
1667 0.1 0.0688247
1668 0.1 0.0688247
1669 0.1 0.0688247
1670 0.1 0.0688247
1671 0.1 0.0688247
1672 0.05 0.05
1673 0.05 0.05
1674 0.05 0.05
1675 0.05 0.05
1676 0.05 0.05
1677 0.05 0.05
1678 0.05 0.05
1679 0.1 0.0688247
1680 0.1 0.0688247
1681 0.1 0.0688247
1682 0.1 0.0688247
1683 0.1 0.0688247
1684 0.1 0.0688247
1685 0.1 0.0688247
1686 0.1 0.0688247
1687 0.1 0.0688247
1688 0.1 0.0688247
1689 0.1 0.0688247
1690 0.1 0.0688247
1691 0.1 0.0688247
1692 0.1 0.0688247
1693 0.1 0.0688247
1694 0.1 0.0688247
1695 0.15 0.0819178
1696 0.1 0.0688247
1697 0.15 0.0819178
1698 0.15 0.0819178
1699 0.1 0.0688247
1700 0.1 0.0688247
1701 0.1 0.0688247
1702 0.1 0.0688247
1703 0.1 0.0688247
1704 0.1 0.0688247
1705 0.15 0.0819178
1706 0.1 0.0688247
1707 0.1 0.0688247
1708 0.1 0.0688247
1709 0.05 0.05
1710 0.05 0.05
1711 0.05 0.05
1712 0 0
1713 0 0
1714 0 0
1715 0 0
1716 0 0
1717 0 0
1718 0 0
1719 0 0
1720 0 0
1721 0 0
1722 0 0
1723 0 0
1724 0 0
1725 0 0
1726 0 0
1727 0 0
1728 0 0
1729 0 0
1730 0 0
1731 0 0
1732 0 0
1733 0 0
1734 0 0
1735 0 0
1736 0 0
1737 0 0
1738 0 0
1739 0 0
1740 0 0
1741 0 0
1742 0 0
1743 0 0
1744 0 0
1745 0 0
1746 0 0
1747 0 0
1748 0 0
1749 0 0
1750 0 0
1751 0 0
1752 0 0
1753 0 0
1754 0 0
1755 0 0
1756 0 0
1757 0 0
1758 0 0
1759 0 0
1760 0 0
1761 0.05 0.05
1762 0 0
1763 0 0
1764 0 0
1765 0 0
1766 0 0
1767 0 0
1768 0.05 0.05
1769 0.05 0.05
1770 0.05 0.05
1771 0.05 0.05
1772 0.05 0.05
1773 0.05 0.05
1774 0.05 0.05
1775 0.05 0.05
1776 0.05 0.05
1777 0.05 0.05
1778 0.05 0.05
1779 0.05 0.05
1780 0.05 0.05
1781 0.05 0.05
1782 0.05 0.05
1783 0.05 0.05
1784 0.05 0.05
1785 0.05 0.05
1786 0 0
1787 0 0
1788 0 0
1789 0 0
1790 0 0
1791 0 0
1792 0.05 0.05
1793 0.05 0.05
1794 0.05 0.05
1795 0.05 0.05
1796 0.05 0.05
1797 0.05 0.05
1798 0.05 0.05
1799 0.05 0.05
1800 0.05 0.05
1801 0.05 0.05
1802 0.05 0.05
1803 0 0
1804 0 0
1805 0 0
1806 0 0
1807 0 0
1808 0 0
1809 0 0
1810 0 0
1811 0.05 0.05
1812 0.05 0.05
1813 0.05 0.05
1814 0.05 0.05
1815 0.05 0.05
1816 0.05 0.05
1817 0.05 0.05
1818 0.05 0.05
1819 0.05 0.05
1820 0.05 0.05
1821 0.05 0.05
1822 0.05 0.05
1823 0.05 0.05
1824 0.05 0.05
1825 0.05 0.05
1826 0.05 0.05
1827 0.05 0.05
1828 0.05 0.05
1829 0.05 0.05
1830 0.05 0.05
1831 0.05 0.05
1832 0.05 0.05
1833 0.05 0.05
1834 0.05 0.05
1835 0 0
1836 0.05 0.05
1837 0.05 0.05
1838 0.05 0.05
1839 0.05 0.05
1840 0.05 0.05
1841 0.05 0.05
1842 0.05 0.05
1843 0.05 0.05
1844 0.05 0.05
1845 0.05 0.05
1846 0.05 0.05
1847 0.05 0.05
1848 0.05 0.05
1849 0.05 0.05
1850 0.05 0.05
1851 0.05 0.05
1852 0.05 0.05
1853 0.05 0.05
1854 0.05 0.05
1855 0.05 0.05
1856 0.1 0.0688247
1857 0.1 0.0688247
1858 0.1 0.0688247
1859 0.1 0.0688247
1860 0.2 0.0917663
1861 0.15 0.0819178
1862 0.2 0.0917663
1863 0.2 0.0917663
1864 0.2 0.0917663
1865 0.2 0.0917663
1866 0.2 0.0917663
1867 0.2 0.0917663
1868 0.2 0.0917663
1869 0.15 0.0819178
1870 0.25 0.12301
1871 0.2 0.11698
1872 0.2 0.11698
1873 0.2 0.11698
1874 0.2 0.11698
1875 0.2 0.11698
1876 0.2 0.11698
1877 0.2 0.11698
1878 0.1 0.0688247
1879 0.15 0.109424
1880 0.2 0.11698
1881 0.2 0.11698
1882 0.2 0.11698
1883 0.2 0.11698
1884 0.25 0.12301
1885 0.25 0.12301
1886 0.25 0.12301
1887 0.25 0.12301
1888 0.25 0.12301
1889 0.2 0.11698
1890 0.2 0.11698
1891 0.2 0.11698
1892 0.2 0.11698
1893 0.2 0.11698
1894 0.2 0.11698
1895 0.2 0.11698
1896 0.15 0.109424
1897 0.15 0.109424
1898 0.15 0.109424
1899 0.1 0.0688247
1900 0.1 0.0688247
1901 0.15 0.0819178
1902 0.1 0.0688247
1903 0.15 0.0819178
1904 0.15 0.0819178
1905 0.15 0.0819178
1906 0.15 0.0819178
1907 0.15 0.0819178
1908 0.15 0.0819178
1909 0.15 0.0819178
1910 0.15 0.0819178
1911 0.15 0.0819178
1912 0.15 0.0819178
1913 0.15 0.0819178
1914 0.2 0.0917663
1915 0.2 0.0917663
1916 0.15 0.0819178
1917 0.15 0.0819178
1918 0.15 0.0819178
1919 0.15 0.0819178
1920 0.15 0.0819178
1921 0.1 0.0688247
1922 0.1 0.0688247
1923 0.15 0.109424
1924 0.15 0.109424
1925 0.15 0.109424
1926 0.15 0.109424
1927 0.15 0.109424
1928 0.15 0.109424
1929 0.15 0.109424
1930 0.15 0.109424
1931 0.1 0.0688247
1932 0.05 0.05
1933 0.05 0.05
1934 0.05 0.05
1935 0.05 0.05
1936 0.05 0.05
1937 0.05 0.05
1938 0.05 0.05
1939 0.05 0.05
1940 0.05 0.05
1941 0.05 0.05
1942 0.05 0.05
1943 0.05 0.05
1944 0.05 0.05
1945 0.05 0.05
1946 0.05 0.05
1947 0.05 0.05
1948 0.1 0.0688247
1949 0.1 0.0688247
1950 0.15 0.0819178
1951 0.15 0.0819178
1952 0.15 0.0819178
1953 0.15 0.0819178
1954 0.15 0.0819178
1955 0.15 0.0819178
1956 0.15 0.0819178
1957 0.15 0.0819178
1958 0.15 0.0819178
1959 0.15 0.0819178
1960 0.15 0.0819178
1961 0.15 0.0819178
1962 0.15 0.0819178
1963 0.15 0.0819178
1964 0.15 0.0819178
1965 0.1 0.0688247
1966 0.1 0.0688247
1967 0.15 0.0819178
1968 0.15 0.0819178
1969 0.1 0.0688247
1970 0.1 0.0688247
1971 0.1 0.0688247
1972 0.1 0.0688247
1973 0.1 0.0688247
1974 0.1 0.0688247
1975 0.05 0.05
1976 0.05 0.05
1977 0.05 0.05
1978 0.05 0.05
1979 0.05 0.05
1980 0.05 0.05
1981 0.05 0.05
1982 0.05 0.05
1983 0.05 0.05
1984 0.05 0.05
1985 0.05 0.05
1986 0.05 0.05
1987 0.05 0.05
1988 0.05 0.05
1989 0.05 0.05
1990 0.05 0.05
1991 0.05 0.05
1992 0.05 0.05
1993 0.05 0.05
1994 0.05 0.05
1995 0.05 0.05
1996 0.05 0.05
1997 0.1 0.0688247
1998 0.1 0.0688247
1999 0.1 0.0688247
2000 0.1 0.0688247
2001 0.1 0.0688247
2002 0.1 0.0688247
2003 0.1 0.0688247
2004 0.15 0.0819178
2005 0.15 0.0819178
2006 0.15 0.0819178
2007 0.15 0.0819178
2008 0.1 0.0688247
2009 0.1 0.0688247
2010 0.15 0.0819178
2011 0.1 0.0688247
2012 0.1 0.0688247
2013 0.1 0.0688247
2014 0.1 0.0688247
2015 0.05 0.05
2016 0.05 0.05
2017 0.05 0.05
2018 0.1 0.0688247
2019 0.1 0.0688247
2020 0.1 0.0688247
2021 0.1 0.0688247
2022 0.1 0.0688247
2023 0.1 0.0688247
2024 0.1 0.0688247
2025 0.1 0.0688247
2026 0.1 0.0688247
2027 0.1 0.0688247
2028 0.1 0.0688247
2029 0.1 0.0688247
2030 0.1 0.0688247
2031 0.15 0.0819178
2032 0.15 0.0819178
2033 0.15 0.0819178
2034 0.15 0.0819178
2035 0.15 0.0819178
2036 0.05 0.05
2037 0.05 0.05
2038 0.05 0.05
2039 0.05 0.05
2040 0.05 0.05
2041 0.05 0.05
2042 0.05 0.05
2043 0.05 0.05
2044 0.05 0.05
2045 0.05 0.05
2046 0.05 0.05
2047 0.05 0.05
2048 0.05 0.05
2049 0.05 0.05
2050 0.05 0.05
2051 0.05 0.05
2052 0.05 0.05
2053 0.05 0.05
2054 0.05 0.05
2055 0.05 0.05
2056 0.05 0.05
2057 0.05 0.05
2058 0.05 0.05
2059 0.05 0.05
2060 0.05 0.05
2061 0.05 0.05
2062 0.05 0.05
2063 0.05 0.05
2064 0.05 0.05
2065 0 0
2066 0 0
2067 0 0
2068 0 0
2069 0 0
2070 0 0
2071 0.05 0.05
2072 0.05 0.05
2073 0 0
2074 0 0
2075 0 0
2076 0 0
2077 0 0
2078 0 0
2079 0 0
2080 0 0
2081 0 0
2082 0 0
2083 0 0
2084 0 0
2085 0.05 0.05
2086 0.05 0.05
2087 0.05 0.05
2088 0.05 0.05
2089 0.05 0.05
2090 0.05 0.05
2091 0.05 0.05
2092 0.05 0.05
2093 0.1 0.0688247
2094 0.1 0.0688247
2095 0.1 0.0688247
2096 0.1 0.0688247
2097 0.1 0.0688247
2098 0.1 0.0688247
2099 0.1 0.0688247
2100 0.1 0.0688247
2101 0.1 0.0688247
2102 0.1 0.0688247
2103 0.1 0.0688247
2104 0.1 0.0688247
2105 0.1 0.0688247
2106 0.1 0.0688247
2107 0.1 0.0688247
2108 0.1 0.0688247
2109 0.05 0.05
2110 0.1 0.0688247
2111 0.1 0.0688247
2112 0.1 0.0688247
2113 0.1 0.0688247
2114 0.1 0.0688247
2115 0.1 0.0688247
2116 0.1 0.0688247
2117 0.1 0.0688247
2118 0.1 0.0688247
2119 0.1 0.0688247
2120 0.1 0.0688247
2121 0.1 0.0688247
2122 0.1 0.0688247
2123 0.1 0.0688247
2124 0.1 0.0688247
2125 0.1 0.0688247
2126 0.05 0.05
2127 0.1 0.0688247
2128 0.1 0.0688247
2129 0.1 0.0688247
2130 0.1 0.0688247
2131 0.1 0.0688247
2132 0.1 0.0688247
2133 0.1 0.0688247
2134 0.1 0.0688247
2135 0.1 0.0688247
2136 0.1 0.0688247
2137 0.15 0.0819178
2138 0.2 0.0917663
2139 0.2 0.0917663
2140 0.2 0.0917663
2141 0.2 0.0917663
2142 0.15 0.0819178
2143 0.15 0.0819178
2144 0.15 0.0819178
2145 0.15 0.0819178
2146 0.05 0.05
2147 0.1 0.0688247
2148 0.1 0.0688247
2149 0.1 0.0688247
2150 0.1 0.0688247
2151 0.1 0.0688247
2152 0.05 0.05
2153 0.1 0.0688247
2154 0.1 0.0688247
2155 0.1 0.0688247
2156 0.1 0.0688247
2157 0.1 0.0688247
2158 0.1 0.0688247
2159 0.1 0.0688247
2160 0.1 0.0688247
2161 0.05 0.05
2162 0.05 0.05
2163 0.05 0.05
2164 0.05 0.05
2165 0.05 0.05
2166 0.05 0.05
2167 0.05 0.05
2168 0 0
2169 0.05 0.05
2170 0.05 0.05
2171 0.05 0.05
2172 0.05 0.05
2173 0.05 0.05
2174 0.05 0.05
2175 0.05 0.05
2176 0.05 0.05
2177 0.05 0.05
2178 0.1 0.0688247
2179 0.1 0.0688247
2180 0.1 0.0688247
2181 0.1 0.0688247
2182 0.15 0.0819178
2183 0.15 0.0819178
2184 0.15 0.0819178
2185 0.15 0.0819178
2186 0.2 0.0917663
2187 0.2 0.0917663
2188 0.2 0.0917663
2189 0.2 0.0917663
2190 0.2 0.0917663
2191 0.2 0.0917663
2192 0.2 0.0917663
2193 0.2 0.0917663
2194 0.2 0.0917663
2195 0.15 0.0819178
2196 0.15 0.0819178
2197 0.15 0.0819178
2198 0.15 0.0819178
2199 0.15 0.0819178
2200 0.15 0.0819178
2201 0.15 0.0819178
2202 0.15 0.0819178
2203 0.15 0.0819178
2204 0.15 0.0819178
2205 0.15 0.0819178
2206 0.2 0.0917663
2207 0.2 0.0917663
2208 0.2 0.0917663
2209 0.2 0.0917663
2210 0.2 0.0917663
2211 0.2 0.0917663
2212 0.2 0.0917663
2213 0.2 0.0917663
2214 0.2 0.0917663
2215 0.2 0.0917663
2216 0.2 0.0917663
2217 0.2 0.0917663
2218 0.2 0.0917663
2219 0.2 0.0917663
2220 0.2 0.0917663
2221 0.2 0.0917663
2222 0.2 0.0917663
2223 0.2 0.0917663
2224 0.2 0.0917663
2225 0.2 0.0917663
2226 0.25 0.0993399
2227 0.25 0.0993399
2228 0.2 0.0917663
2229 0.15 0.0819178
2230 0.1 0.0688247
2231 0.1 0.0688247
2232 0.1 0.0688247
2233 0.15 0.0819178
2234 0.15 0.0819178
2235 0.15 0.0819178
2236 0.15 0.0819178
2237 0.1 0.0688247
2238 0.1 0.0688247
2239 0.1 0.0688247
2240 0.1 0.0688247
2241 0.1 0.0688247
2242 0.1 0.0688247
2243 0.1 0.0688247
2244 0.1 0.0688247
2245 0.05 0.05
2246 0.05 0.05
2247 0.05 0.05
2248 0.05 0.05
2249 0.05 0.05
2250 0.05 0.05
2251 0.05 0.05
2252 0.05 0.05
2253 0 0
2254 0 0
2255 0 0
2256 0 0
2257 0 0
2258 0 0
2259 0 0
2260 0 0
2261 0 0
2262 0 0
2263 0 0
2264 0 0
2265 0 0
2266 0 0
2267 0 0
2268 0 0
2269 0 0
2270 0 0
2271 0 0
2272 0 0
2273 0 0
2274 0 0
2275 0 0
2276 0 0
2277 0 0
2278 0 0
2279 0 0
2280 0 0
2281 0 0
2282 0 0
2283 0 0
2284 0 0
2285 0 0
2286 0.05 0.05
2287 0.05 0.05
2288 0.05 0.05
2289 0.05 0.05
2290 0.05 0.05
2291 0.05 0.05
2292 0.05 0.05
2293 0.05 0.05
2294 0.05 0.05
2295 0.05 0.05
2296 0.05 0.05
2297 0.05 0.05
2298 0.05 0.05
2299 0.05 0.05
2300 0.05 0.05
2301 0 0
2302 0 0
2303 0 0
2304 0 0
2305 0 0
2306 0 0
2307 0 0
2308 0 0
2309 0 0
2310 0 0
2311 0 0
2312 0 0
2313 0 0
2314 0 0
2315 0 0
2316 0 0
2317 0 0
2318 0 0
2319 0 0
2320 0 0
2321 0 0
2322 0 0
2323 0 0
2324 0 0
2325 0 0
2326 0 0
2327 0 0
2328 0 0
2329 0 0
2330 0 0
2331 0 0
2332 0 0
2333 0.05 0.05
2334 0.05 0.05
2335 0.05 0.05
2336 0.05 0.05
2337 0.05 0.05
2338 0.05 0.05
2339 0.05 0.05
2340 0.05 0.05
2341 0.05 0.05
2342 0.05 0.05
2343 0.05 0.05
2344 0.05 0.05
2345 0.05 0.05
2346 0.05 0.05
2347 0.05 0.05
2348 0.05 0.05
2349 0.05 0.05
2350 0.05 0.05
2351 0.05 0.05
2352 0.1 0.0688247
2353 0.1 0.0688247
2354 0.1 0.0688247
2355 0.1 0.0688247
2356 0.05 0.05
2357 0.05 0.05
2358 0.05 0.05
2359 0.05 0.05
2360 0.05 0.05
2361 0.1 0.0688247
2362 0.1 0.0688247
2363 0.15 0.0819178
2364 0.15 0.0819178
2365 0.1 0.0688247
2366 0.2 0.0917663
2367 0.2 0.0917663
2368 0.15 0.0819178
2369 0.15 0.0819178
2370 0.15 0.0819178
2371 0.15 0.0819178
2372 0.15 0.0819178
2373 0.15 0.0819178
2374 0.15 0.0819178
2375 0.15 0.0819178
2376 0.15 0.0819178
2377 0.15 0.0819178
2378 0.15 0.0819178
2379 0.15 0.0819178
2380 0.15 0.0819178
2381 0.1 0.0688247
2382 0.1 0.0688247
2383 0.1 0.0688247
2384 0.15 0.0819178
2385 0.15 0.0819178
2386 0.15 0.0819178
2387 0.15 0.0819178
2388 0.15 0.0819178
2389 0.15 0.0819178
2390 0.15 0.0819178
2391 0.15 0.0819178
2392 0.15 0.0819178
2393 0.15 0.0819178
2394 0.15 0.0819178
2395 0.15 0.0819178
2396 0.1 0.0688247
2397 0.1 0.0688247
2398 0.05 0.05
2399 0.05 0.05
2400 0.05 0.05
2401 0.05 0.05
2402 0.05 0.05
2403 0.05 0.05
2404 0.05 0.05
2405 0.05 0.05
2406 0.05 0.05
2407 0.1 0.0688247
2408 0.1 0.0688247
2409 0.1 0.0688247
2410 0.1 0.0688247
2411 0.1 0.0688247
2412 0.1 0.0688247
2413 0.15 0.0819178
2414 0.15 0.0819178
2415 0.15 0.0819178
2416 0.15 0.0819178
2417 0.15 0.0819178
2418 0.15 0.0819178
2419 0.15 0.0819178
2420 0.15 0.0819178
2421 0.15 0.0819178
2422 0.15 0.0819178
2423 0.15 0.0819178
2424 0.15 0.0819178
2425 0.15 0.0819178
2426 0.15 0.0819178
2427 0.15 0.0819178
2428 0.15 0.0819178
2429 0.15 0.0819178
2430 0.15 0.0819178
2431 0.15 0.0819178
2432 0.15 0.0819178
2433 0.15 0.0819178
2434 0.15 0.0819178
2435 0.15 0.0819178
2436 0.15 0.0819178
2437 0.15 0.0819178
2438 0.15 0.0819178
2439 0.15 0.0819178
2440 0.15 0.0819178
2441 0.15 0.0819178
2442 0.1 0.0688247
2443 0.15 0.0819178
2444 0.15 0.0819178
2445 0.15 0.0819178
2446 0.15 0.0819178
2447 0.15 0.0819178
2448 0.15 0.0819178
2449 0.15 0.0819178
2450 0.15 0.0819178
2451 0.15 0.0819178
2452 0.15 0.0819178
2453 0.15 0.0819178
2454 0.15 0.0819178
2455 0.15 0.0819178
2456 0.15 0.0819178
2457 0.15 0.0819178
2458 0.15 0.0819178
2459 0.15 0.0819178
2460 0.15 0.0819178
2461 0.15 0.0819178
2462 0.15 0.0819178
2463 0.15 0.0819178
2464 0.15 0.0819178
2465 0.15 0.0819178
2466 0.15 0.0819178
2467 0.15 0.0819178
2468 0.15 0.0819178
2469 0.1 0.0688247
2470 0.1 0.0688247
2471 0.1 0.0688247
2472 0.1 0.0688247
2473 0.1 0.0688247
2474 0.1 0.0688247
2475 0.05 0.05
2476 0.05 0.05
2477 0.1 0.0688247
2478 0.1 0.0688247
2479 0.1 0.0688247
2480 0.1 0.0688247
2481 0.1 0.0688247
2482 0.1 0.0688247
2483 0.1 0.0688247
2484 0.1 0.0688247
2485 0.1 0.0688247
2486 0.1 0.0688247
2487 0.15 0.0819178
2488 0.15 0.0819178
2489 0.15 0.0819178
2490 0.1 0.0688247
2491 0.1 0.0688247
2492 0.15 0.0819178
2493 0.15 0.0819178
2494 0.15 0.0819178
2495 0.15 0.0819178
2496 0.15 0.0819178
2497 0.15 0.0819178
2498 0.15 0.0819178
2499 0.15 0.0819178
2500 0.15 0.0819178
2501 0.1 0.0688247
2502 0.1 0.0688247
2503 0.1 0.0688247
2504 0.1 0.0688247
2505 0.1 0.0688247
2506 0.1 0.0688247
2507 0.1 0.0688247
2508 0.1 0.0688247
2509 0.1 0.0688247
2510 0.15 0.0819178
2511 0.2 0.0917663
2512 0.2 0.0917663
2513 0.15 0.0819178
2514 0.15 0.0819178
2515 0.15 0.0819178
2516 0.15 0.0819178
2517 0.15 0.0819178
2518 0.15 0.0819178
2519 0.15 0.0819178
2520 0.15 0.0819178
2521 0.15 0.0819178
2522 0.15 0.0819178
2523 0.15 0.0819178
2524 0.15 0.0819178
2525 0.15 0.0819178
2526 0.15 0.0819178
2527 0.15 0.0819178
2528 0.15 0.0819178
2529 0.15 0.0819178
2530 0.2 0.0917663
2531 0.2 0.0917663
2532 0.2 0.0917663
2533 0.2 0.0917663
2534 0.2 0.0917663
2535 0.25 0.0993399
2536 0.25 0.0993399
2537 0.2 0.0917663
2538 0.2 0.0917663
2539 0.2 0.0917663
2540 0.2 0.0917663
2541 0.25 0.0993399
2542 0.25 0.0993399
2543 0.25 0.0993399
2544 0.25 0.0993399
2545 0.25 0.0993399
2546 0.25 0.0993399
2547 0.25 0.0993399
2548 0.25 0.0993399
2549 0.25 0.0993399
2550 0.25 0.0993399
2551 0.25 0.0993399
2552 0.15 0.0819178
2553 0.15 0.0819178
2554 0.15 0.0819178
2555 0.15 0.0819178
2556 0.1 0.0688247
2557 0.1 0.0688247
2558 0.1 0.0688247
2559 0.1 0.0688247
2560 0.05 0.05
2561 0 0
2562 0 0
2563 0 0
2564 0 0
2565 0 0
2566 0 0
2567 0.05 0.05
2568 0.05 0.05
2569 0.05 0.05
2570 0.05 0.05
2571 0.1 0.0688247
2572 0.1 0.0688247
2573 0.1 0.0688247
2574 0.15 0.0819178
2575 0.15 0.0819178
2576 0.15 0.0819178
2577 0.15 0.0819178
2578 0.15 0.0819178
2579 0.15 0.0819178
2580 0.15 0.0819178
2581 0.15 0.0819178
2582 0.15 0.0819178
2583 0.15 0.0819178
2584 0.15 0.0819178
2585 0.15 0.0819178
2586 0.15 0.0819178
2587 0.15 0.0819178
2588 0.15 0.0819178
2589 0.2 0.0917663
2590 0.2 0.0917663
2591 0.2 0.0917663
2592 0.2 0.0917663
