0 0 0
1 0.45 0.153469
2 0.75 0.227977
3 1.45 0.198348
4 1.9 0.190567
5 2.05 0.223312
6 1.8 0.257519
7 1.9 0.228266
8 1.95 0.256238
9 1.6 0.255467
10 1.5 0.223607
11 1.4 0.255467
12 1.35 0.243602
13 1.2 0.304354
14 1.1 0.239517
15 0.9 0.239517
16 0.95 0.223312
17 1 0.217643
18 0.95 0.2112
19 0.95 0.234801
20 0.95 0.28539
21 0.95 0.2112
22 1 0.229416
23 0.9 0.203909
24 0.85 0.195677
25 0.85 0.195677
26 1.05 0.256238
27 1.15 0.254176
28 1 0.229416
29 0.85 0.195677
30 0.95 0.184605
31 0.85 0.220943
32 0.85 0.181731
33 0.8 0.186378
34 0.7 0.163836
35 0.6 0.11239
36 0.75 0.12301
37 0.65 0.109424
38 0.55 0.114133
39 0.4 0.11239
40 0.45 0.135239
41 0.6 0.183533
42 0.65 0.181731
43 0.65 0.195677
44 0.7 0.206474
45 0.85 0.181731
46 0.75 0.160181
47 0.85 0.181731
48 0.7 0.163836
49 0.75 0.175844
50 0.7 0.206474
51 0.7 0.206474
52 0.75 0.227977
53 0.75 0.25
54 0.65 0.195677
55 0.5 0.170139
56 0.45 0.169752
57 0.45 0.169752
58 0.5 0.184961
59 0.55 0.184605
60 0.65 0.220943
61 0.65 0.243602
62 0.6 0.222427
63 0.55 0.169752
64 0.5 0.135724
65 0.55 0.153469
66 0.5 0.184961
67 0.45 0.153469
68 0.3 0.105131
69 0.4 0.11239
70 0.35 0.109424
71 0.3 0.105131
72 0.35 0.109424
73 0.35 0.109424
74 0.4 0.133771
75 0.5 0.135724
76 0.6 0.152177
77 0.65 0.131289
78 0.65 0.15
79 0.6 0.168585
80 0.55 0.153469
81 0.55 0.153469
82 0.6 0.152177
83 0.5 0.135724
84 0.35 0.131289
85 0.5 0.153897
86 0.4 0.152177
87 0.35 0.131289
88 0.3 0.105131
89 0.35 0.109424
90 0.3 0.105131
91 0.25 0.0993399
92 0.25 0.0993399
93 0.2 0.0917663
94 0.25 0.0993399
95 0.4 0.11239
96 0.45 0.114133
97 0.5 0.114708
98 0.55 0.135239
99 0.5 0.153897
100 0.35 0.109424
101 0.35 0.109424
102 0.35 0.109424
103 0.5 0.153897
104 0.5 0.153897
105 0.5 0.153897
106 0.5 0.153897
107 0.35 0.131289
108 0.3 0.127733
109 0.25 0.0993399
110 0.15 0.0819178
111 0.15 0.0819178
112 0.15 0.0819178
113 0.3 0.127733
114 0.45 0.169752
115 0.45 0.153469
116 0.4 0.152177
117 0.45 0.153469
118 0.45 0.153469
119 0.4 0.152177
120 0.4 0.152177
121 0.4 0.152177
122 0.4 0.152177
123 0.5 0.135724
124 0.45 0.153469
125 0.5 0.170139
126 0.5 0.153897
127 0.5 0.153897
128 0.45 0.135239
129 0.5 0.153897
130 0.6 0.183533
131 0.55 0.198348
132 0.6 0.210263
133 0.6 0.197351
134 0.65 0.166623
135 0.65 0.166623
136 0.6 0.168585
137 0.55 0.153469
138 0.7 0.179179
139 0.7 0.206474
140 0.75 0.190221
141 0.7 0.179179
142 0.7 0.193309
143 0.8 0.212751
144 0.8 0.212751
145 0.75 0.216126
146 0.7 0.179179
147 0.7 0.179179
148 0.75 0.190221
149 0.65 0.166623
150 0.55 0.169752
151 0.5 0.170139
152 0.6 0.197351
153 0.6 0.197351
154 0.6 0.197351
155 0.6 0.233959
156 0.55 0.198348
157 0.6 0.233959
158 0.6 0.233959
159 0.55 0.234801
160 0.5 0.235081
161 0.65 0.208693
162 0.7 0.218849
163 0.6 0.183533
164 0.65 0.195677
165 0.6 0.197351
166 0.55 0.198348
167 0.5 0.184961
168 0.45 0.169752
169 0.4 0.152177
170 0.4 0.152177
171 0.4 0.152177
172 0.35 0.131289
173 0.3 0.127733
174 0.3 0.127733
175 0.2 0.0917663
176 0.15 0.0819178
177 0.2 0.0917663
178 0.2 0.0917663
179 0.15 0.0819178
180 0.15 0.0819178
181 0.2 0.0917663
182 0.25 0.0993399
183 0.4 0.133771
184 0.45 0.135239
185 0.4 0.152177
186 0.35 0.15
187 0.3 0.127733
188 0.3 0.127733
189 0.3 0.105131
190 0.2 0.0917663
191 0.2 0.0917663
192 0.15 0.0819178
193 0.2 0.0917663
194 0.25 0.0993399
195 0.35 0.109424
196 0.45 0.135239
197 0.55 0.169752
198 0.55 0.169752
199 0.6 0.168585
200 0.6 0.168585
201 0.5 0.135724
202 0.45 0.135239
203 0.45 0.135239
204 0.4 0.133771
205 0.5 0.170139
206 0.4 0.152177
207 0.4 0.133771
208 0.4 0.133771
209 0.55 0.153469
210 0.5 0.135724
211 0.4 0.152177
212 0.4 0.133771
213 0.4 0.152177
214 0.45 0.169752
215 0.45 0.184605
216 0.4 0.183533
217 0.4 0.197351
218 0.35 0.166623
219 0.35 0.181731
220 0.45 0.184605
221 0.45 0.153469
222 0.5 0.153897
223 0.65 0.181731
224 0.6 0.168585
225 0.55 0.2112
226 0.45 0.153469
227 0.4 0.168585
228 0.4 0.152177
229 0.4 0.168585
230 0.45 0.198348
231 0.35 0.181731
232 0.4 0.168585
233 0.35 0.131289
234 0.4 0.133771
235 0.45 0.135239
236 0.7 0.163836
237 0.6 0.152177
238 0.5 0.114708
239 0.6 0.133771
240 0.6 0.133771
241 0.65 0.131289
242 0.65 0.131289
243 0.7 0.146898
244 0.65 0.131289
245 0.6 0.11239
246 0.55 0.114133
247 0.45 0.135239
248 0.45 0.135239
249 0.55 0.169752
250 0.55 0.169752
251 0.5 0.153897
252 0.4 0.133771
253 0.35 0.131289
254 0.25 0.12301
255 0.2 0.11698
256 0.2 0.11698
257 0.2 0.11698
258 0.15 0.109424
259 0.1 0.1
260 0.15 0.109424
261 0.2 0.11698
262 0.2 0.0917663
263 0.35 0.15
264 0.4 0.133771
265 0.4 0.168585
266 0.25 0.0993399
267 0.25 0.12301
268 0.3 0.127733
269 0.25 0.12301
270 0.25 0.12301
271 0.45 0.184605
272 0.4 0.168585
273 0.4 0.168585
274 0.4 0.168585
275 0.4 0.133771
276 0.35 0.131289
277 0.35 0.131289
278 0.4 0.168585
279 0.35 0.166623
280 0.3 0.163836
281 0.3 0.127733
282 0.3 0.127733
283 0.35 0.15
284 0.35 0.15
285 0.35 0.15
286 0.35 0.15
287 0.25 0.12301
288 0.5 0.170139
289 0.4 0.133771
290 0.4 0.152177
291 0.25 0.0993399
292 0.25 0.0993399
293 0.35 0.109424
294 0.4 0.133771
295 0.45 0.135239
296 0.45 0.135239
297 0.55 0.153469
298 0.6 0.168585
299 0.65 0.166623
300 0.7 0.146898
301 0.55 0.135239
302 0.35 0.15
303 0.3 0.127733
304 0.3 0.127733
305 0.3 0.127733
306 0.45 0.153469
307 0.45 0.153469
308 0.55 0.184605
309 0.45 0.169752
310 0.5 0.135724
311 0.45 0.114133
312 0.6 0.133771
313 0.65 0.15
314 0.6 0.152177
315 0.55 0.135239
316 0.45 0.114133
317 0.35 0.109424
318 0.4 0.133771
319 0.3 0.127733
320 0.4 0.183533
321 0.3 0.179179
322 0.35 0.208693
323 0.35 0.220943
324 0.35 0.220943
325 0.4 0.244949
326 0.4 0.210263
327 0.45 0.2112
328 0.45 0.184605
329 0.45 0.184605
330 0.4 0.133771
331 0.5 0.135724
332 0.45 0.135239
333 0.45 0.135239
334 0.45 0.135239
335 0.45 0.135239
336 0.45 0.135239
337 0.5 0.153897
338 0.35 0.131289
339 0.3 0.127733
340 0.35 0.131289
341 0.3 0.127733
342 0.25 0.0993399
343 0.2 0.0917663
344 0.15 0.0819178
345 0.15 0.0819178
346 0.15 0.0819178
347 0.25 0.0993399
348 0.15 0.0819178
349 0.15 0.109424
350 0.25 0.12301
351 0.2 0.11698
352 0.3 0.127733
353 0.4 0.152177
354 0.4 0.152177
355 0.4 0.133771
356 0.5 0.170139
357 0.55 0.169752
358 0.45 0.135239
359 0.45 0.135239
360 0.3 0.105131
361 0.45 0.135239
362 0.35 0.109424
363 0.4 0.11239
364 0.3 0.127733
365 0.2 0.11698
366 0.3 0.127733
367 0.35 0.15
368 0.5 0.170139
369 0.6 0.183533
370 0.6 0.183533
371 0.6 0.183533
372 0.4 0.133771
373 0.4 0.183533
374 0.45 0.184605
375 0.5 0.184961
376 0.5 0.184961
377 0.45 0.184605
378 0.45 0.184605
379 0.5 0.184961
380 0.4 0.168585
381 0.4 0.168585
382 0.5 0.184961
383 0.65 0.208693
384 0.6 0.233959
385 0.5 0.19868
386 0.5 0.19868
387 0.55 0.234801
388 0.55 0.198348
389 0.6 0.183533
390 0.55 0.169752
391 0.5 0.153897
392 0.45 0.153469
393 0.45 0.153469
394 0.4 0.152177
395 0.35 0.131289
396 0.35 0.15
397 0.35 0.131289
398 0.35 0.131289
399 0.3 0.105131
400 0.4 0.133771
401 0.45 0.135239
402 0.4 0.133771
403 0.4 0.133771
404 0.45 0.153469
405 0.45 0.153469
406 0.5 0.170139
407 0.6 0.168585
408 0.75 0.203586
409 0.55 0.198348
410 0.55 0.169752
411 0.4 0.152177
412 0.5 0.135724
413 0.55 0.135239
414 0.75 0.160181
415 0.8 0.171679
416 0.8 0.171679
417 0.6 0.168585
418 0.5 0.19868
419 0.45 0.153469
420 0.5 0.153897
421 0.5 0.153897
422 0.55 0.153469
423 0.5 0.153897
424 0.4 0.133771
425 0.35 0.109424
426 0.35 0.109424
427 0.3 0.105131
428 0.5 0.135724
429 0.55 0.135239
430 0.45 0.135239
431 0.45 0.135239
432 0.4 0.133771
433 0.45 0.114133
434 0.55 0.135239
435 0.55 0.135239
436 0.55 0.135239
437 0.6 0.152177
438 0.45 0.135239
439 0.5 0.135724
440 0.5 0.135724
441 0.6 0.133771
442 0.55 0.135239
443 0.6 0.133771
444 0.6 0.133771
445 0.6 0.133771
446 0.55 0.135239
447 0.55 0.135239
448 0.6 0.152177
449 0.6 0.152177
450 0.55 0.135239
451 0.65 0.15
452 0.65 0.166623
453 0.7 0.193309
454 0.7 0.193309
455 0.65 0.181731
456 0.75 0.203586
457 0.7 0.163836
458 0.6 0.152177
459 0.7 0.163836
460 0.55 0.153469
461 0.5 0.135724
462 0.35 0.109424
463 0.35 0.109424
464 0.3 0.105131
465 0.25 0.0993399
466 0.35 0.109424
467 0.35 0.109424
468 0.3 0.105131
469 0.25 0.0993399
470 0.3 0.105131
471 0.3 0.105131
472 0.25 0.0993399
473 0.25 0.0993399
474 0.25 0.0993399
475 0.35 0.109424
476 0.3 0.105131
477 0.45 0.135239
478 0.45 0.153469
479 0.4 0.133771
480 0.5 0.153897
481 0.5 0.153897
482 0.4 0.152177
483 0.45 0.153469
484 0.45 0.135239
485 0.35 0.109424
486 0.3 0.105131
487 0.35 0.109424
488 0.4 0.11239
489 0.35 0.109424
490 0.35 0.109424
491 0.45 0.135239
492 0.5 0.135724
493 0.5 0.135724
494 0.55 0.169752
495 0.6 0.183533
496 0.65 0.181731
497 0.6 0.152177
498 0.5 0.135724
499 0.45 0.135239
500 0.4 0.152177
501 0.5 0.170139
502 0.4 0.152177
503 0.5 0.135724
504 0.55 0.153469
505 0.55 0.135239
506 0.5 0.135724
507 0.55 0.153469
508 0.55 0.169752
509 0.5 0.153897
510 0.65 0.181731
511 0.65 0.181731
512 0.55 0.169752
513 0.45 0.169752
514 0.5 0.153897
515 0.5 0.135724
516 0.4 0.11239
517 0.35 0.109424
518 0.4 0.11239
519 0.35 0.109424
520 0.45 0.135239
521 0.3 0.105131
522 0.35 0.109424
523 0.4 0.11239
524 0.4 0.11239
525 0.4 0.133771
526 0.5 0.135724
527 0.55 0.153469
528 0.6 0.152177
529 0.7 0.163836
530 0.55 0.153469
531 0.5 0.153897
532 0.55 0.153469
533 0.5 0.153897
534 0.45 0.153469
535 0.45 0.153469
536 0.45 0.184605
537 0.4 0.152177
538 0.4 0.152177
539 0.45 0.169752
540 0.45 0.169752
541 0.3 0.146898
542 0.3 0.127733
543 0.3 0.127733
544 0.4 0.183533
545 0.35 0.131289
546 0.25 0.0993399
547 0.3 0.105131
548 0.35 0.131289
549 0.25 0.0993399
550 0.15 0.0819178
551 0.3 0.105131
552 0.3 0.127733
553 0.3 0.146898
554 0.25 0.14281
555 0.45 0.169752
556 0.5 0.170139
557 0.45 0.169752
558 0.4 0.133771
559 0.55 0.135239
560 0.45 0.114133
561 0.5 0.135724
562 0.5 0.135724
563 0.45 0.135239
564 0.4 0.133771
565 0.5 0.153897
566 0.45 0.153469
567 0.45 0.135239
568 0.4 0.133771
569 0.45 0.184605
570 0.45 0.223312
571 0.45 0.223312
572 0.4 0.183533
573 0.4 0.152177
574 0.3 0.127733
575 0.4 0.133771
576 0.5 0.135724
577 0.55 0.135239
578 0.55 0.153469
579 0.5 0.153897
580 0.4 0.11239
581 0.45 0.135239
582 0.45 0.135239
583 0.5 0.135724
584 0.45 0.153469
585 0.4 0.133771
586 0.45 0.153469
587 0.55 0.169752
588 0.4 0.152177
589 0.5 0.184961
590 0.4 0.168585
591 0.5 0.170139
592 0.4 0.133771
593 0.4 0.11239
594 0.45 0.135239
595 0.55 0.153469
596 0.45 0.114133
597 0.5 0.114708
598 0.55 0.114133
599 0.5 0.135724
600 0.6 0.152177
601 0.5 0.153897
602 0.4 0.152177
603 0.35 0.131289
604 0.35 0.109424
605 0.5 0.135724
606 0.5 0.135724
607 0.35 0.109424
608 0.4 0.133771
609 0.45 0.169752
610 0.65 0.181731
611 0.6 0.168585
612 0.55 0.153469
613 0.55 0.153469
614 0.55 0.169752
615 0.7 0.163836
616 0.65 0.131289
617 0.45 0.135239
618 0.45 0.153469
619 0.45 0.169752
620 0.45 0.135239
621 0.4 0.11239
622 0.4 0.11239
623 0.4 0.11239
624 0.5 0.135724
625 0.4 0.11239
626 0.25 0.0993399
627 0.25 0.0993399
628 0.2 0.0917663
629 0.25 0.12301
630 0.3 0.127733
631 0.35 0.131289
632 0.4 0.133771
633 0.4 0.152177
634 0.35 0.15
635 0.4 0.168585
636 0.35 0.15
637 0.45 0.169752
638 0.4 0.152177
639 0.35 0.15
640 0.35 0.15
641 0.45 0.184605
642 0.35 0.166623
643 0.2 0.0917663
644 0.15 0.0819178
645 0.15 0.0819178
646 0.15 0.0819178
647 0.1 0.0688247
648 0.1 0.0688247
649 0.2 0.0917663
650 0.2 0.0917663
651 0.15 0.0819178
652 0.15 0.0819178
653 0.15 0.0819178
654 0.4 0.133771
655 0.35 0.15
656 0.35 0.166623
657 0.45 0.169752
658 0.5 0.170139
659 0.7 0.179179
660 0.7 0.179179
661 0.65 0.166623
662 0.7 0.193309
663 0.6 0.168585
664 0.6 0.183533
665 0.7 0.193309
666 0.65 0.195677
667 0.65 0.166623
668 0.65 0.166623
669 0.35 0.109424
670 0.45 0.135239
671 0.35 0.131289
672 0.35 0.131289
673 0.4 0.133771
674 0.5 0.135724
675 0.45 0.135239
676 0.3 0.105131
677 0.25 0.0993399
678 0.3 0.105131
679 0.3 0.105131
680 0.25 0.0993399
681 0.25 0.12301
682 0.3 0.127733
683 0.3 0.127733
684 0.4 0.152177
685 0.25 0.14281
686 0.25 0.14281
687 0.35 0.15
688 0.4 0.133771
689 0.6 0.152177
690 0.55 0.153469
691 0.55 0.135239
692 0.5 0.114708
693 0.45 0.114133
694 0.45 0.114133
695 0.5 0.114708
696 0.5 0.114708
697 0.4 0.11239
698 0.4 0.11239
699 0.35 0.109424
700 0.5 0.135724
701 0.45 0.153469
702 0.5 0.153897
703 0.4 0.133771
704 0.45 0.135239
705 0.25 0.0993399
706 0.35 0.15
707 0.4 0.152177
708 0.3 0.127733
709 0.25 0.0993399
710 0.3 0.105131
711 0.25 0.0993399
712 0.25 0.0993399
713 0.35 0.131289
714 0.4 0.133771
715 0.35 0.131289
716 0.35 0.109424
717 0.35 0.131289
718 0.4 0.133771
719 0.4 0.168585
720 0.55 0.198348
721 0.6 0.210263
722 0.5 0.211511
723 0.45 0.184605
724 0.4 0.183533
725 0.25 0.12301
726 0.25 0.12301
727 0.3 0.127733
728 0.25 0.0993399
729 0.2 0.0917663
730 0.2 0.0917663
731 0.25 0.0993399
732 0.2 0.0917663
733 0.2 0.0917663
734 0.2 0.0917663
735 0.2 0.0917663
736 0.2 0.0917663
737 0.2 0.0917663
738 0.15 0.0819178
739 0.15 0.0819178
740 0.2 0.0917663
741 0.15 0.0819178
742 0.15 0.0819178
743 0.1 0.0688247
744 0.1 0.0688247
745 0.05 0.05
746 0.05 0.05
747 0.1 0.0688247
748 0.1 0.0688247
749 0.1 0.1
750 0.1 0.1
751 0.15 0.15
752 0.05 0.05
753 0 0
754 0.05 0.05
755 0.05 0.05
756 0.05 0.05
757 0.1 0.0688247
758 0.1 0.0688247
759 0.2 0.0917663
760 0.2 0.11698
761 0.4 0.133771
762 0.35 0.131289
763 0.3 0.105131
764 0.35 0.131289
765 0.5 0.170139
766 0.5 0.170139
767 0.55 0.153469
768 0.5 0.135724
769 0.5 0.135724
770 0.5 0.153897
771 0.45 0.135239
772 0.5 0.153897
773 0.65 0.166623
774 0.65 0.166623
775 0.55 0.153469
776 0.6 0.152177
777 0.5 0.135724
778 0.45 0.135239
779 0.45 0.135239
780 0.35 0.131289
781 0.25 0.0993399
782 0.15 0.0819178
783 0.15 0.0819178
784 0.2 0.0917663
785 0.15 0.0819178
786 0.15 0.109424
787 0.25 0.0993399
788 0.3 0.127733
789 0.4 0.133771
790 0.3 0.105131
791 0.35 0.131289
792 0.4 0.133771
793 0.5 0.135724
794 0.6 0.152177
795 0.65 0.166623
796 0.65 0.15
797 0.7 0.146898
798 0.7 0.146898
799 0.75 0.160181
800 0.75 0.160181
801 0.6 0.152177
802 0.55 0.135239
803 0.6 0.152177
804 0.65 0.166623
805 0.55 0.153469
806 0.5 0.114708
807 0.4 0.11239
808 0.3 0.105131
809 0.35 0.109424
810 0.5 0.135724
811 0.55 0.135239
812 0.55 0.153469
813 0.4 0.133771
814 0.35 0.131289
815 0.45 0.153469
816 0.5 0.170139
817 0.4 0.133771
818 0.35 0.131289
819 0.3 0.127733
820 0.35 0.131289
821 0.4 0.152177
822 0.45 0.153469
823 0.5 0.135724
824 0.55 0.169752
825 0.45 0.153469
826 0.4 0.133771
827 0.45 0.169752
828 0.35 0.131289
829 0.4 0.152177
830 0.5 0.153897
831 0.4 0.152177
832 0.4 0.152177
833 0.4 0.133771
834 0.35 0.109424
835 0.4 0.11239
836 0.35 0.109424
837 0.35 0.109424
838 0.35 0.109424
839 0.5 0.114708
840 0.4 0.11239
841 0.45 0.135239
842 0.4 0.152177
843 0.3 0.127733
844 0.3 0.127733
845 0.25 0.12301
846 0.2 0.11698
847 0.3 0.127733
848 0.3 0.127733
849 0.25 0.12301
850 0.3 0.127733
851 0.3 0.127733
852 0.35 0.131289
853 0.45 0.135239
854 0.5 0.135724
855 0.6 0.168585
856 0.45 0.153469
857 0.35 0.131289
858 0.3 0.105131
859 0.3 0.105131
860 0.2 0.11698
861 0.3 0.127733
862 0.25 0.0993399
863 0.2 0.0917663
864 0.25 0.0993399
865 0.25 0.12301
866 0.3 0.127733
867 0.4 0.133771
868 0.45 0.153469
869 0.5 0.153897
870 0.5 0.153897
871 0.5 0.153897
872 0.45 0.114133
873 0.5 0.135724
874 0.5 0.135724
875 0.5 0.135724
876 0.45 0.153469
877 0.35 0.131289
878 0.4 0.133771
879 0.5 0.153897
880 0.55 0.184605
881 0.5 0.170139
882 0.5 0.135724
883 0.5 0.135724
884 0.45 0.135239
885 0.5 0.153897
886 0.55 0.135239
887 0.5 0.135724
888 0.5 0.153897
889 0.55 0.153469
890 0.4 0.133771
891 0.4 0.152177
892 0.4 0.152177
893 0.4 0.168585
894 0.35 0.166623
895 0.4 0.168585
896 0.5 0.19868
897 0.55 0.2112
898 0.55 0.2112
899 0.35 0.208693
900 0.45 0.223312
901 0.4 0.222427
902 0.35 0.220943
903 0.4 0.222427
904 0.35 0.208693
905 0.3 0.206474
906 0.25 0.160181
907 0.35 0.166623
908 0.4 0.168585
909 0.4 0.168585
910 0.4 0.168585
911 0.45 0.135239
912 0.5 0.153897
913 0.45 0.184605
914 0.4 0.133771
915 0.35 0.131289
916 0.5 0.135724
917 0.55 0.153469
918 0.6 0.152177
919 0.65 0.166623
920 0.65 0.15
921 0.6 0.133771
922 0.65 0.131289
923 0.6 0.11239
924 0.65 0.131289
925 0.65 0.131289
926 0.6 0.11239
927 0.6 0.133771
928 0.75 0.190221
929 0.65 0.166623
930 0.7 0.193309
931 0.7 0.206474
932 0.75 0.203586
933 0.8 0.2
934 0.75 0.175844
935 0.75 0.175844
936 0.55 0.153469
937 0.5 0.153897
938 0.5 0.153897
939 0.35 0.131289
940 0.3 0.105131
941 0.45 0.135239
942 0.3 0.105131
943 0.3 0.127733
944 0.25 0.12301
945 0.3 0.163836
946 0.3 0.163836
947 0.25 0.12301
948 0.25 0.0993399
949 0.4 0.133771
950 0.5 0.170139
951 0.65 0.181731
952 0.65 0.181731
953 0.55 0.184605
954 0.55 0.153469
955 0.35 0.131289
956 0.35 0.131289
957 0.55 0.135239
958 0.5 0.135724
959 0.45 0.135239
960 0.4 0.11239
961 0.5 0.135724
962 0.65 0.166623
963 0.65 0.166623
964 0.8 0.155597
965 0.7 0.146898
966 0.7 0.146898
967 0.7 0.146898
968 0.7 0.146898
969 0.65 0.15
970 0.65 0.166623
971 0.7 0.179179
972 0.75 0.175844
973 0.7 0.163836
974 0.65 0.166623
975 0.8 0.186378
976 0.7 0.163836
977 0.7 0.146898
978 0.65 0.15
979 0.6 0.168585
980 0.5 0.184961
981 0.55 0.2112
982 0.6 0.222427
983 0.45 0.198348
984 0.45 0.198348
985 0.5 0.184961
986 0.3 0.127733
987 0.2 0.11698
988 0.25 0.160181
989 0.35 0.166623
990 0.4 0.168585
991 0.35 0.15
992 0.35 0.131289
993 0.4 0.152177
994 0.3 0.127733
995 0.2 0.11698
996 0.25 0.14281
997 0.3 0.127733
998 0.35 0.15
999 0.55 0.169752
1000 0.5 0.170139
1001 0.5 0.135724
1002 0.5 0.135724
1003 0.6 0.210263
1004 0.5 0.153897
1005 0.45 0.153469
1006 0.4 0.152177
1007 0.4 0.168585
1008 0.65 0.181731
1009 0.6 0.222427
1010 0.65 0.264326
1011 0.75 0.270234
1012 0.7 0.317059
1013 0.7 0.23056
1014 0.65 0.220943
1015 0.65 0.181731
1016 0.7 0.193309
1017 0.7 0.206474
1018 0.65 0.208693
1019 0.65 0.208693
1020 0.75 0.203586
1021 0.5 0.153897
1022 0.5 0.153897
1023 0.5 0.153897
1024 0.55 0.169752
1025 0.45 0.153469
1026 0.55 0.169752
1027 0.55 0.153469
1028 0.4 0.11239
1029 0.45 0.114133
1030 0.5 0.153897
1031 0.5 0.135724
1032 0.5 0.135724
1033 0.5 0.135724
1034 0.4 0.11239
1035 0.35 0.109424
1036 0.55 0.135239
1037 0.55 0.135239
1038 0.55 0.153469
1039 0.65 0.181731
1040 0.7 0.179179
1041 0.7 0.163836
1042 0.75 0.175844
1043 0.6 0.183533
1044 0.65 0.181731
1045 0.55 0.135239
1046 0.6 0.152177
1047 0.75 0.190221
1048 0.7 0.218849
1049 0.65 0.243602
1050 0.6 0.210263
1051 0.45 0.184605
1052 0.5 0.184961
1053 0.45 0.184605
1054 0.45 0.184605
1055 0.4 0.168585
1056 0.45 0.169752
1057 0.45 0.169752
1058 0.4 0.133771
1059 0.3 0.105131
1060 0.25 0.0993399
1061 0.2 0.0917663
1062 0.25 0.0993399
1063 0.25 0.0993399
1064 0.2 0.0917663
1065 0.25 0.0993399
1066 0.25 0.0993399
1067 0.25 0.0993399
1068 0.25 0.0993399
1069 0.35 0.109424
1070 0.25 0.0993399
1071 0.4 0.133771
1072 0.55 0.169752
1073 0.45 0.153469
1074 0.45 0.153469
1075 0.4 0.168585
1076 0.35 0.15
1077 0.3 0.146898
1078 0.25 0.14281
1079 0.3 0.127733
1080 0.3 0.127733
1081 0.25 0.0993399
1082 0.35 0.109424
1083 0.35 0.109424
1084 0.4 0.11239
1085 0.5 0.135724
1086 0.5 0.135724
1087 0.55 0.153469
1088 0.45 0.135239
1089 0.45 0.153469
1090 0.5 0.135724
1091 0.4 0.11239
1092 0.4 0.133771
1093 0.4 0.133771
1094 0.3 0.127733
1095 0.35 0.131289
1096 0.35 0.131289
1097 0.4 0.152177
1098 0.4 0.152177
1099 0.45 0.184605
1100 0.5 0.184961
1101 0.45 0.184605
1102 0.45 0.184605
1103 0.3 0.105131
1104 0.3 0.127733
1105 0.3 0.127733
1106 0.4 0.133771
1107 0.45 0.135239
1108 0.45 0.114133
1109 0.45 0.114133
1110 0.4 0.133771
1111 0.45 0.135239
1112 0.55 0.153469
1113 0.5 0.153897
1114 0.5 0.135724
1115 0.4 0.11239
1116 0.4 0.133771
1117 0.4 0.11239
1118 0.4 0.11239
1119 0.35 0.131289
1120 0.25 0.12301
1121 0.2 0.11698
1122 0.35 0.131289
1123 0.45 0.135239
1124 0.55 0.169752
1125 0.55 0.169752
1126 0.45 0.135239
1127 0.35 0.109424
1128 0.4 0.11239
1129 0.5 0.114708
1130 0.5 0.135724
1131 0.55 0.135239
1132 0.6 0.152177
1133 0.65 0.15
1134 0.7 0.163836
1135 0.75 0.160181
1136 0.75 0.175844
1137 0.7 0.179179
1138 0.6 0.168585
1139 0.65 0.195677
1140 0.6 0.183533
1141 0.55 0.184605
1142 0.5 0.153897
1143 0.6 0.168585
1144 0.5 0.153897
1145 0.45 0.153469
1146 0.55 0.153469
1147 0.6 0.152177
1148 0.45 0.153469
1149 0.3 0.146898
1150 0.4 0.197351
1151 0.25 0.12301
1152 0.15 0.0819178
1153 0.25 0.0993399
1154 0.3 0.127733
1155 0.35 0.109424
1156 0.45 0.114133
1157 0.45 0.114133
1158 0.65 0.181731
1159 0.6 0.183533
1160 0.6 0.183533
1161 0.65 0.208693
1162 0.65 0.181731
1163 0.75 0.216126
1164 0.6 0.197351
1165 0.55 0.198348
1166 0.7 0.206474
1167 0.5 0.170139
1168 0.4 0.133771
1169 0.25 0.0993399
1170 0.25 0.0993399
1171 0.2 0.0917663
1172 0.2 0.0917663
1173 0.3 0.105131
1174 0.4 0.152177
1175 0.5 0.19868
1176 0.55 0.198348
1177 0.5 0.19868
1178 0.4 0.152177
1179 0.45 0.153469
1180 0.4 0.152177
1181 0.4 0.152177
1182 0.45 0.153469
1183 0.4 0.133771
1184 0.55 0.135239
1185 0.55 0.135239
1186 0.6 0.133771
1187 0.6 0.133771
1188 0.6 0.133771
1189 0.55 0.135239
1190 0.55 0.135239
1191 0.55 0.135239
1192 0.55 0.153469
1193 0.6 0.152177
1194 0.65 0.15
1195 0.7 0.163836
1196 0.7 0.179179
1197 0.75 0.175844
1198 0.5 0.170139
1199 0.4 0.133771
1200 0.45 0.135239
1201 0.55 0.153469
1202 0.4 0.133771
1203 0.4 0.133771
1204 0.45 0.153469
1205 0.55 0.153469
1206 0.45 0.135239
1207 0.4 0.133771
1208 0.4 0.11239
1209 0.45 0.135239
1210 0.5 0.114708
1211 0.45 0.135239
1212 0.6 0.152177
1213 0.7 0.179179
1214 0.65 0.166623
1215 0.7 0.193309
1216 0.6 0.197351
1217 0.45 0.135239
1218 0.4 0.11239
1219 0.6 0.183533
1220 0.45 0.135239
1221 0.7 0.218849
1222 0.6 0.152177
1223 0.65 0.15
1224 0.6 0.133771
1225 0.5 0.135724
1226 0.55 0.114133
1227 0.65 0.131289
1228 0.75 0.160181
1229 0.55 0.114133
1230 0.65 0.166623
1231 0.55 0.135239
1232 0.7 0.179179
1233 0.75 0.175844
1234 0.7 0.163836
1235 0.7 0.163836
1236 0.65 0.181731
1237 0.6 0.183533
1238 0.65 0.181731
1239 0.6 0.168585
1240 0.4 0.11239
1241 0.4 0.11239
1242 0.25 0.0993399
1243 0.3 0.105131
1244 0.3 0.105131
1245 0.2 0.0917663
1246 0.2 0.0917663
1247 0.2 0.0917663
1248 0.25 0.0993399
1249 0.25 0.0993399
1250 0.3 0.105131
1251 0.3 0.105131
1252 0.35 0.109424
1253 0.4 0.11239
1254 0.45 0.135239
1255 0.4 0.133771
1256 0.4 0.133771
1257 0.45 0.169752
1258 0.5 0.170139
1259 0.5 0.19868
1260 0.6 0.183533
1261 0.7 0.218849
1262 0.65 0.181731
1263 0.65 0.195677
1264 0.55 0.198348
1265 0.4 0.133771
1266 0.3 0.127733
1267 0.3 0.127733
1268 0.15 0.0819178
1269 0.15 0.0819178
1270 0.2 0.0917663
1271 0.25 0.0993399
1272 0.3 0.127733
1273 0.3 0.127733
1274 0.3 0.105131
1275 0.3 0.105131
1276 0.35 0.109424
1277 0.45 0.135239
1278 0.45 0.153469
1279 0.35 0.131289
1280 0.3 0.127733
1281 0.4 0.152177
1282 0.3 0.105131
1283 0.25 0.0993399
1284 0.3 0.127733
1285 0.35 0.109424
1286 0.45 0.135239
1287 0.5 0.153897
1288 0.35 0.131289
1289 0.25 0.0993399
1290 0.15 0.0819178
1291 0.25 0.0993399
1292 0.4 0.133771
1293 0.3 0.146898
1294 0.4 0.152177
1295 0.45 0.153469
1296 0.45 0.135239
1297 0.3 0.127733
1298 0.3 0.105131
1299 0.45 0.153469
1300 0.45 0.153469
1301 0.4 0.133771
1302 0.55 0.169752
1303 0.5 0.153897
1304 0.5 0.153897
1305 0.6 0.183533
1306 0.5 0.184961
1307 0.5 0.184961
1308 0.45 0.184605
1309 0.45 0.184605
1310 0.5 0.19868
1311 0.5 0.170139
1312 0.5 0.170139
1313 0.5 0.170139
1314 0.45 0.153469
1315 0.55 0.184605
1316 0.5 0.170139
1317 0.45 0.135239
1318 0.45 0.135239
1319 0.55 0.169752
1320 0.5 0.153897
1321 0.45 0.153469
1322 0.3 0.105131
1323 0.3 0.105131
1324 0.25 0.0993399
1325 0.15 0.0819178
1326 0.2 0.11698
1327 0.3 0.146898
1328 0.3 0.146898
1329 0.4 0.152177
1330 0.4 0.133771
1331 0.35 0.109424
1332 0.4 0.11239
1333 0.35 0.109424
1334 0.3 0.105131
1335 0.4 0.11239
1336 0.45 0.135239
1337 0.4 0.133771
1338 0.5 0.153897
1339 0.5 0.153897
1340 0.5 0.153897
1341 0.5 0.114708
1342 0.3 0.105131
1343 0.3 0.105131
1344 0.4 0.133771
1345 0.4 0.133771
1346 0.45 0.135239
1347 0.35 0.109424
1348 0.15 0.0819178
1349 0.2 0.0917663
1350 0.2 0.0917663
1351 0.2 0.0917663
1352 0.25 0.0993399
1353 0.25 0.0993399
1354 0.2 0.0917663
1355 0.2 0.137649
1356 0.3 0.127733
1357 0.35 0.109424
1358 0.45 0.135239
1359 0.4 0.11239
1360 0.4 0.11239
1361 0.25 0.0993399
1362 0.2 0.0917663
1363 0.25 0.0993399
1364 0.4 0.133771
1365 0.4 0.133771
1366 0.4 0.11239
1367 0.4 0.11239
1368 0.4 0.11239
1369 0.45 0.135239
1370 0.5 0.153897
1371 0.4 0.152177
1372 0.3 0.127733
1373 0.35 0.15
1374 0.4 0.133771
1375 0.3 0.127733
1376 0.3 0.127733
1377 0.4 0.133771
1378 0.4 0.133771
1379 0.5 0.153897
1380 0.45 0.153469
1381 0.45 0.184605
1382 0.45 0.184605
1383 0.4 0.133771
1384 0.4 0.152177
1385 0.35 0.15
1386 0.35 0.15
1387 0.25 0.0993399
1388 0.35 0.131289
1389 0.3 0.127733
1390 0.25 0.12301
1391 0.35 0.109424
1392 0.45 0.153469
1393 0.45 0.153469
1394 0.45 0.153469
1395 0.4 0.133771
1396 0.35 0.131289
1397 0.35 0.131289
1398 0.35 0.131289
1399 0.35 0.131289
1400 0.4 0.133771
1401 0.45 0.135239
1402 0.45 0.135239
1403 0.4 0.133771
1404 0.35 0.131289
1405 0.3 0.105131
1406 0.3 0.105131
1407 0.45 0.135239
1408 0.45 0.135239
1409 0.5 0.135724
1410 0.5 0.135724
1411 0.6 0.152177
1412 0.7 0.179179
1413 0.6 0.168585
1414 0.55 0.135239
1415 0.5 0.135724
1416 0.45 0.135239
1417 0.45 0.135239
1418 0.45 0.135239
1419 0.45 0.114133
1420 0.6 0.133771
1421 0.65 0.131289
1422 0.45 0.135239
1423 0.55 0.135239
1424 0.45 0.114133
1425 0.5 0.114708
1426 0.55 0.114133
1427 0.7 0.127733
1428 0.7 0.127733
1429 0.6 0.133771
1430 0.55 0.135239
1431 0.65 0.15
1432 0.55 0.153469
1433 0.55 0.169752
1434 0.4 0.133771
1435 0.45 0.135239
1436 0.45 0.153469
1437 0.6 0.197351
1438 0.5 0.184961
1439 0.5 0.153897
1440 0.4 0.152177
1441 0.5 0.170139
1442 0.55 0.169752
1443 0.45 0.153469
1444 0.45 0.153469
1445 0.5 0.153897
1446 0.4 0.133771
1447 0.45 0.153469
1448 0.55 0.169752
1449 0.6 0.168585
1450 0.6 0.168585
1451 0.65 0.181731
1452 0.6 0.197351
1453 0.5 0.170139
1454 0.45 0.169752
1455 0.4 0.152177
1456 0.5 0.153897
1457 0.6 0.152177
1458 0.7 0.193309
1459 0.65 0.181731
1460 0.55 0.153469
1461 0.45 0.135239
1462 0.4 0.133771
1463 0.4 0.152177
1464 0.35 0.131289
1465 0.35 0.131289
1466 0.35 0.131289
1467 0.4 0.133771
1468 0.5 0.184961
1469 0.45 0.169752
1470 0.35 0.131289
1471 0.35 0.15
1472 0.3 0.146898
1473 0.35 0.15
1474 0.35 0.15
1475 0.4 0.152177
1476 0.55 0.223312
1477 0.5 0.135724
1478 0.45 0.135239
1479 0.45 0.135239
1480 0.6 0.152177
1481 0.65 0.15
1482 0.7 0.163836
1483 0.75 0.190221
1484 0.75 0.203586
1485 0.7 0.146898
1486 0.65 0.15
1487 0.7 0.193309
1488 0.85 0.220943
1489 0.7 0.193309
1490 0.65 0.166623
1491 0.6 0.152177
1492 0.55 0.153469
1493 0.55 0.135239
1494 0.55 0.135239
1495 0.65 0.166623
1496 0.55 0.184605
1497 0.7 0.163836
1498 0.55 0.135239
1499 0.6 0.133771
1500 0.55 0.114133
1501 0.55 0.114133
1502 0.6 0.152177
1503 0.6 0.183533
1504 0.65 0.166623
1505 0.7 0.146898
1506 0.6 0.152177
1507 0.55 0.135239
1508 0.5 0.135724
1509 0.45 0.153469
1510 0.5 0.153897
1511 0.45 0.114133
1512 0.4 0.133771
1513 0.55 0.135239
1514 0.55 0.114133
1515 0.6 0.133771
1516 0.6 0.152177
1517 0.45 0.114133
1518 0.45 0.114133
1519 0.5 0.114708
1520 0.45 0.114133
1521 0.4 0.11239
1522 0.45 0.169752
1523 0.4 0.168585
1524 0.35 0.131289
1525 0.3 0.105131
1526 0.4 0.11239
1527 0.4 0.11239
1528 0.45 0.135239
1529 0.45 0.135239
1530 0.45 0.135239
1531 0.45 0.135239
1532 0.55 0.153469
1533 0.45 0.135239
1534 0.4 0.133771
1535 0.4 0.133771
1536 0.5 0.153897
1537 0.6 0.152177
1538 0.65 0.15
1539 0.8 0.155597
1540 0.65 0.131289
1541 0.65 0.131289
1542 0.55 0.135239
1543 0.6 0.168585
1544 0.7 0.193309
1545 0.7 0.206474
1546 0.55 0.135239
1547 0.5 0.135724
1548 0.6 0.168585
1549 0.5 0.114708
1550 0.5 0.114708
1551 0.55 0.114133
1552 0.55 0.114133
1553 0.5 0.114708
1554 0.45 0.114133
1555 0.35 0.109424
1556 0.3 0.105131
1557 0.2 0.0917663
1558 0.3 0.105131
1559 0.3 0.105131
1560 0.35 0.109424
1561 0.4 0.133771
1562 0.45 0.135239
1563 0.6 0.183533
1564 0.75 0.203586
1565 0.7 0.179179
1566 0.7 0.193309
1567 0.55 0.153469
1568 0.6 0.152177
1569 0.6 0.152177
1570 0.6 0.168585
1571 0.55 0.153469
1572 0.7 0.146898
1573 0.6 0.133771
1574 0.55 0.135239
1575 0.55 0.114133
1576 0.65 0.131289
1577 0.7 0.146898
1578 0.5 0.153897
1579 0.5 0.184961
1580 0.55 0.2112
1581 0.65 0.208693
1582 0.6 0.183533
1583 0.45 0.153469
1584 0.4 0.152177
1585 0.4 0.152177
1586 0.35 0.15
1587 0.35 0.15
1588 0.4 0.133771
1589 0.4 0.11239
1590 0.35 0.109424
1591 0.4 0.11239
1592 0.35 0.109424
1593 0.45 0.114133
1594 0.45 0.114133
1595 0.55 0.135239
1596 0.55 0.153469
1597 0.5 0.153897
1598 0.55 0.184605
1599 0.35 0.131289
1600 0.35 0.131289
1601 0.4 0.133771
1602 0.45 0.114133
1603 0.35 0.109424
1604 0.35 0.109424
1605 0.3 0.105131
1606 0.25 0.0993399
1607 0.3 0.105131
1608 0.4 0.133771
1609 0.4 0.133771
1610 0.45 0.135239
1611 0.45 0.135239
1612 0.35 0.109424
1613 0.25 0.0993399
1614 0.25 0.0993399
1615 0.15 0.0819178
1616 0.2 0.0917663
1617 0.25 0.0993399
1618 0.3 0.105131
1619 0.4 0.11239
1620 0.5 0.135724
1621 0.45 0.114133
1622 0.45 0.114133
1623 0.6 0.152177
1624 0.7 0.163836
1625 0.6 0.152177
1626 0.65 0.15
1627 0.65 0.15
1628 0.55 0.114133
1629 0.5 0.114708
1630 0.55 0.135239
1631 0.55 0.153469
1632 0.5 0.135724
1633 0.55 0.153469
1634 0.45 0.169752
1635 0.45 0.169752
1636 0.5 0.153897
1637 0.5 0.135724
1638 0.45 0.135239
1639 0.5 0.153897
1640 0.45 0.135239
1641 0.35 0.109424
1642 0.35 0.109424
1643 0.4 0.133771
1644 0.4 0.133771
1645 0.35 0.131289
1646 0.2 0.0917663
1647 0.15 0.0819178
1648 0.2 0.0917663
1649 0.2 0.0917663
1650 0.25 0.0993399
1651 0.3 0.105131
1652 0.3 0.105131
1653 0.35 0.131289
1654 0.3 0.127733
1655 0.3 0.127733
1656 0.35 0.15
1657 0.45 0.153469
1658 0.4 0.11239
1659 0.3 0.105131
1660 0.35 0.131289
1661 0.3 0.105131
1662 0.25 0.0993399
1663 0.2 0.0917663
1664 0.25 0.0993399
1665 0.3 0.105131
1666 0.45 0.135239
1667 0.45 0.153469
1668 0.4 0.133771
1669 0.3 0.105131
1670 0.4 0.11239
1671 0.45 0.135239
1672 0.45 0.135239
1673 0.4 0.133771
1674 0.3 0.105131
1675 0.45 0.135239
1676 0.35 0.131289
1677 0.25 0.12301
1678 0.35 0.131289
1679 0.35 0.15
1680 0.35 0.15
1681 0.35 0.15
1682 0.4 0.168585
1683 0.4 0.11239
1684 0.5 0.135724
1685 0.45 0.135239
1686 0.4 0.133771
1687 0.4 0.133771
1688 0.4 0.133771
1689 0.35 0.109424
1690 0.4 0.11239
1691 0.4 0.11239
1692 0.45 0.114133
1693 0.5 0.114708
1694 0.45 0.114133
1695 0.5 0.114708
1696 0.55 0.114133
1697 0.55 0.114133
1698 0.4 0.11239
1699 0.35 0.109424
1700 0.3 0.105131
1701 0.4 0.11239
1702 0.3 0.105131
1703 0.2 0.0917663
1704 0.2 0.0917663
1705 0.05 0.05
1706 0.05 0.05
1707 0.1 0.0688247
1708 0.1 0.0688247
1709 0.1 0.0688247
1710 0.15 0.0819178
1711 0.15 0.0819178
1712 0.2 0.0917663
1713 0.1 0.0688247
1714 0.15 0.0819178
1715 0.2 0.11698
1716 0.3 0.146898
1717 0.3 0.105131
1718 0.35 0.109424
1719 0.3 0.105131
1720 0.5 0.135724
1721 0.35 0.109424
1722 0.4 0.133771
1723 0.4 0.133771
1724 0.5 0.170139
1725 0.45 0.184605
1726 0.45 0.184605
1727 0.45 0.184605
1728 0.45 0.169752
1729 0.5 0.19868
1730 0.6 0.210263
1731 0.6 0.222427
1732 0.65 0.208693
1733 0.55 0.2112
1734 0.4 0.183533
1735 0.4 0.152177
1736 0.35 0.131289
1737 0.45 0.153469
1738 0.3 0.127733
1739 0.3 0.105131
1740 0.4 0.11239
1741 0.4 0.11239
1742 0.4 0.133771
1743 0.35 0.131289
1744 0.35 0.131289
1745 0.4 0.168585
1746 0.45 0.169752
1747 0.45 0.135239
1748 0.45 0.135239
1749 0.35 0.131289
1750 0.3 0.127733
1751 0.4 0.152177
1752 0.35 0.131289
1753 0.4 0.168585
1754 0.4 0.168585
1755 0.6 0.210263
1756 0.55 0.153469
1757 0.5 0.114708
1758 0.5 0.114708
1759 0.55 0.153469
1760 0.55 0.135239
1761 0.65 0.166623
1762 0.65 0.181731
1763 0.6 0.197351
1764 0.35 0.131289
1765 0.25 0.0993399
1766 0.3 0.105131
1767 0.45 0.114133
1768 0.4 0.11239
1769 0.4 0.11239
1770 0.25 0.0993399
1771 0.25 0.0993399
1772 0.2 0.0917663
1773 0.25 0.0993399
1774 0.2 0.11698
1775 0.2 0.11698
1776 0.15 0.109424
1777 0.2 0.11698
1778 0.2 0.11698
1779 0.25 0.14281
1780 0.2 0.11698
1781 0.25 0.14281
1782 0.3 0.146898
1783 0.4 0.152177
1784 0.4 0.133771
1785 0.3 0.127733
1786 0.3 0.127733
1787 0.35 0.131289
1788 0.35 0.131289
1789 0.3 0.127733
1790 0.3 0.127733
1791 0.4 0.133771
1792 0.4 0.133771
1793 0.45 0.153469
1794 0.55 0.169752
1795 0.45 0.153469
1796 0.5 0.184961
1797 0.45 0.169752
1798 0.45 0.169752
1799 0.35 0.131289
1800 0.3 0.105131
1801 0.35 0.109424
1802 0.4 0.168585
1803 0.55 0.184605
1804 0.65 0.166623
1805 0.55 0.169752
1806 0.55 0.169752
1807 0.55 0.169752
1808 0.4 0.11239
1809 0.35 0.109424
1810 0.4 0.133771
1811 0.55 0.153469
1812 0.55 0.153469
1813 0.65 0.166623
1814 0.55 0.169752
1815 0.55 0.169752
1816 0.55 0.169752
1817 0.55 0.153469
1818 0.5 0.114708
1819 0.5 0.135724
1820 0.55 0.153469
1821 0.55 0.153469
1822 0.6 0.152177
1823 0.6 0.133771
1824 0.55 0.114133
1825 0.6 0.133771
1826 0.55 0.135239
1827 0.6 0.133771
1828 0.55 0.153469
1829 0.6 0.152177
1830 0.5 0.135724
1831 0.65 0.166623
1832 0.55 0.169752
1833 0.45 0.153469
1834 0.45 0.135239
1835 0.55 0.135239
1836 0.4 0.133771
1837 0.35 0.131289
1838 0.45 0.135239
1839 0.45 0.135239
1840 0.5 0.135724
1841 0.35 0.109424
1842 0.4 0.11239
1843 0.35 0.109424
1844 0.35 0.109424
1845 0.4 0.133771
1846 0.4 0.133771
1847 0.4 0.133771
1848 0.35 0.131289
1849 0.4 0.133771
1850 0.4 0.133771
1851 0.35 0.15
1852 0.4 0.152177
1853 0.4 0.152177
1854 0.35 0.15
1855 0.3 0.105131
1856 0.3 0.127733
1857 0.4 0.152177
1858 0.45 0.153469
1859 0.35 0.109424
1860 0.4 0.152177
1861 0.35 0.15
1862 0.45 0.169752
1863 0.4 0.152177
1864 0.45 0.153469
1865 0.4 0.133771
1866 0.5 0.135724
1867 0.55 0.114133
1868 0.5 0.135724
1869 0.5 0.135724
1870 0.5 0.153897
1871 0.4 0.133771
1872 0.3 0.127733
1873 0.35 0.131289
1874 0.45 0.169752
1875 0.45 0.153469
1876 0.4 0.133771
1877 0.6 0.210263
1878 0.55 0.198348
1879 0.55 0.169752
1880 0.7 0.179179
1881 0.65 0.181731
1882 0.75 0.190221
1883 0.9 0.239517
1884 0.9 0.239517
1885 0.8 0.212751
1886 0.95 0.2112
1887 0.95 0.245753
1888 0.8 0.236198
1889 0.75 0.227977
1890 0.65 0.220943
1891 0.65 0.220943
1892 0.7 0.23056
1893 0.6 0.222427
1894 0.6 0.222427
1895 0.55 0.2112
1896 0.65 0.208693
1897 0.6 0.222427
1898 0.55 0.223312
1899 0.5 0.223607
1900 0.5 0.223607
1901 0.5 0.223607
1902 0.35 0.109424
1903 0.3 0.105131
1904 0.35 0.131289
1905 0.35 0.131289
1906 0.4 0.133771
1907 0.35 0.131289
1908 0.3 0.127733
1909 0.4 0.133771
1910 0.6 0.152177
1911 0.65 0.195677
1912 0.6 0.168585
1913 0.5 0.135724
1914 0.45 0.114133
1915 0.4 0.11239
1916 0.35 0.109424
1917 0.25 0.0993399
1918 0.3 0.127733
1919 0.35 0.109424
1920 0.4 0.133771
1921 0.45 0.135239
1922 0.5 0.135724
1923 0.5 0.135724
1924 0.55 0.169752
1925 0.6 0.210263
1926 0.55 0.169752
1927 0.55 0.169752
1928 0.45 0.135239
1929 0.5 0.153897
1930 0.6 0.168585
1931 0.7 0.163836
1932 0.55 0.135239
1933 0.4 0.133771
1934 0.45 0.153469
1935 0.4 0.133771
1936 0.4 0.133771
1937 0.4 0.133771
1938 0.4 0.133771
1939 0.35 0.109424
1940 0.35 0.131289
1941 0.45 0.135239
1942 0.4 0.133771
1943 0.3 0.127733
1944 0.4 0.133771
1945 0.35 0.109424
1946 0.55 0.114133
1947 0.6 0.133771
1948 0.55 0.184605
1949 0.5 0.184961
1950 0.5 0.170139
1951 0.35 0.109424
1952 0.3 0.105131
1953 0.45 0.114133
1954 0.55 0.153469
1955 0.5 0.135724
1956 0.45 0.169752
1957 0.45 0.169752
1958 0.55 0.169752
1959 0.5 0.184961
1960 0.6 0.197351
1961 0.6 0.168585
1962 0.5 0.114708
1963 0.45 0.114133
1964 0.5 0.114708
1965 0.45 0.135239
1966 0.45 0.114133
1967 0.4 0.11239
1968 0.55 0.135239
1969 0.5 0.135724
1970 0.55 0.153469
1971 0.55 0.153469
1972 0.6 0.168585
1973 0.65 0.166623
1974 0.55 0.153469
1975 0.3 0.127733
1976 0.45 0.153469
1977 0.5 0.153897
1978 0.5 0.170139
1979 0.55 0.184605
1980 0.5 0.170139
1981 0.5 0.170139
1982 0.5 0.153897
1983 0.65 0.166623
1984 0.5 0.19868
1985 0.65 0.208693
1986 0.6 0.168585
1987 0.55 0.153469
1988 0.6 0.152177
1989 0.4 0.11239
1990 0.4 0.11239
1991 0.4 0.133771
1992 0.45 0.135239
1993 0.45 0.135239
1994 0.5 0.135724
1995 0.45 0.135239
1996 0.45 0.135239
1997 0.45 0.135239
1998 0.35 0.109424
1999 0.3 0.105131
2000 0.35 0.131289
2001 0.45 0.135239
2002 0.55 0.153469
2003 0.5 0.170139
2004 0.4 0.152177
2005 0.2 0.0917663
2006 0.2 0.0917663
2007 0.3 0.105131
2008 0.25 0.0993399
2009 0.2 0.0917663
2010 0.3 0.105131
2011 0.3 0.105131
2012 0.35 0.109424
2013 0.2 0.0917663
2014 0.3 0.127733
2015 0.3 0.105131
2016 0.35 0.109424
2017 0.6 0.168585
2018 0.6 0.168585
2019 0.55 0.169752
2020 0.4 0.11239
2021 0.35 0.109424
2022 0.35 0.109424
2023 0.55 0.114133
2024 0.6 0.11239
2025 0.5 0.114708
2026 0.55 0.114133
2027 0.45 0.114133
2028 0.55 0.135239
2029 0.6 0.152177
2030 0.55 0.153469
2031 0.45 0.153469
2032 0.55 0.153469
2033 0.6 0.152177
2034 0.5 0.135724
2035 0.45 0.135239
2036 0.45 0.114133
2037 0.5 0.114708
2038 0.55 0.135239
2039 0.55 0.135239
2040 0.6 0.133771
2041 0.5 0.135724
2042 0.45 0.135239
2043 0.4 0.133771
2044 0.4 0.133771
2045 0.4 0.133771
2046 0.25 0.12301
2047 0.25 0.12301
2048 0.3 0.105131
2049 0.3 0.105131
2050 0.25 0.0993399
2051 0.2 0.0917663
2052 0.35 0.131289
2053 0.4 0.152177
2054 0.35 0.131289
2055 0.4 0.152177
2056 0.35 0.15
2057 0.2 0.0917663
2058 0.2 0.0917663
2059 0.3 0.127733
2060 0.3 0.146898
2061 0.4 0.133771
2062 0.5 0.114708
2063 0.4 0.11239
2064 0.5 0.135724
2065 0.55 0.153469
2066 0.45 0.153469
2067 0.4 0.133771
2068 0.55 0.135239
2069 0.45 0.135239
2070 0.45 0.135239
2071 0.5 0.135724
2072 0.45 0.135239
2073 0.6 0.183533
2074 0.7 0.206474
2075 0.6 0.168585
2076 0.6 0.183533
2077 0.55 0.169752
2078 0.5 0.153897
2079 0.55 0.184605
2080 0.55 0.184605
2081 0.45 0.153469
2082 0.6 0.168585
2083 0.4 0.152177
2084 0.3 0.127733
2085 0.2 0.11698
2086 0.15 0.109424
2087 0.05 0.05
2088 0.05 0.05
2089 0.2 0.0917663
2090 0.2 0.0917663
2091 0.2 0.0917663
2092 0.2 0.0917663
2093 0.3 0.105131
2094 0.3 0.105131
2095 0.35 0.109424
2096 0.4 0.133771
2097 0.4 0.133771
2098 0.4 0.133771
2099 0.3 0.105131
2100 0.25 0.0993399
2101 0.25 0.0993399
2102 0.2 0.0917663
2103 0.25 0.0993399
2104 0.3 0.105131
2105 0.35 0.131289
2106 0.3 0.127733
2107 0.3 0.127733
2108 0.25 0.0993399
2109 0.2 0.11698
2110 0.2 0.11698
2111 0.35 0.131289
2112 0.35 0.131289
2113 0.35 0.131289
2114 0.5 0.184961
2115 0.55 0.184605
2116 0.55 0.184605
2117 0.45 0.153469
2118 0.35 0.15
2119 0.25 0.12301
2120 0.3 0.127733
2121 0.35 0.131289
2122 0.35 0.131289
2123 0.35 0.131289
2124 0.4 0.133771
2125 0.4 0.133771
2126 0.5 0.135724
2127 0.5 0.135724
2128 0.45 0.135239
2129 0.4 0.133771
2130 0.4 0.152177
2131 0.4 0.152177
2132 0.45 0.169752
2133 0.5 0.170139
2134 0.5 0.170139
2135 0.45 0.169752
2136 0.35 0.131289
2137 0.35 0.131289
2138 0.45 0.135239
2139 0.4 0.11239
2140 0.4 0.11239
2141 0.45 0.114133
2142 0.55 0.114133
2143 0.6 0.11239
2144 0.5 0.114708
2145 0.55 0.135239
2146 0.55 0.184605
2147 0.5 0.153897
2148 0.5 0.153897
2149 0.6 0.168585
2150 0.8 0.212751
2151 0.6 0.168585
2152 0.65 0.181731
2153 0.55 0.169752
2154 0.45 0.135239
2155 0.45 0.114133
2156 0.3 0.105131
2157 0.35 0.131289
2158 0.4 0.133771
2159 0.4 0.133771
2160 0.35 0.109424
2161 0.35 0.109424
2162 0.35 0.109424
2163 0.45 0.114133
2164 0.55 0.135239
2165 0.45 0.114133
2166 0.45 0.135239
2167 0.45 0.135239
2168 0.55 0.169752
2169 0.55 0.153469
2170 0.5 0.153897
2171 0.55 0.184605
2172 0.45 0.184605
2173 0.65 0.208693
2174 0.6 0.197351
2175 0.4 0.152177
2176 0.5 0.19868
2177 0.65 0.220943
2178 0.7 0.206474
2179 0.55 0.184605
2180 0.6 0.183533
2181 0.65 0.181731
2182 0.6 0.183533
2183 0.65 0.195677
2184 0.7 0.206474
2185 0.75 0.203586
2186 0.7 0.206474
2187 0.7 0.193309
2188 0.7 0.193309
2189 0.55 0.169752
2190 0.55 0.169752
2191 0.6 0.168585
2192 0.6 0.168585
2193 0.7 0.163836
2194 0.6 0.168585
2195 0.55 0.169752
2196 0.6 0.183533
2197 0.55 0.153469
2198 0.45 0.135239
2199 0.5 0.135724
2200 0.5 0.135724
2201 0.65 0.181731
2202 0.5 0.184961
2203 0.55 0.184605
2204 0.45 0.184605
2205 0.4 0.183533
2206 0.45 0.184605
2207 0.6 0.168585
2208 0.6 0.168585
2209 0.55 0.169752
2210 0.45 0.169752
2211 0.5 0.19868
2212 0.45 0.153469
2213 0.6 0.210263
2214 0.45 0.169752
2215 0.45 0.169752
2216 0.3 0.105131
2217 0.3 0.105131
2218 0.3 0.105131
2219 0.45 0.153469
2220 0.5 0.184961
2221 0.55 0.169752
2222 0.5 0.135724
2223 0.5 0.153897
2224 0.4 0.133771
2225 0.3 0.105131
2226 0.25 0.0993399
2227 0.2 0.0917663
2228 0.2 0.0917663
2229 0.2 0.0917663
2230 0.3 0.105131
2231 0.3 0.105131
2232 0.35 0.131289
2233 0.4 0.133771
2234 0.35 0.109424
2235 0.3 0.105131
2236 0.35 0.131289
2237 0.6 0.183533
2238 0.5 0.135724
2239 0.55 0.135239
2240 0.6 0.133771
2241 0.65 0.131289
2242 0.75 0.160181
2243 0.75 0.14281
2244 0.65 0.15
2245 0.6 0.152177
2246 0.6 0.133771
2247 0.5 0.114708
2248 0.55 0.114133
2249 0.5 0.135724
2250 0.45 0.135239
2251 0.4 0.11239
2252 0.45 0.135239
2253 0.35 0.131289
2254 0.35 0.15
2255 0.35 0.131289
2256 0.4 0.11239
2257 0.45 0.135239
2258 0.45 0.135239
2259 0.4 0.133771
2260 0.4 0.133771
2261 0.25 0.12301
2262 0.3 0.163836
2263 0.35 0.181731
2264 0.35 0.166623
2265 0.5 0.184961
2266 0.45 0.169752
2267 0.55 0.223312
2268 0.65 0.220943
2269 0.55 0.169752
2270 0.6 0.197351
2271 0.6 0.197351
2272 0.65 0.181731
2273 0.5 0.135724
2274 0.55 0.135239
2275 0.6 0.152177
2276 0.45 0.114133
2277 0.5 0.135724
2278 0.6 0.183533
2279 0.55 0.184605
2280 0.6 0.197351
2281 0.4 0.133771
2282 0.35 0.131289
2283 0.5 0.170139
2284 0.5 0.170139
2285 0.6 0.168585
2286 0.55 0.184605
2287 0.75 0.203586
2288 0.7 0.179179
2289 0.65 0.195677
2290 0.6 0.197351
2291 0.55 0.184605
2292 0.55 0.169752
2293 0.45 0.153469
2294 0.4 0.133771
2295 0.4 0.133771
2296 0.4 0.133771
2297 0.55 0.169752
2298 0.6 0.197351
2299 0.55 0.184605
2300 0.45 0.153469
2301 0.5 0.184961
2302 0.45 0.184605
2303 0.25 0.0993399
2304 0.3 0.105131
2305 0.25 0.12301
2306 0.35 0.109424
2307 0.25 0.0993399
2308 0.2 0.0917663
2309 0.2 0.0917663
2310 0.2 0.0917663
2311 0.2 0.0917663
2312 0.2 0.0917663
2313 0.15 0.0819178
2314 0.2 0.0917663
2315 0.3 0.127733
2316 0.45 0.184605
2317 0.4 0.152177
2318 0.4 0.133771
2319 0.35 0.131289
2320 0.4 0.133771
2321 0.4 0.11239
2322 0.4 0.133771
2323 0.5 0.153897
2324 0.5 0.153897
2325 0.45 0.153469
2326 0.45 0.153469
2327 0.5 0.153897
2328 0.5 0.153897
2329 0.5 0.153897
2330 0.6 0.183533
2331 0.55 0.184605
2332 0.65 0.181731
2333 0.65 0.181731
2334 0.7 0.179179
2335 0.65 0.181731
2336 0.55 0.169752
2337 0.5 0.153897
2338 0.55 0.153469
2339 0.6 0.168585
2340 0.65 0.181731
2341 0.7 0.206474
2342 0.75 0.190221
2343 0.65 0.181731
2344 0.75 0.216126
2345 0.7 0.193309
2346 0.65 0.195677
2347 0.65 0.195677
2348 0.55 0.184605
2349 0.6 0.197351
2350 0.55 0.198348
2351 0.55 0.169752
2352 0.45 0.169752
2353 0.45 0.153469
2354 0.6 0.183533
2355 0.45 0.169752
2356 0.55 0.198348
2357 0.6 0.183533
2358 0.55 0.184605
2359 0.6 0.222427
2360 0.65 0.220943
2361 0.55 0.2112
2362 0.5 0.223607
2363 0.5 0.184961
2364 0.45 0.153469
2365 0.45 0.184605
2366 0.35 0.166623
2367 0.3 0.127733
2368 0.4 0.183533
2369 0.45 0.198348
2370 0.45 0.169752
2371 0.45 0.169752
2372 0.4 0.133771
2373 0.45 0.169752
2374 0.5 0.153897
2375 0.5 0.153897
2376 0.55 0.169752
2377 0.45 0.153469
2378 0.45 0.153469
2379 0.6 0.152177
2380 0.6 0.183533
2381 0.5 0.135724
2382 0.55 0.135239
2383 0.7 0.127733
2384 0.75 0.14281
2385 0.55 0.153469
2386 0.55 0.153469
2387 0.6 0.152177
2388 0.55 0.135239
2389 0.6 0.152177
2390 0.55 0.153469
2391 0.6 0.168585
2392 0.55 0.169752
2393 0.5 0.170139
2394 0.55 0.2112
2395 0.6 0.222427
2396 0.65 0.220943
2397 0.7 0.218849
2398 0.75 0.227977
2399 0.8 0.236198
2400 0.7 0.252357
2401 0.75 0.25
2402 0.65 0.195677
2403 0.6 0.183533
2404 0.65 0.15
2405 0.75 0.14281
2406 0.75 0.14281
2407 0.8 0.155597
2408 0.8 0.137649
2409 0.7 0.127733
2410 0.55 0.135239
2411 0.7 0.163836
2412 0.6 0.183533
2413 0.6 0.183533
2414 0.65 0.208693
2415 0.6 0.183533
2416 0.45 0.169752
2417 0.45 0.114133
2418 0.45 0.135239
2419 0.4 0.133771
2420 0.7 0.179179
2421 0.6 0.168585
2422 0.5 0.114708
2423 0.5 0.135724
2424 0.4 0.133771
2425 0.4 0.152177
2426 0.5 0.153897
2427 0.55 0.184605
2428 0.5 0.184961
2429 0.55 0.198348
2430 0.6 0.233959
2431 0.45 0.198348
2432 0.35 0.15
2433 0.4 0.152177
2434 0.35 0.131289
2435 0.35 0.131289
2436 0.35 0.131289
2437 0.5 0.135724
2438 0.45 0.135239
2439 0.3 0.105131
2440 0.35 0.131289
2441 0.4 0.133771
2442 0.45 0.153469
2443 0.4 0.152177
2444 0.4 0.133771
2445 0.45 0.135239
2446 0.4 0.133771
2447 0.3 0.105131
2448 0.4 0.11239
2449 0.45 0.114133
2450 0.55 0.135239
2451 0.55 0.135239
2452 0.4 0.11239
2453 0.4 0.11239
2454 0.35 0.131289
2455 0.4 0.133771
2456 0.3 0.127733
2457 0.35 0.131289
2458 0.55 0.169752
2459 0.5 0.153897
2460 0.4 0.152177
2461 0.45 0.153469
2462 0.45 0.135239
2463 0.5 0.153897
2464 0.5 0.153897
2465 0.5 0.114708
2466 0.4 0.11239
2467 0.45 0.114133
2468 0.55 0.135239
2469 0.5 0.135724
2470 0.45 0.135239
2471 0.5 0.135724
2472 0.6 0.168585
2473 0.45 0.135239
2474 0.55 0.153469
2475 0.45 0.135239
2476 0.6 0.133771
2477 0.55 0.135239
2478 0.5 0.135724
2479 0.3 0.105131
2480 0.3 0.105131
2481 0.35 0.109424
2482 0.4 0.133771
2483 0.4 0.133771
2484 0.4 0.11239
2485 0.65 0.166623
2486 0.7 0.179179
2487 0.65 0.166623
2488 0.6 0.152177
2489 0.5 0.153897
2490 0.55 0.153469
2491 0.6 0.183533
2492 0.5 0.170139
2493 0.4 0.152177
2494 0.45 0.153469
2495 0.5 0.153897
2496 0.45 0.114133
2497 0.45 0.114133
2498 0.5 0.135724
2499 0.5 0.135724
2500 0.45 0.169752
2501 0.45 0.184605
2502 0.45 0.169752
2503 0.4 0.152177
2504 0.4 0.152177
2505 0.4 0.183533
2506 0.45 0.184605
2507 0.45 0.184605
2508 0.45 0.169752
2509 0.4 0.133771
2510 0.3 0.105131
2511 0.25 0.0993399
2512 0.35 0.166623
2513 0.45 0.184605
2514 0.35 0.166623
2515 0.3 0.127733
2516 0.3 0.127733
2517 0.3 0.127733
2518 0.35 0.131289
2519 0.45 0.135239
2520 0.5 0.135724
2521 0.5 0.135724
2522 0.45 0.135239
2523 0.4 0.133771
2524 0.4 0.133771
2525 0.4 0.133771
2526 0.45 0.135239
2527 0.45 0.135239
2528 0.5 0.135724
2529 0.55 0.153469
2530 0.6 0.168585
2531 0.65 0.166623
2532 0.85 0.15
2533 0.65 0.131289
2534 0.7 0.146898
2535 0.65 0.181731
2536 0.65 0.181731
2537 0.6 0.183533
2538 0.6 0.197351
2539 0.65 0.166623
2540 0.45 0.153469
2541 0.35 0.131289
2542 0.4 0.133771
2543 0.45 0.135239
2544 0.35 0.131289
2545 0.3 0.105131
2546 0.25 0.0993399
2547 0.25 0.0993399
2548 0.3 0.105131
2549 0.35 0.131289
2550 0.35 0.131289
2551 0.35 0.131289
2552 0.3 0.127733
2553 0.35 0.109424
2554 0.55 0.135239
2555 0.6 0.133771
2556 0.65 0.131289
2557 0.5 0.135724
2558 0.45 0.114133
2559 0.4 0.11239
2560 0.45 0.135239
2561 0.25 0.0993399
2562 0.3 0.127733
2563 0.35 0.131289
2564 0.4 0.183533
2565 0.5 0.19868
2566 0.45 0.184605
2567 0.55 0.184605
2568 0.55 0.184605
2569 0.45 0.153469
2570 0.35 0.131289
2571 0.45 0.153469
2572 0.35 0.131289
2573 0.4 0.133771
2574 0.45 0.135239
2575 0.55 0.135239
2576 0.55 0.153469
2577 0.5 0.153897
2578 0.5 0.170139
2579 0.55 0.198348
2580 0.55 0.198348
2581 0.5 0.170139
2582 0.6 0.183533
2583 0.6 0.183533
2584 0.55 0.184605
2585 0.5 0.170139
2586 0.45 0.169752
2587 0.55 0.153469
2588 0.3 0.105131
2589 0.25 0.0993399
2590 0.3 0.105131
2591 0.25 0.0993399
2592 0.25 0.0993399
