0 0 0
1 0.1 0.0688247
2 0.2 0.0917663
3 0.45 0.135239
4 0.85 0.181731
5 0.7 0.179179
6 0.65 0.15
7 0.75 0.190221
8 0.7 0.179179
9 0.7 0.163836
10 0.8 0.155597
11 0.55 0.169752
12 0.45 0.169752
13 0.45 0.184605
14 0.3 0.127733
15 0.4 0.183533
16 0.35 0.15
17 0.45 0.153469
18 0.55 0.114133
19 0.5 0.153897
20 0.3 0.105131
21 0.3 0.105131
22 0.4 0.133771
23 0.4 0.152177
24 0.45 0.135239
25 0.35 0.109424
26 0.4 0.11239
27 0.65 0.109424
28 0.6 0.11239
29 0.6 0.133771
30 0.55 0.135239
31 0.4 0.133771
32 0.35 0.109424
33 0.45 0.114133
34 0.35 0.109424
35 0.3 0.105131
36 0.25 0.0993399
37 0.25 0.0993399
38 0.2 0.0917663
39 0.3 0.127733
40 0.25 0.0993399
41 0.1 0.0688247
42 0.1 0.0688247
43 0.1 0.0688247
44 0.25 0.12301
45 0.35 0.131289
46 0.35 0.131289
47 0.35 0.109424
48 0.4 0.11239
49 0.4 0.11239
50 0.35 0.109424
51 0.25 0.0993399
52 0.15 0.0819178
53 0.1 0.0688247
54 0.1 0.0688247
55 0.05 0.05
56 0.1 0.0688247
57 0.1 0.0688247
58 0.1 0.0688247
59 0.05 0.05
60 0.1 0.0688247
61 0.15 0.0819178
62 0.1 0.0688247
63 0.05 0.05
64 0.1 0.0688247
65 0.1 0.0688247
66 0.15 0.0819178
67 0.15 0.0819178
68 0.25 0.12301
69 0.25 0.12301
70 0.2 0.11698
71 0.15 0.109424
72 0.1 0.0688247
73 0.25 0.0993399
74 0.3 0.105131
75 0.25 0.0993399
76 0.25 0.0993399
77 0.25 0.12301
78 0.3 0.127733
79 0.2 0.0917663
80 0.15 0.109424
81 0.25 0.160181
82 0.15 0.109424
83 0.15 0.109424
84 0.15 0.109424
85 0.2 0.11698
86 0.2 0.11698
87 0.2 0.11698
88 0.2 0.0917663
89 0.15 0.0819178
90 0.25 0.0993399
91 0.3 0.105131
92 0.25 0.0993399
93 0.4 0.11239
94 0.3 0.105131
95 0.25 0.0993399
96 0.15 0.0819178
97 0.15 0.109424
98 0.1 0.0688247
99 0.1 0.0688247
100 0.1 0.0688247
101 0.1 0.0688247
102 0.15 0.0819178
103 0.2 0.0917663
104 0.25 0.12301
105 0.3 0.105131
106 0.25 0.0993399
107 0.25 0.0993399
108 0.2 0.0917663
109 0.15 0.0819178
110 0.2 0.0917663
111 0.2 0.0917663
112 0.15 0.0819178
113 0.2 0.0917663
114 0.1 0.0688247
115 0.2 0.0917663
116 0.2 0.0917663
117 0.2 0.0917663
118 0.15 0.0819178
119 0.15 0.0819178
120 0.25 0.0993399
121 0.2 0.0917663
122 0.25 0.0993399
123 0.25 0.0993399
124 0.3 0.105131
125 0.3 0.105131
126 0.35 0.109424
127 0.5 0.135724
128 0.45 0.135239
129 0.5 0.135724
130 0.3 0.127733
131 0.25 0.0993399
132 0.25 0.0993399
133 0.3 0.127733
134 0.3 0.127733
135 0.3 0.105131
136 0.2 0.0917663
137 0.2 0.0917663
138 0.2 0.0917663
139 0.25 0.0993399
140 0.25 0.0993399
141 0.25 0.0993399
142 0.25 0.0993399
143 0.25 0.0993399
144 0.25 0.0993399
145 0.25 0.0993399
146 0.2 0.0917663
147 0.3 0.105131
148 0.25 0.12301
149 0.35 0.109424
150 0.3 0.105131
151 0.25 0.0993399
152 0.25 0.14281
153 0.3 0.146898
154 0.35 0.15
155 0.25 0.160181
156 0.15 0.15
157 0.1 0.1
158 0.15 0.109424
159 0.15 0.109424
160 0.05 0.05
161 0.05 0.05
162 0.05 0.05
163 0.1 0.0688247
164 0.1 0.0688247
165 0.2 0.0917663
166 0.1 0.0688247
167 0.1 0.0688247
168 0.15 0.0819178
169 0.15 0.0819178
170 0.15 0.0819178
171 0.25 0.0993399
172 0.2 0.0917663
173 0.2 0.0917663
174 0.2 0.0917663
175 0.2 0.11698
176 0.25 0.12301
177 0.25 0.12301
178 0.3 0.127733
179 0.2 0.0917663
180 0.15 0.0819178
181 0.2 0.11698
182 0.15 0.109424
183 0.25 0.160181
184 0.3 0.127733
185 0.35 0.131289
186 0.25 0.12301
187 0.2 0.11698
188 0.2 0.0917663
189 0.15 0.0819178
190 0.05 0.05
191 0.1 0.0688247
192 0.25 0.0993399
193 0.2 0.0917663
194 0.15 0.0819178
195 0.2 0.0917663
196 0.25 0.0993399
197 0.2 0.0917663
198 0.2 0.0917663
199 0.2 0.0917663
200 0.2 0.0917663
201 0.15 0.0819178
202 0.2 0.0917663
203 0.2 0.0917663
204 0.35 0.15
205 0.3 0.127733
206 0.2 0.0917663
207 0.15 0.0819178
208 0.25 0.0993399
209 0.3 0.105131
210 0.4 0.133771
211 0.35 0.131289
212 0.4 0.133771
213 0.25 0.12301
214 0.2 0.11698
215 0.25 0.12301
216 0.2 0.11698
217 0.3 0.105131
218 0.35 0.109424
219 0.5 0.135724
220 0.35 0.131289
221 0.25 0.12301
222 0.25 0.14281
223 0.25 0.12301
224 0.25 0.12301
225 0.25 0.0993399
226 0.1 0.0688247
227 0.1 0.0688247
228 0.15 0.0819178
229 0.2 0.11698
230 0.15 0.0819178
231 0.15 0.0819178
232 0.2 0.0917663
233 0.1 0.0688247
234 0.1 0.0688247
235 0.15 0.0819178
236 0.15 0.0819178
237 0.15 0.0819178
238 0.15 0.0819178
239 0.2 0.0917663
240 0.15 0.0819178
241 0.15 0.0819178
242 0.15 0.0819178
243 0.1 0.0688247
244 0.1 0.0688247
245 0.1 0.0688247
246 0.1 0.0688247
247 0.15 0.0819178
248 0.1 0.0688247
249 0.15 0.0819178
250 0.15 0.109424
251 0.1 0.1
252 0.15 0.109424
253 0.1 0.0688247
254 0.15 0.0819178
255 0.2 0.11698
256 0.2 0.11698
257 0.2 0.11698
258 0.15 0.109424
259 0.1 0.1
260 0.15 0.109424
261 0.25 0.0993399
262 0.25 0.0993399
263 0.3 0.105131
264 0.2 0.0917663
265 0.25 0.0993399
266 0.25 0.0993399
267 0.2 0.0917663
268 0.3 0.105131
269 0.15 0.0819178
270 0.2 0.0917663
271 0.2 0.11698
272 0.25 0.12301
273 0.15 0.0819178
274 0.15 0.0819178
275 0.25 0.0993399
276 0.15 0.0819178
277 0.25 0.0993399
278 0.3 0.127733
279 0.4 0.183533
280 0.4 0.168585
281 0.4 0.168585
282 0.25 0.12301
283 0.2 0.11698
284 0.2 0.11698
285 0.15 0.0819178
286 0.2 0.0917663
287 0.2 0.11698
288 0.1 0.0688247
289 0.1 0.0688247
290 0.1 0.0688247
291 0.1 0.0688247
292 0.1 0.0688247
293 0.1 0.0688247
294 0.05 0.05
295 0.1 0.0688247
296 0.15 0.109424
297 0.15 0.0819178
298 0.2 0.0917663
299 0.2 0.0917663
300 0.2 0.0917663
301 0.2 0.0917663
302 0.2 0.0917663
303 0.15 0.0819178
304 0.1 0.0688247
305 0.1 0.0688247
306 0.05 0.05
307 0.1 0.0688247
308 0.05 0.05
309 0.05 0.05
310 0.05 0.05
311 0.1 0.0688247
312 0.1 0.0688247
313 0.2 0.11698
314 0.4 0.133771
315 0.25 0.0993399
316 0.3 0.127733
317 0.15 0.0819178
318 0.2 0.0917663
319 0.2 0.0917663
320 0.3 0.127733
321 0.2 0.0917663
322 0.15 0.0819178
323 0.15 0.0819178
324 0.05 0.05
325 0.05 0.05
326 0.15 0.0819178
327 0.2 0.0917663
328 0.1 0.0688247
329 0.2 0.0917663
330 0.15 0.0819178
331 0.25 0.12301
332 0.25 0.12301
333 0.25 0.12301
334 0.15 0.0819178
335 0.1 0.0688247
336 0.15 0.0819178
337 0.1 0.1
338 0.05 0.05
339 0.1 0.0688247
340 0.2 0.11698
341 0.25 0.12301
342 0.15 0.0819178
343 0.25 0.0993399
344 0.25 0.0993399
345 0.3 0.105131
346 0.25 0.0993399
347 0.25 0.0993399
348 0.15 0.0819178
349 0.1 0.0688247
350 0.15 0.0819178
351 0.2 0.0917663
352 0.15 0.0819178
353 0.1 0.0688247
354 0.25 0.12301
355 0.25 0.12301
356 0.2 0.0917663
357 0.15 0.0819178
358 0.15 0.109424
359 0.1 0.0688247
360 0.15 0.0819178
361 0.15 0.0819178
362 0.1 0.0688247
363 0.15 0.0819178
364 0.15 0.0819178
365 0.25 0.0993399
366 0.1 0.0688247
367 0.1 0.0688247
368 0.15 0.0819178
369 0.15 0.0819178
370 0.1 0.0688247
371 0.15 0.0819178
372 0.1 0.0688247
373 0.15 0.109424
374 0.15 0.109424
375 0.15 0.109424
376 0.2 0.0917663
377 0.2 0.11698
378 0.1 0.0688247
379 0.15 0.0819178
380 0.2 0.0917663
381 0.25 0.0993399
382 0.25 0.0993399
383 0.25 0.0993399
384 0.3 0.127733
385 0.15 0.109424
386 0.2 0.11698
387 0.25 0.12301
388 0.2 0.11698
389 0.3 0.127733
390 0.3 0.105131
391 0.35 0.109424
392 0.3 0.105131
393 0.15 0.0819178
394 0.15 0.0819178
395 0.1 0.0688247
396 0.1 0.0688247
397 0.2 0.0917663
398 0.2 0.0917663
399 0.25 0.0993399
400 0.2 0.0917663
401 0.2 0.0917663
402 0.2 0.0917663
403 0.05 0.05
404 0.1 0.0688247
405 0.05 0.05
406 0.05 0.05
407 0.1 0.0688247
408 0.1 0.0688247
409 0.05 0.05
410 0.1 0.0688247
411 0 0
412 0.2 0.0917663
413 0.2 0.0917663
414 0.3 0.105131
415 0.3 0.105131
416 0.35 0.131289
417 0.3 0.127733
418 0.3 0.146898
419 0.4 0.152177
420 0.4 0.152177
421 0.25 0.12301
422 0.2 0.11698
423 0.25 0.0993399
424 0.2 0.0917663
425 0.25 0.0993399
426 0.3 0.105131
427 0.25 0.0993399
428 0.25 0.0993399
429 0.3 0.127733
430 0.25 0.12301
431 0.25 0.0993399
432 0.2 0.0917663
433 0.2 0.0917663
434 0.25 0.0993399
435 0.3 0.105131
436 0.15 0.0819178
437 0.15 0.0819178
438 0.1 0.0688247
439 0.15 0.0819178
440 0.2 0.0917663
441 0.15 0.0819178
442 0.15 0.0819178
443 0.15 0.0819178
444 0.2 0.0917663
445 0.2 0.0917663
446 0.1 0.0688247
447 0.05 0.05
448 0.05 0.05
449 0.2 0.0917663
450 0.3 0.105131
451 0.25 0.0993399
452 0.35 0.109424
453 0.3 0.105131
454 0.25 0.0993399
455 0.3 0.105131
456 0.15 0.0819178
457 0.1 0.0688247
458 0.1 0.0688247
459 0.05 0.05
460 0.05 0.05
461 0 0
462 0.05 0.05
463 0 0
464 0 0
465 0 0
466 0.05 0.05
467 0.05 0.05
468 0.05 0.05
469 0.1 0.0688247
470 0.1 0.0688247
471 0.15 0.0819178
472 0.15 0.0819178
473 0.2 0.0917663
474 0.25 0.0993399
475 0.3 0.105131
476 0.3 0.105131
477 0.4 0.11239
478 0.3 0.105131
479 0.3 0.105131
480 0.3 0.105131
481 0.3 0.105131
482 0.2 0.0917663
483 0.15 0.0819178
484 0.2 0.0917663
485 0.4 0.152177
486 0.15 0.0819178
487 0.1 0.0688247
488 0.1 0.0688247
489 0.15 0.0819178
490 0.15 0.0819178
491 0.2 0.0917663
492 0.25 0.0993399
493 0.2 0.0917663
494 0.15 0.0819178
495 0.15 0.0819178
496 0.3 0.105131
497 0.3 0.105131
498 0.35 0.131289
499 0.3 0.105131
500 0.35 0.109424
501 0.35 0.131289
502 0.3 0.127733
503 0.35 0.131289
504 0.35 0.109424
505 0.35 0.109424
506 0.3 0.127733
507 0.3 0.127733
508 0.3 0.127733
509 0.25 0.12301
510 0.2 0.11698
511 0.1 0.0688247
512 0.1 0.0688247
513 0.05 0.05
514 0.05 0.05
515 0.15 0.0819178
516 0.15 0.0819178
517 0.2 0.11698
518 0.25 0.12301
519 0.2 0.0917663
520 0.15 0.0819178
521 0.2 0.0917663
522 0.2 0.0917663
523 0.1 0.0688247
524 0.25 0.0993399
525 0.15 0.0819178
526 0.2 0.0917663
527 0.3 0.105131
528 0.2 0.0917663
529 0.15 0.0819178
530 0.2 0.0917663
531 0.25 0.0993399
532 0.15 0.0819178
533 0.25 0.0993399
534 0.2 0.0917663
535 0.15 0.0819178
536 0.15 0.0819178
537 0.15 0.0819178
538 0.15 0.0819178
539 0.25 0.0993399
540 0.2 0.0917663
541 0.15 0.0819178
542 0.1 0.0688247
543 0.05 0.05
544 0.05 0.05
545 0.2 0.11698
546 0.25 0.12301
547 0.45 0.153469
548 0.45 0.135239
549 0.4 0.152177
550 0.35 0.15
551 0.35 0.15
552 0.35 0.131289
553 0.3 0.105131
554 0.25 0.0993399
555 0.25 0.0993399
556 0.3 0.105131
557 0.35 0.109424
558 0.4 0.133771
559 0.4 0.133771
560 0.25 0.0993399
561 0.4 0.133771
562 0.3 0.127733
563 0.3 0.127733
564 0.25 0.0993399
565 0.25 0.12301
566 0.3 0.127733
567 0.35 0.131289
568 0.35 0.131289
569 0.3 0.127733
570 0.3 0.127733
571 0.3 0.105131
572 0.3 0.105131
573 0.3 0.105131
574 0.25 0.0993399
575 0.2 0.0917663
576 0.3 0.146898
577 0.35 0.15
578 0.25 0.12301
579 0.25 0.0993399
580 0.15 0.0819178
581 0.2 0.0917663
582 0.2 0.0917663
583 0.15 0.0819178
584 0.15 0.0819178
585 0.15 0.0819178
586 0.2 0.0917663
587 0.05 0.05
588 0.25 0.0993399
589 0.15 0.0819178
590 0.2 0.11698
591 0.15 0.0819178
592 0.1 0.0688247
593 0.15 0.0819178
594 0.15 0.0819178
595 0.15 0.0819178
596 0.2 0.0917663
597 0.2 0.0917663
598 0.2 0.0917663
599 0.15 0.0819178
600 0.1 0.0688247
601 0.1 0.0688247
602 0.05 0.05
603 0 0
604 0.15 0.109424
605 0.05 0.05
606 0.15 0.0819178
607 0.2 0.0917663
608 0.15 0.0819178
609 0.2 0.0917663
610 0.1 0.0688247
611 0.1 0.0688247
612 0.25 0.12301
613 0.3 0.127733
614 0.2 0.11698
615 0.3 0.127733
616 0.15 0.0819178
617 0.1 0.0688247
618 0.15 0.109424
619 0.15 0.109424
620 0.2 0.155597
621 0.2 0.0917663
622 0.15 0.0819178
623 0.15 0.0819178
624 0.05 0.05
625 0.05 0.05
626 0.05 0.05
627 0.2 0.0917663
628 0.25 0.12301
629 0.2 0.11698
630 0.2 0.11698
631 0.2 0.11698
632 0.1 0.0688247
633 0.1 0.0688247
634 0.15 0.0819178
635 0.15 0.0819178
636 0.15 0.0819178
637 0.15 0.0819178
638 0.1 0.0688247
639 0.15 0.0819178
640 0.15 0.0819178
641 0.1 0.0688247
642 0.2 0.11698
643 0.2 0.11698
644 0.1 0.0688247
645 0.05 0.05
646 0 0
647 0.1 0.0688247
648 0.15 0.0819178
649 0.2 0.11698
650 0.15 0.0819178
651 0.2 0.0917663
652 0.1 0.0688247
653 0.15 0.0819178
654 0.2 0.11698
655 0.15 0.0819178
656 0.15 0.0819178
657 0.05 0.05
658 0.1 0.0688247
659 0.05 0.05
660 0.05 0.05
661 0.05 0.05
662 0.05 0.05
663 0.1 0.0688247
664 0.1 0.0688247
665 0.25 0.0993399
666 0.25 0.0993399
667 0.2 0.0917663
668 0.25 0.0993399
669 0.15 0.0819178
670 0.15 0.0819178
671 0.25 0.0993399
672 0.25 0.0993399
673 0.3 0.105131
674 0.15 0.0819178
675 0.15 0.0819178
676 0.05 0.05
677 0.1 0.0688247
678 0.15 0.0819178
679 0.2 0.0917663
680 0.2 0.0917663
681 0.2 0.0917663
682 0.25 0.0993399
683 0.15 0.0819178
684 0.1 0.0688247
685 0.1 0.0688247
686 0.15 0.0819178
687 0.2 0.0917663
688 0.3 0.127733
689 0.25 0.0993399
690 0.25 0.0993399
691 0.2 0.0917663
692 0.2 0.0917663
693 0.2 0.0917663
694 0.2 0.0917663
695 0.2 0.0917663
696 0.25 0.0993399
697 0.2 0.0917663
698 0.3 0.105131
699 0.3 0.105131
700 0.3 0.105131
701 0.2 0.0917663
702 0.2 0.0917663
703 0.25 0.0993399
704 0.15 0.0819178
705 0.2 0.0917663
706 0.2 0.0917663
707 0.3 0.105131
708 0.35 0.109424
709 0.4 0.11239
710 0.4 0.11239
711 0.25 0.0993399
712 0.2 0.0917663
713 0.2 0.0917663
714 0.1 0.0688247
715 0.15 0.0819178
716 0.15 0.109424
717 0.15 0.109424
718 0.15 0.0819178
719 0.2 0.11698
720 0.2 0.11698
721 0.15 0.0819178
722 0.1 0.0688247
723 0.2 0.0917663
724 0.15 0.0819178
725 0.15 0.0819178
726 0.2 0.0917663
727 0.2 0.0917663
728 0.15 0.0819178
729 0.2 0.0917663
730 0.15 0.0819178
731 0.25 0.12301
732 0.45 0.153469
733 0.45 0.153469
734 0.4 0.152177
735 0.35 0.15
736 0.35 0.131289
737 0.35 0.131289
738 0.45 0.135239
739 0.45 0.135239
740 0.25 0.0993399
741 0.3 0.105131
742 0.2 0.0917663
743 0.15 0.0819178
744 0.1 0.0688247
745 0.1 0.0688247
746 0.05 0.05
747 0.05 0.05
748 0.05 0.05
749 0 0
750 0.1 0.0688247
751 0.1 0.0688247
752 0.05 0.05
753 0 0
754 0 0
755 0.05 0.05
756 0 0
757 0.1 0.0688247
758 0.15 0.0819178
759 0.1 0.0688247
760 0.2 0.0917663
761 0.15 0.0819178
762 0.05 0.05
763 0.1 0.0688247
764 0.05 0.05
765 0.1 0.0688247
766 0.1 0.0688247
767 0.15 0.0819178
768 0.2 0.0917663
769 0.25 0.0993399
770 0.2 0.0917663
771 0.2 0.0917663
772 0.35 0.109424
773 0.2 0.0917663
774 0.2 0.0917663
775 0.1 0.0688247
776 0.15 0.0819178
777 0.05 0.05
778 0.2 0.0917663
779 0.1 0.0688247
780 0.1 0.0688247
781 0.05 0.05
782 0.05 0.05
783 0.1 0.0688247
784 0.1 0.0688247
785 0.1 0.0688247
786 0.1 0.0688247
787 0.05 0.05
788 0.1 0.0688247
789 0.15 0.0819178
790 0.3 0.105131
791 0.2 0.0917663
792 0.2 0.0917663
793 0.15 0.0819178
794 0.05 0.05
795 0.1 0.0688247
796 0 0
797 0.05 0.05
798 0 0
799 0.05 0.05
800 0.1 0.1
801 0 0
802 0.05 0.05
803 0.05 0.05
804 0.05 0.05
805 0.05 0.05
806 0.05 0.05
807 0.05 0.05
808 0.15 0.109424
809 0.15 0.109424
810 0.05 0.05
811 0.05 0.05
812 0.1 0.0688247
813 0.1 0.0688247
814 0.15 0.0819178
815 0.15 0.0819178
816 0.15 0.0819178
817 0.2 0.0917663
818 0.25 0.12301
819 0.35 0.131289
820 0.25 0.12301
821 0.15 0.0819178
822 0.25 0.0993399
823 0.35 0.109424
824 0.2 0.0917663
825 0.15 0.0819178
826 0.15 0.0819178
827 0.2 0.0917663
828 0.2 0.0917663
829 0.15 0.0819178
830 0.15 0.0819178
831 0.2 0.11698
832 0.15 0.0819178
833 0.15 0.0819178
834 0.1 0.0688247
835 0.3 0.127733
836 0.2 0.0917663
837 0.15 0.0819178
838 0.15 0.0819178
839 0.1 0.0688247
840 0.15 0.0819178
841 0.15 0.0819178
842 0.15 0.109424
843 0.15 0.0819178
844 0.2 0.0917663
845 0.1 0.0688247
846 0.1 0.0688247
847 0.1 0.0688247
848 0.1 0.0688247
849 0.15 0.0819178
850 0.2 0.0917663
851 0.2 0.0917663
852 0.15 0.0819178
853 0.1 0.0688247
854 0.1 0.0688247
855 0.05 0.05
856 0.15 0.0819178
857 0.1 0.0688247
858 0.2 0.0917663
859 0.2 0.0917663
860 0.2 0.0917663
861 0.1 0.0688247
862 0.1 0.0688247
863 0.1 0.0688247
864 0.1 0.0688247
865 0.2 0.0917663
866 0.25 0.0993399
867 0.3 0.105131
868 0.1 0.0688247
869 0.15 0.0819178
870 0.15 0.0819178
871 0.15 0.0819178
872 0.1 0.0688247
873 0.1 0.0688247
874 0.15 0.0819178
875 0.15 0.0819178
876 0.25 0.0993399
877 0.25 0.0993399
878 0.15 0.0819178
879 0.2 0.0917663
880 0.15 0.0819178
881 0.15 0.0819178
882 0.2 0.11698
883 0.3 0.163836
884 0.35 0.15
885 0.25 0.0993399
886 0.25 0.0993399
887 0.35 0.131289
888 0.35 0.166623
889 0.35 0.166623
890 0.25 0.160181
891 0.4 0.168585
892 0.4 0.183533
893 0.45 0.184605
894 0.5 0.170139
895 0.45 0.153469
896 0.4 0.133771
897 0.35 0.131289
898 0.3 0.127733
899 0.25 0.12301
900 0.2 0.0917663
901 0.25 0.0993399
902 0.2 0.0917663
903 0.35 0.109424
904 0.1 0.0688247
905 0.25 0.0993399
906 0.3 0.105131
907 0.3 0.127733
908 0.25 0.12301
909 0.15 0.0819178
910 0.1 0.0688247
911 0.05 0.05
912 0.1 0.0688247
913 0.25 0.0993399
914 0.25 0.0993399
915 0.25 0.0993399
916 0.25 0.12301
917 0.2 0.11698
918 0.3 0.146898
919 0.4 0.168585
920 0.35 0.15
921 0.3 0.127733
922 0.25 0.12301
923 0.2 0.0917663
924 0.25 0.0993399
925 0.25 0.0993399
926 0.25 0.0993399
927 0.25 0.0993399
928 0.1 0.0688247
929 0.15 0.0819178
930 0.2 0.0917663
931 0.3 0.127733
932 0.25 0.12301
933 0.15 0.0819178
934 0.35 0.109424
935 0.25 0.0993399
936 0.35 0.131289
937 0.4 0.133771
938 0.35 0.109424
939 0.35 0.109424
940 0.4 0.152177
941 0.35 0.131289
942 0.35 0.131289
943 0.3 0.105131
944 0.3 0.105131
945 0.25 0.0993399
946 0.3 0.105131
947 0.25 0.0993399
948 0.2 0.0917663
949 0.25 0.0993399
950 0.2 0.0917663
951 0.25 0.0993399
952 0.2 0.11698
953 0.2 0.0917663
954 0.15 0.0819178
955 0.1 0.0688247
956 0.1 0.0688247
957 0.1 0.0688247
958 0.05 0.05
959 0.05 0.05
960 0.1 0.0688247
961 0.1 0.0688247
962 0.15 0.0819178
963 0.15 0.0819178
964 0.15 0.0819178
965 0.15 0.0819178
966 0.15 0.0819178
967 0.15 0.0819178
968 0.15 0.0819178
969 0.2 0.0917663
970 0.05 0.05
971 0.1 0.0688247
972 0.1 0.0688247
973 0.05 0.05
974 0.15 0.0819178
975 0.15 0.0819178
976 0.15 0.0819178
977 0.1 0.0688247
978 0.05 0.05
979 0.1 0.0688247
980 0.1 0.0688247
981 0.2 0.11698
982 0.2 0.11698
983 0.2 0.0917663
984 0.2 0.0917663
985 0.25 0.12301
986 0.3 0.127733
987 0.2 0.0917663
988 0.2 0.0917663
989 0.25 0.0993399
990 0.25 0.0993399
991 0.15 0.0819178
992 0.15 0.0819178
993 0.1 0.0688247
994 0.05 0.05
995 0.05 0.05
996 0.1 0.1
997 0.1 0.0688247
998 0.15 0.0819178
999 0.15 0.0819178
1000 0.15 0.0819178
1001 0.25 0.0993399
1002 0.3 0.127733
1003 0.15 0.0819178
1004 0.15 0.0819178
1005 0.1 0.0688247
1006 0.1 0.0688247
1007 0.15 0.0819178
1008 0.2 0.11698
1009 0.3 0.127733
1010 0.2 0.0917663
1011 0.15 0.0819178
1012 0.1 0.0688247
1013 0.15 0.0819178
1014 0.15 0.0819178
1015 0.15 0.0819178
1016 0.15 0.0819178
1017 0.2 0.0917663
1018 0.35 0.109424
1019 0.35 0.109424
1020 0.35 0.131289
1021 0.3 0.105131
1022 0.25 0.0993399
1023 0.25 0.0993399
1024 0.3 0.105131
1025 0.35 0.109424
1026 0.5 0.135724
1027 0.55 0.135239
1028 0.45 0.114133
1029 0.45 0.114133
1030 0.5 0.135724
1031 0.5 0.153897
1032 0.45 0.135239
1033 0.35 0.131289
1034 0.25 0.0993399
1035 0.35 0.109424
1036 0.45 0.114133
1037 0.25 0.0993399
1038 0.2 0.0917663
1039 0.1 0.0688247
1040 0.15 0.0819178
1041 0.2 0.0917663
1042 0.4 0.133771
1043 0.35 0.131289
1044 0.45 0.153469
1045 0.3 0.105131
1046 0.3 0.105131
1047 0.2 0.0917663
1048 0.15 0.0819178
1049 0.15 0.0819178
1050 0.15 0.0819178
1051 0.15 0.0819178
1052 0.15 0.0819178
1053 0.1 0.0688247
1054 0.2 0.0917663
1055 0.2 0.0917663
1056 0.25 0.12301
1057 0.3 0.127733
1058 0.35 0.131289
1059 0.45 0.153469
1060 0.45 0.135239
1061 0.5 0.135724
1062 0.5 0.135724
1063 0.5 0.135724
1064 0.5 0.135724
1065 0.5 0.135724
1066 0.45 0.135239
1067 0.35 0.109424
1068 0.3 0.105131
1069 0.2 0.0917663
1070 0.15 0.0819178
1071 0.15 0.0819178
1072 0.15 0.109424
1073 0.15 0.0819178
1074 0.15 0.0819178
1075 0.15 0.0819178
1076 0.05 0.05
1077 0.1 0.0688247
1078 0.1 0.0688247
1079 0.1 0.1
1080 0.05 0.05
1081 0.2 0.0917663
1082 0.2 0.0917663
1083 0.25 0.0993399
1084 0.2 0.0917663
1085 0.15 0.0819178
1086 0.15 0.0819178
1087 0.1 0.0688247
1088 0.2 0.0917663
1089 0.25 0.0993399
1090 0.25 0.0993399
1091 0.15 0.0819178
1092 0.15 0.0819178
1093 0.2 0.0917663
1094 0.25 0.0993399
1095 0.2 0.0917663
1096 0.15 0.0819178
1097 0.25 0.0993399
1098 0.4 0.133771
1099 0.3 0.105131
1100 0.35 0.109424
1101 0.3 0.127733
1102 0.3 0.127733
1103 0.25 0.0993399
1104 0.15 0.0819178
1105 0.2 0.0917663
1106 0.1 0.0688247
1107 0.25 0.0993399
1108 0.25 0.0993399
1109 0.2 0.0917663
1110 0.2 0.0917663
1111 0.2 0.0917663
1112 0.15 0.0819178
1113 0.2 0.0917663
1114 0.25 0.0993399
1115 0.25 0.0993399
1116 0.2 0.0917663
1117 0.25 0.0993399
1118 0.2 0.0917663
1119 0.2 0.0917663
1120 0.35 0.109424
1121 0.2 0.0917663
1122 0.1 0.0688247
1123 0.15 0.0819178
1124 0.15 0.0819178
1125 0.05 0.05
1126 0.1 0.0688247
1127 0.1 0.0688247
1128 0.15 0.109424
1129 0.05 0.05
1130 0.15 0.0819178
1131 0.1 0.0688247
1132 0.1 0.0688247
1133 0.2 0.0917663
1134 0.2 0.0917663
1135 0.1 0.0688247
1136 0.1 0.0688247
1137 0.1 0.0688247
1138 0.15 0.0819178
1139 0.1 0.0688247
1140 0.25 0.0993399
1141 0.3 0.127733
1142 0.35 0.109424
1143 0.25 0.0993399
1144 0.25 0.0993399
1145 0.3 0.105131
1146 0.25 0.0993399
1147 0.25 0.0993399
1148 0.2 0.0917663
1149 0.2 0.0917663
1150 0.25 0.12301
1151 0.2 0.0917663
1152 0.15 0.109424
1153 0.25 0.12301
1154 0.2 0.11698
1155 0.2 0.0917663
1156 0.15 0.0819178
1157 0.2 0.0917663
1158 0 0
1159 0.1 0.0688247
1160 0.15 0.0819178
1161 0.15 0.0819178
1162 0.25 0.12301
1163 0.1 0.0688247
1164 0.1 0.0688247
1165 0.15 0.0819178
1166 0.15 0.109424
1167 0.2 0.11698
1168 0.15 0.0819178
1169 0.15 0.0819178
1170 0.15 0.0819178
1171 0.2 0.11698
1172 0.15 0.109424
1173 0.2 0.11698
1174 0.25 0.12301
1175 0.2 0.0917663
1176 0.25 0.0993399
1177 0.25 0.0993399
1178 0.2 0.0917663
1179 0.2 0.0917663
1180 0.2 0.0917663
1181 0.3 0.127733
1182 0.25 0.12301
1183 0.2 0.0917663
1184 0.15 0.0819178
1185 0.1 0.0688247
1186 0.1 0.1
1187 0.15 0.0819178
1188 0.15 0.0819178
1189 0.15 0.0819178
1190 0.45 0.135239
1191 0.45 0.135239
1192 0.35 0.131289
1193 0.25 0.0993399
1194 0.25 0.0993399
1195 0.15 0.0819178
1196 0.15 0.0819178
1197 0.15 0.0819178
1198 0.2 0.11698
1199 0.15 0.0819178
1200 0 0
1201 0.1 0.0688247
1202 0.15 0.0819178
1203 0.15 0.0819178
1204 0.1 0.0688247
1205 0.2 0.0917663
1206 0.15 0.0819178
1207 0.15 0.0819178
1208 0.2 0.0917663
1209 0.1 0.0688247
1210 0.2 0.0917663
1211 0.25 0.0993399
1212 0.2 0.11698
1213 0.25 0.12301
1214 0.25 0.12301
1215 0.3 0.127733
1216 0.25 0.0993399
1217 0.35 0.109424
1218 0.3 0.105131
1219 0.3 0.105131
1220 0.35 0.131289
1221 0.3 0.105131
1222 0.25 0.0993399
1223 0.25 0.12301
1224 0.25 0.12301
1225 0.3 0.127733
1226 0.4 0.11239
1227 0.35 0.109424
1228 0.4 0.11239
1229 0.3 0.105131
1230 0.25 0.0993399
1231 0.15 0.0819178
1232 0.2 0.0917663
1233 0.2 0.0917663
1234 0.25 0.12301
1235 0.3 0.127733
1236 0.4 0.152177
1237 0.35 0.15
1238 0.3 0.146898
1239 0.2 0.0917663
1240 0.2 0.0917663
1241 0.2 0.0917663
1242 0.1 0.0688247
1243 0 0
1244 0 0
1245 0.05 0.05
1246 0.05 0.05
1247 0.15 0.0819178
1248 0.1 0.0688247
1249 0.15 0.109424
1250 0.15 0.0819178
1251 0.15 0.0819178
1252 0.15 0.109424
1253 0.2 0.11698
1254 0.15 0.0819178
1255 0.2 0.0917663
1256 0.1 0.0688247
1257 0.15 0.0819178
1258 0.25 0.0993399
1259 0.2 0.0917663
1260 0.2 0.0917663
1261 0.25 0.0993399
1262 0.2 0.0917663
1263 0.25 0.0993399
1264 0.2 0.0917663
1265 0.3 0.127733
1266 0.25 0.12301
1267 0.25 0.12301
1268 0.2 0.0917663
1269 0.25 0.0993399
1270 0.2 0.11698
1271 0.3 0.127733
1272 0.35 0.131289
1273 0.3 0.127733
1274 0.3 0.127733
1275 0.35 0.131289
1276 0.35 0.131289
1277 0.3 0.127733
1278 0.15 0.109424
1279 0.1 0.0688247
1280 0.1 0.0688247
1281 0.1 0.0688247
1282 0.1 0.0688247
1283 0.2 0.11698
1284 0.15 0.0819178
1285 0.25 0.0993399
1286 0.2 0.0917663
1287 0.3 0.105131
1288 0.3 0.127733
1289 0.45 0.153469
1290 0.35 0.131289
1291 0.25 0.0993399
1292 0.45 0.135239
1293 0.4 0.133771
1294 0.35 0.131289
1295 0.35 0.109424
1296 0.35 0.109424
1297 0.4 0.11239
1298 0.4 0.152177
1299 0.35 0.131289
1300 0.1 0.0688247
1301 0.15 0.0819178
1302 0.25 0.0993399
1303 0.3 0.105131
1304 0.25 0.0993399
1305 0.25 0.0993399
1306 0.2 0.0917663
1307 0.2 0.11698
1308 0.3 0.127733
1309 0.5 0.170139
1310 0.45 0.169752
1311 0.45 0.169752
1312 0.4 0.133771
1313 0.3 0.127733
1314 0.25 0.12301
1315 0.25 0.0993399
1316 0.25 0.0993399
1317 0.35 0.131289
1318 0.35 0.131289
1319 0.35 0.131289
1320 0.25 0.0993399
1321 0.2 0.0917663
1322 0.2 0.0917663
1323 0.2 0.0917663
1324 0.2 0.0917663
1325 0.15 0.0819178
1326 0.2 0.0917663
1327 0.25 0.0993399
1328 0.25 0.12301
1329 0.15 0.0819178
1330 0.15 0.109424
1331 0.15 0.0819178
1332 0.1 0.0688247
1333 0.15 0.0819178
1334 0.05 0.05
1335 0.15 0.109424
1336 0.1 0.0688247
1337 0.25 0.12301
1338 0.4 0.152177
1339 0.3 0.105131
1340 0.4 0.133771
1341 0.3 0.105131
1342 0.25 0.0993399
1343 0.35 0.109424
1344 0.3 0.105131
1345 0.35 0.109424
1346 0.3 0.105131
1347 0.25 0.0993399
1348 0.4 0.152177
1349 0.35 0.131289
1350 0.3 0.127733
1351 0.3 0.105131
1352 0.3 0.105131
1353 0.3 0.127733
1354 0.35 0.131289
1355 0.3 0.105131
1356 0.35 0.109424
1357 0.3 0.105131
1358 0.25 0.0993399
1359 0.45 0.114133
1360 0.35 0.109424
1361 0.35 0.109424
1362 0.3 0.105131
1363 0.25 0.0993399
1364 0.2 0.0917663
1365 0.25 0.12301
1366 0.3 0.105131
1367 0.2 0.0917663
1368 0.3 0.105131
1369 0.25 0.0993399
1370 0.2 0.11698
1371 0.15 0.0819178
1372 0.25 0.0993399
1373 0.35 0.109424
1374 0.25 0.0993399
1375 0.25 0.0993399
1376 0.3 0.105131
1377 0.35 0.131289
1378 0.35 0.131289
1379 0.4 0.133771
1380 0.4 0.133771
1381 0.45 0.135239
1382 0.45 0.135239
1383 0.45 0.135239
1384 0.45 0.135239
1385 0.5 0.135724
1386 0.4 0.11239
1387 0.5 0.153897
1388 0.45 0.135239
1389 0.35 0.131289
1390 0.35 0.109424
1391 0.4 0.11239
1392 0.3 0.105131
1393 0.3 0.105131
1394 0.3 0.105131
1395 0.25 0.0993399
1396 0.25 0.0993399
1397 0.25 0.0993399
1398 0.25 0.0993399
1399 0.25 0.0993399
1400 0.3 0.105131
1401 0.3 0.105131
1402 0.2 0.0917663
1403 0.35 0.109424
1404 0.45 0.135239
1405 0.45 0.153469
1406 0.4 0.133771
1407 0.35 0.131289
1408 0.35 0.131289
1409 0.3 0.127733
1410 0.15 0.0819178
1411 0.1 0.0688247
1412 0.15 0.109424
1413 0 0
1414 0 0
1415 0.15 0.0819178
1416 0.15 0.0819178
1417 0.2 0.0917663
1418 0.2 0.0917663
1419 0.1 0.0688247
1420 0.1 0.0688247
1421 0.1 0.0688247
1422 0.1 0.0688247
1423 0.15 0.0819178
1424 0.2 0.0917663
1425 0.35 0.109424
1426 0.25 0.0993399
1427 0.25 0.0993399
1428 0.25 0.0993399
1429 0.2 0.0917663
1430 0.2 0.0917663
1431 0.2 0.0917663
1432 0.2 0.0917663
1433 0.3 0.127733
1434 0.2 0.0917663
1435 0.2 0.0917663
1436 0.1 0.0688247
1437 0.05 0.05
1438 0.1 0.0688247
1439 0.1 0.0688247
1440 0.1 0.0688247
1441 0.15 0.0819178
1442 0.2 0.11698
1443 0.1 0.0688247
1444 0.1 0.0688247
1445 0.2 0.0917663
1446 0.25 0.12301
1447 0.4 0.133771
1448 0.25 0.0993399
1449 0.35 0.131289
1450 0.3 0.105131
1451 0.25 0.0993399
1452 0.2 0.0917663
1453 0.25 0.0993399
1454 0.2 0.0917663
1455 0.2 0.0917663
1456 0.25 0.0993399
1457 0.2 0.0917663
1458 0.25 0.0993399
1459 0.35 0.109424
1460 0.45 0.114133
1461 0.35 0.109424
1462 0.35 0.109424
1463 0.35 0.109424
1464 0.45 0.114133
1465 0.35 0.131289
1466 0.2 0.0917663
1467 0.2 0.0917663
1468 0.2 0.0917663
1469 0.25 0.0993399
1470 0.25 0.12301
1471 0.15 0.0819178
1472 0.15 0.0819178
1473 0.2 0.0917663
1474 0.2 0.0917663
1475 0.2 0.0917663
1476 0.2 0.0917663
1477 0.2 0.0917663
1478 0.25 0.12301
1479 0.25 0.0993399
1480 0.25 0.0993399
1481 0.2 0.0917663
1482 0.15 0.0819178
1483 0.05 0.05
1484 0.15 0.109424
1485 0.2 0.11698
1486 0.25 0.12301
1487 0.15 0.0819178
1488 0.05 0.05
1489 0.15 0.0819178
1490 0.1 0.0688247
1491 0.1 0.0688247
1492 0.1 0.1
1493 0.1 0.1
1494 0.05 0.05
1495 0.1 0.0688247
1496 0.2 0.0917663
1497 0.25 0.0993399
1498 0.15 0.0819178
1499 0.15 0.0819178
1500 0.25 0.12301
1501 0.25 0.12301
1502 0.1 0.0688247
1503 0.15 0.0819178
1504 0.25 0.0993399
1505 0.3 0.127733
1506 0.45 0.153469
1507 0.4 0.133771
1508 0.45 0.184605
1509 0.35 0.15
1510 0.35 0.131289
1511 0.4 0.133771
1512 0.35 0.131289
1513 0.2 0.0917663
1514 0.25 0.0993399
1515 0.25 0.12301
1516 0.2 0.11698
1517 0.3 0.127733
1518 0.2 0.0917663
1519 0.2 0.0917663
1520 0.15 0.0819178
1521 0.2 0.0917663
1522 0.25 0.0993399
1523 0.25 0.0993399
1524 0.25 0.0993399
1525 0.25 0.0993399
1526 0.25 0.0993399
1527 0.3 0.105131
1528 0.3 0.105131
1529 0.35 0.131289
1530 0.3 0.105131
1531 0.25 0.0993399
1532 0.3 0.127733
1533 0.25 0.12301
1534 0.25 0.0993399
1535 0.45 0.135239
1536 0.35 0.109424
1537 0.35 0.109424
1538 0.2 0.0917663
1539 0.15 0.0819178
1540 0.2 0.0917663
1541 0.25 0.12301
1542 0.25 0.12301
1543 0.25 0.12301
1544 0.05 0.05
1545 0.1 0.0688247
1546 0.1 0.0688247
1547 0.15 0.0819178
1548 0.15 0.0819178
1549 0.1 0.0688247
1550 0.15 0.0819178
1551 0.25 0.0993399
1552 0.2 0.0917663
1553 0.15 0.0819178
1554 0.15 0.0819178
1555 0.1 0.0688247
1556 0.1 0.0688247
1557 0.15 0.0819178
1558 0.25 0.12301
1559 0.25 0.12301
1560 0.15 0.0819178
1561 0.1 0.0688247
1562 0.2 0.0917663
1563 0.15 0.0819178
1564 0.1 0.0688247
1565 0.1 0.0688247
1566 0.1 0.0688247
1567 0.1 0.0688247
1568 0.25 0.12301
1569 0.25 0.12301
1570 0.15 0.0819178
1571 0.25 0.0993399
1572 0.25 0.0993399
1573 0.25 0.0993399
1574 0.4 0.152177
1575 0.3 0.127733
1576 0.4 0.133771
1577 0.4 0.133771
1578 0.35 0.131289
1579 0.4 0.133771
1580 0.3 0.105131
1581 0.1 0.0688247
1582 0.15 0.0819178
1583 0.15 0.0819178
1584 0.25 0.0993399
1585 0.3 0.105131
1586 0.25 0.0993399
1587 0.25 0.0993399
1588 0.35 0.109424
1589 0.35 0.131289
1590 0.45 0.153469
1591 0.5 0.153897
1592 0.5 0.153897
1593 0.45 0.135239
1594 0.4 0.133771
1595 0.4 0.133771
1596 0.35 0.15
1597 0.35 0.131289
1598 0.35 0.131289
1599 0.3 0.127733
1600 0.3 0.105131
1601 0.4 0.152177
1602 0.4 0.152177
1603 0.35 0.15
1604 0.3 0.146898
1605 0.3 0.146898
1606 0.3 0.105131
1607 0.3 0.127733
1608 0.35 0.131289
1609 0.35 0.166623
1610 0.15 0.0819178
1611 0.25 0.0993399
1612 0.15 0.0819178
1613 0.2 0.0917663
1614 0.3 0.127733
1615 0.35 0.166623
1616 0.3 0.163836
1617 0.4 0.133771
1618 0.4 0.133771
1619 0.3 0.127733
1620 0.25 0.12301
1621 0.2 0.0917663
1622 0 0
1623 0.1 0.0688247
1624 0.15 0.0819178
1625 0.2 0.0917663
1626 0.05 0.05
1627 0.1 0.0688247
1628 0.15 0.0819178
1629 0.2 0.0917663
1630 0.2 0.0917663
1631 0.2 0.11698
1632 0.15 0.0819178
1633 0.25 0.12301
1634 0.25 0.12301
1635 0.3 0.127733
1636 0.3 0.127733
1637 0.4 0.152177
1638 0.4 0.152177
1639 0.45 0.153469
1640 0.3 0.127733
1641 0.4 0.168585
1642 0.35 0.131289
1643 0.3 0.105131
1644 0.2 0.0917663
1645 0.15 0.0819178
1646 0.25 0.0993399
1647 0.1 0.0688247
1648 0.1 0.0688247
1649 0.15 0.0819178
1650 0.1 0.0688247
1651 0.1 0.0688247
1652 0.25 0.0993399
1653 0.2 0.0917663
1654 0.15 0.0819178
1655 0.25 0.0993399
1656 0.15 0.0819178
1657 0.25 0.12301
1658 0.15 0.0819178
1659 0.25 0.0993399
1660 0.25 0.0993399
1661 0.2 0.0917663
1662 0.25 0.0993399
1663 0.3 0.105131
1664 0.35 0.109424
1665 0.2 0.0917663
1666 0.15 0.0819178
1667 0.15 0.0819178
1668 0.1 0.0688247
1669 0.35 0.109424
1670 0.3 0.105131
1671 0.3 0.105131
1672 0.15 0.0819178
1673 0.2 0.0917663
1674 0.15 0.0819178
1675 0.2 0.11698
1676 0.1 0.0688247
1677 0.1 0.0688247
1678 0.15 0.0819178
1679 0.25 0.12301
1680 0.2 0.11698
1681 0.25 0.12301
1682 0.4 0.11239
1683 0.35 0.109424
1684 0.3 0.105131
1685 0.3 0.105131
1686 0.4 0.11239
1687 0.35 0.109424
1688 0.35 0.109424
1689 0.35 0.109424
1690 0.3 0.105131
1691 0.3 0.105131
1692 0.2 0.0917663
1693 0.2 0.0917663
1694 0.15 0.0819178
1695 0.05 0.05
1696 0.05 0.05
1697 0.05 0.05
1698 0.05 0.05
1699 0.05 0.05
1700 0.1 0.0688247
1701 0.05 0.05
1702 0.05 0.05
1703 0.05 0.05
1704 0.1 0.0688247
1705 0.1 0.0688247
1706 0.2 0.0917663
1707 0.25 0.0993399
1708 0.15 0.0819178
1709 0.2 0.11698
1710 0.2 0.11698
1711 0.15 0.109424
1712 0.15 0.109424
1713 0.05 0.05
1714 0.05 0.05
1715 0.2 0.11698
1716 0.25 0.12301
1717 0.1 0.0688247
1718 0.2 0.0917663
1719 0.15 0.0819178
1720 0.05 0.05
1721 0.15 0.0819178
1722 0.2 0.0917663
1723 0.25 0.0993399
1724 0.25 0.0993399
1725 0.2 0.0917663
1726 0.25 0.0993399
1727 0.25 0.0993399
1728 0.25 0.0993399
1729 0.3 0.105131
1730 0.35 0.109424
1731 0.3 0.105131
1732 0.4 0.168585
1733 0.4 0.133771
1734 0.3 0.105131
1735 0.35 0.131289
1736 0.35 0.131289
1737 0.35 0.131289
1738 0.25 0.12301
1739 0.3 0.127733
1740 0.4 0.133771
1741 0.35 0.131289
1742 0.35 0.109424
1743 0.3 0.127733
1744 0.35 0.109424
1745 0.2 0.0917663
1746 0.2 0.0917663
1747 0.25 0.0993399
1748 0.25 0.0993399
1749 0.3 0.105131
1750 0.25 0.0993399
1751 0.3 0.105131
1752 0.25 0.12301
1753 0.25 0.12301
1754 0.2 0.11698
1755 0.2 0.11698
1756 0.3 0.127733
1757 0.35 0.131289
1758 0.25 0.12301
1759 0.3 0.127733
1760 0.2 0.0917663
1761 0.25 0.0993399
1762 0.25 0.12301
1763 0.25 0.14281
1764 0.4 0.152177
1765 0.35 0.15
1766 0.3 0.105131
1767 0.4 0.11239
1768 0.3 0.105131
1769 0.25 0.0993399
1770 0.4 0.11239
1771 0.35 0.109424
1772 0.5 0.153897
1773 0.45 0.169752
1774 0.45 0.135239
1775 0.35 0.109424
1776 0.3 0.105131
1777 0.35 0.131289
1778 0.35 0.131289
1779 0.25 0.0993399
1780 0.2 0.0917663
1781 0.15 0.0819178
1782 0.1 0.0688247
1783 0 0
1784 0.15 0.0819178
1785 0.2 0.0917663
1786 0.25 0.0993399
1787 0.2 0.0917663
1788 0.15 0.0819178
1789 0.2 0.0917663
1790 0.25 0.0993399
1791 0.25 0.0993399
1792 0.25 0.12301
1793 0.25 0.12301
1794 0.25 0.12301
1795 0.25 0.12301
1796 0.25 0.12301
1797 0.2 0.11698
1798 0.2 0.11698
1799 0.15 0.0819178
1800 0.15 0.0819178
1801 0.15 0.0819178
1802 0.25 0.0993399
1803 0.25 0.0993399
1804 0.15 0.109424
1805 0.1 0.0688247
1806 0.1 0.0688247
1807 0.15 0.0819178
1808 0.15 0.0819178
1809 0.2 0.0917663
1810 0.4 0.11239
1811 0.4 0.133771
1812 0.4 0.133771
1813 0.45 0.153469
1814 0.45 0.135239
1815 0.35 0.131289
1816 0.35 0.131289
1817 0.25 0.0993399
1818 0.25 0.0993399
1819 0.25 0.0993399
1820 0.25 0.0993399
1821 0.35 0.15
1822 0.1 0.1
1823 0.05 0.05
1824 0.1 0.0688247
1825 0.15 0.0819178
1826 0.2 0.0917663
1827 0.2 0.0917663
1828 0.3 0.127733
1829 0.25 0.12301
1830 0.3 0.146898
1831 0.2 0.11698
1832 0.3 0.127733
1833 0.25 0.12301
1834 0.2 0.0917663
1835 0.3 0.127733
1836 0.25 0.0993399
1837 0.25 0.0993399
1838 0.25 0.0993399
1839 0.35 0.131289
1840 0.4 0.133771
1841 0.35 0.109424
1842 0.45 0.114133
1843 0.3 0.105131
1844 0.35 0.109424
1845 0.35 0.109424
1846 0.3 0.105131
1847 0.3 0.127733
1848 0.35 0.109424
1849 0.3 0.105131
1850 0.25 0.0993399
1851 0.3 0.127733
1852 0.2 0.11698
1853 0.15 0.0819178
1854 0.15 0.0819178
1855 0.1 0.0688247
1856 0.15 0.0819178
1857 0.2 0.0917663
1858 0.2 0.0917663
1859 0.2 0.0917663
1860 0.3 0.127733
1861 0.3 0.127733
1862 0.35 0.131289
1863 0.35 0.131289
1864 0.35 0.131289
1865 0.35 0.131289
1866 0.25 0.0993399
1867 0.05 0.05
1868 0.1 0.0688247
1869 0.1 0.0688247
1870 0.2 0.0917663
1871 0.3 0.127733
1872 0.3 0.105131
1873 0.35 0.109424
1874 0.35 0.109424
1875 0.35 0.131289
1876 0.45 0.135239
1877 0.35 0.109424
1878 0.25 0.0993399
1879 0.25 0.0993399
1880 0.2 0.0917663
1881 0.25 0.0993399
1882 0.25 0.0993399
1883 0.25 0.0993399
1884 0.3 0.105131
1885 0.2 0.0917663
1886 0.2 0.0917663
1887 0.15 0.0819178
1888 0.15 0.109424
1889 0.15 0.109424
1890 0.25 0.14281
1891 0.15 0.109424
1892 0.25 0.12301
1893 0.35 0.131289
1894 0.25 0.0993399
1895 0.3 0.105131
1896 0.25 0.0993399
1897 0.3 0.105131
1898 0.3 0.105131
1899 0.3 0.105131
1900 0.3 0.105131
1901 0.4 0.11239
1902 0.3 0.105131
1903 0.2 0.0917663
1904 0.1 0.0688247
1905 0.1 0.0688247
1906 0.15 0.0819178
1907 0.15 0.0819178
1908 0.15 0.0819178
1909 0.2 0.0917663
1910 0.2 0.0917663
1911 0.25 0.0993399
1912 0.2 0.0917663
1913 0.25 0.12301
1914 0.35 0.131289
1915 0.3 0.127733
1916 0.25 0.0993399
1917 0.2 0.11698
1918 0.2 0.11698
1919 0.2 0.11698
1920 0.25 0.12301
1921 0.25 0.12301
1922 0.35 0.15
1923 0.45 0.135239
1924 0.3 0.105131
1925 0.35 0.131289
1926 0.25 0.0993399
1927 0.25 0.0993399
1928 0.35 0.109424
1929 0.3 0.105131
1930 0.35 0.109424
1931 0.4 0.133771
1932 0.25 0.12301
1933 0.25 0.0993399
1934 0.15 0.0819178
1935 0.15 0.0819178
1936 0.15 0.0819178
1937 0.15 0.0819178
1938 0.15 0.0819178
1939 0.2 0.0917663
1940 0.15 0.0819178
1941 0.25 0.12301
1942 0.35 0.15
1943 0.15 0.0819178
1944 0.1 0.0688247
1945 0.1 0.0688247
1946 0.1 0.0688247
1947 0.05 0.05
1948 0.1 0.0688247
1949 0.2 0.0917663
1950 0.2 0.0917663
1951 0.25 0.0993399
1952 0.25 0.0993399
1953 0.25 0.0993399
1954 0.3 0.105131
1955 0.35 0.131289
1956 0.4 0.133771
1957 0.35 0.131289
1958 0.25 0.0993399
1959 0.15 0.0819178
1960 0.1 0.0688247
1961 0.05 0.05
1962 0.2 0.0917663
1963 0.35 0.109424
1964 0.2 0.0917663
1965 0.25 0.0993399
1966 0.25 0.12301
1967 0.3 0.127733
1968 0.45 0.169752
1969 0.25 0.12301
1970 0.3 0.127733
1971 0.25 0.12301
1972 0.25 0.12301
1973 0.35 0.166623
1974 0.4 0.168585
1975 0.25 0.12301
1976 0.15 0.0819178
1977 0.2 0.0917663
1978 0.15 0.0819178
1979 0.15 0.0819178
1980 0.1 0.0688247
1981 0.15 0.109424
1982 0.2 0.11698
1983 0.3 0.127733
1984 0.3 0.127733
1985 0.25 0.0993399
1986 0.25 0.0993399
1987 0.25 0.0993399
1988 0.25 0.0993399
1989 0.25 0.0993399
1990 0.25 0.0993399
1991 0.25 0.0993399
1992 0.15 0.0819178
1993 0.15 0.0819178
1994 0.2 0.0917663
1995 0.3 0.127733
1996 0.3 0.127733
1997 0.25 0.12301
1998 0.25 0.0993399
1999 0.3 0.105131
2000 0.3 0.105131
2001 0.3 0.105131
2002 0.25 0.12301
2003 0.25 0.0993399
2004 0.25 0.0993399
2005 0.3 0.105131
2006 0.3 0.127733
2007 0.35 0.131289
2008 0.35 0.109424
2009 0.4 0.11239
2010 0.4 0.11239
2011 0.35 0.109424
2012 0.3 0.105131
2013 0.35 0.109424
2014 0.35 0.109424
2015 0.15 0.0819178
2016 0.15 0.0819178
2017 0.25 0.0993399
2018 0.25 0.0993399
2019 0.2 0.0917663
2020 0.2 0.0917663
2021 0.25 0.0993399
2022 0.25 0.0993399
2023 0.15 0.0819178
2024 0.15 0.0819178
2025 0.3 0.105131
2026 0.3 0.105131
2027 0.35 0.109424
2028 0.25 0.0993399
2029 0.25 0.12301
2030 0.35 0.15
2031 0.2 0.0917663
2032 0.2 0.0917663
2033 0.2 0.0917663
2034 0.2 0.0917663
2035 0.25 0.0993399
2036 0.35 0.131289
2037 0.35 0.131289
2038 0.3 0.127733
2039 0.2 0.11698
2040 0.2 0.11698
2041 0.3 0.146898
2042 0.35 0.15
2043 0.25 0.12301
2044 0.3 0.127733
2045 0.4 0.11239
2046 0.35 0.131289
2047 0.3 0.127733
2048 0.2 0.0917663
2049 0.2 0.0917663
2050 0.1 0.0688247
2051 0.25 0.12301
2052 0.25 0.12301
2053 0.35 0.131289
2054 0.2 0.11698
2055 0.2 0.11698
2056 0.2 0.11698
2057 0.25 0.12301
2058 0.25 0.12301
2059 0.2 0.11698
2060 0.3 0.127733
2061 0.3 0.127733
2062 0.25 0.12301
2063 0.3 0.127733
2064 0.3 0.146898
2065 0.35 0.15
2066 0.45 0.153469
2067 0.4 0.152177
2068 0.35 0.131289
2069 0.35 0.131289
2070 0.3 0.105131
2071 0.3 0.105131
2072 0.2 0.0917663
2073 0.2 0.0917663
2074 0.15 0.0819178
2075 0.1 0.0688247
2076 0.1 0.0688247
2077 0.2 0.0917663
2078 0.25 0.0993399
2079 0.25 0.0993399
2080 0.25 0.0993399
2081 0.4 0.11239
2082 0.4 0.11239
2083 0.35 0.109424
2084 0.4 0.11239
2085 0.35 0.109424
2086 0.3 0.105131
2087 0.3 0.127733
2088 0.3 0.127733
2089 0.3 0.127733
2090 0.2 0.0917663
2091 0.15 0.0819178
2092 0.1 0.0688247
2093 0.15 0.0819178
2094 0.2 0.0917663
2095 0.3 0.105131
2096 0.3 0.105131
2097 0.35 0.109424
2098 0.35 0.109424
2099 0.35 0.131289
2100 0.35 0.131289
2101 0.4 0.133771
2102 0.5 0.135724
2103 0.55 0.135239
2104 0.6 0.133771
2105 0.55 0.135239
2106 0.5 0.135724
2107 0.45 0.135239
2108 0.35 0.109424
2109 0.2 0.0917663
2110 0.1 0.0688247
2111 0.25 0.0993399
2112 0.25 0.0993399
2113 0.45 0.135239
2114 0.35 0.131289
2115 0.4 0.133771
2116 0.45 0.135239
2117 0.45 0.135239
2118 0.45 0.153469
2119 0.4 0.133771
2120 0.25 0.0993399
2121 0.35 0.131289
2122 0.25 0.0993399
2123 0.25 0.0993399
2124 0.05 0.05
2125 0.05 0.05
2126 0.1 0.0688247
2127 0.1 0.0688247
2128 0.2 0.0917663
2129 0.35 0.131289
2130 0.3 0.127733
2131 0.25 0.12301
2132 0.2 0.11698
2133 0.1 0.0688247
2134 0.2 0.0917663
2135 0.1 0.0688247
2136 0.2 0.0917663
2137 0.1 0.0688247
2138 0.2 0.0917663
2139 0.25 0.0993399
2140 0.25 0.0993399
2141 0.3 0.105131
2142 0.1 0.0688247
2143 0.25 0.0993399
2144 0.3 0.105131
2145 0.25 0.0993399
2146 0.25 0.0993399
2147 0.25 0.0993399
2148 0.2 0.0917663
2149 0.2 0.0917663
2150 0.3 0.105131
2151 0.3 0.105131
2152 0.3 0.105131
2153 0.25 0.0993399
2154 0.25 0.0993399
2155 0.25 0.0993399
2156 0.3 0.127733
2157 0.35 0.15
2158 0.35 0.15
2159 0.3 0.163836
2160 0.2 0.0917663
2161 0.2 0.0917663
2162 0.35 0.131289
2163 0.5 0.153897
2164 0.3 0.127733
2165 0.35 0.131289
2166 0.35 0.131289
2167 0.35 0.131289
2168 0.3 0.105131
2169 0.35 0.109424
2170 0.4 0.11239
2171 0.4 0.133771
2172 0.45 0.135239
2173 0.4 0.133771
2174 0.35 0.109424
2175 0.4 0.11239
2176 0.4 0.11239
2177 0.25 0.12301
2178 0.3 0.127733
2179 0.25 0.0993399
2180 0.1 0.0688247
2181 0.15 0.0819178
2182 0.1 0.0688247
2183 0.05 0.05
2184 0.1 0.0688247
2185 0.05 0.05
2186 0.15 0.0819178
2187 0.05 0.05
2188 0.05 0.05
2189 0.05 0.05
2190 0.05 0.05
2191 0.1 0.0688247
2192 0.1 0.0688247
2193 0.05 0.05
2194 0.05 0.05
2195 0.05 0.05
2196 0.05 0.05
2197 0.15 0.0819178
2198 0.1 0.0688247
2199 0.15 0.0819178
2200 0.15 0.0819178
2201 0.05 0.05
2202 0.15 0.0819178
2203 0.15 0.0819178
2204 0.2 0.0917663
2205 0.15 0.0819178
2206 0.15 0.109424
2207 0.1 0.0688247
2208 0 0
2209 0 0
2210 0 0
2211 0.1 0.0688247
2212 0.05 0.05
2213 0.05 0.05
2214 0 0
2215 0 0
2216 0 0
2217 0.1 0.0688247
2218 0.2 0.11698
2219 0.15 0.0819178
2220 0.2 0.0917663
2221 0.2 0.0917663
2222 0.25 0.12301
2223 0.35 0.109424
2224 0.2 0.0917663
2225 0.05 0.05
2226 0.05 0.05
2227 0.05 0.05
2228 0 0
2229 0.05 0.05
2230 0.05 0.05
2231 0.1 0.0688247
2232 0.1 0.0688247
2233 0.1 0.0688247
2234 0.1 0.0688247
2235 0.1 0.0688247
2236 0.15 0.0819178
2237 0.15 0.0819178
2238 0.15 0.109424
2239 0.15 0.109424
2240 0.15 0.109424
2241 0.15 0.109424
2242 0.15 0.0819178
2243 0.1 0.0688247
2244 0.05 0.05
2245 0.05 0.05
2246 0.05 0.05
2247 0.05 0.05
2248 0.1 0.0688247
2249 0.1 0.0688247
2250 0.15 0.0819178
2251 0.05 0.05
2252 0.05 0.05
2253 0.1 0.0688247
2254 0.15 0.0819178
2255 0.15 0.0819178
2256 0.15 0.0819178
2257 0.1 0.0688247
2258 0.1 0.0688247
2259 0.1 0.0688247
2260 0.25 0.0993399
2261 0.25 0.0993399
2262 0.2 0.0917663
2263 0.2 0.0917663
2264 0.15 0.0819178
2265 0.2 0.0917663
2266 0.3 0.105131
2267 0.25 0.0993399
2268 0.2 0.11698
2269 0.2 0.11698
2270 0.15 0.0819178
2271 0.15 0.0819178
2272 0.25 0.0993399
2273 0.25 0.0993399
2274 0.25 0.0993399
2275 0.2 0.0917663
2276 0.25 0.0993399
2277 0.25 0.0993399
2278 0.15 0.0819178
2279 0.2 0.0917663
2280 0.1 0.0688247
2281 0.15 0.0819178
2282 0.15 0.0819178
2283 0.25 0.12301
2284 0.25 0.12301
2285 0.25 0.12301
2286 0.25 0.0993399
2287 0.3 0.105131
2288 0.35 0.131289
2289 0.15 0.0819178
2290 0.2 0.11698
2291 0.2 0.0917663
2292 0.15 0.0819178
2293 0.15 0.0819178
2294 0.15 0.0819178
2295 0.15 0.0819178
2296 0.1 0.0688247
2297 0.1 0.0688247
2298 0.1 0.0688247
2299 0.2 0.11698
2300 0.15 0.109424
2301 0.15 0.0819178
2302 0.2 0.0917663
2303 0.2 0.11698
2304 0.3 0.127733
2305 0.25 0.12301
2306 0.1 0.0688247
2307 0.1 0.0688247
2308 0.1 0.0688247
2309 0.2 0.0917663
2310 0.2 0.11698
2311 0.25 0.12301
2312 0.2 0.11698
2313 0.2 0.11698
2314 0.25 0.14281
2315 0.3 0.146898
2316 0.2 0.11698
2317 0.3 0.127733
2318 0.2 0.0917663
2319 0.2 0.0917663
2320 0.25 0.0993399
2321 0.15 0.0819178
2322 0.2 0.11698
2323 0.15 0.0819178
2324 0.25 0.0993399
2325 0.2 0.11698
2326 0.15 0.0819178
2327 0.2 0.11698
2328 0.25 0.12301
2329 0.35 0.131289
2330 0.25 0.160181
2331 0.2 0.11698
2332 0.15 0.0819178
2333 0.15 0.0819178
2334 0.15 0.0819178
2335 0.1 0.0688247
2336 0.15 0.0819178
2337 0.15 0.0819178
2338 0.15 0.0819178
2339 0.25 0.12301
2340 0.1 0.1
2341 0.15 0.109424
2342 0.15 0.0819178
2343 0.05 0.05
2344 0.1 0.0688247
2345 0.05 0.05
2346 0.1 0.0688247
2347 0.2 0.0917663
2348 0.2 0.0917663
2349 0.2 0.11698
2350 0.25 0.14281
2351 0.1 0.0688247
2352 0.05 0.05
2353 0.1 0.0688247
2354 0.1 0.0688247
2355 0.1 0.0688247
2356 0.05 0.05
2357 0 0
2358 0.05 0.05
2359 0.05 0.05
2360 0.1 0.0688247
2361 0.25 0.12301
2362 0.25 0.12301
2363 0.2 0.11698
2364 0.25 0.12301
2365 0.15 0.109424
2366 0.1 0.1
2367 0.1 0.0688247
2368 0.1 0.0688247
2369 0.05 0.05
2370 0.05 0.05
2371 0.1 0.0688247
2372 0.1 0.0688247
2373 0.05 0.05
2374 0.05 0.05
2375 0.05 0.05
2376 0.15 0.0819178
2377 0.35 0.131289
2378 0.25 0.12301
2379 0.25 0.0993399
2380 0.3 0.127733
2381 0.25 0.12301
2382 0.3 0.127733
2383 0.25 0.0993399
2384 0.25 0.0993399
2385 0.25 0.0993399
2386 0.35 0.131289
2387 0.25 0.0993399
2388 0.25 0.0993399
2389 0.15 0.0819178
2390 0.25 0.0993399
2391 0.3 0.105131
2392 0.25 0.0993399
2393 0.2 0.0917663
2394 0.15 0.0819178
2395 0.15 0.0819178
2396 0.15 0.0819178
2397 0.15 0.0819178
2398 0.1 0.0688247
2399 0.2 0.0917663
2400 0.15 0.0819178
2401 0.2 0.0917663
2402 0.2 0.11698
2403 0.25 0.14281
2404 0.2 0.11698
2405 0.25 0.0993399
2406 0.25 0.12301
2407 0.15 0.0819178
2408 0.15 0.0819178
2409 0.15 0.0819178
2410 0.25 0.0993399
2411 0.25 0.0993399
2412 0.15 0.0819178
2413 0.15 0.0819178
2414 0.1 0.0688247
2415 0.1 0.0688247
2416 0.15 0.0819178
2417 0.1 0.0688247
2418 0.15 0.0819178
2419 0.15 0.0819178
2420 0.1 0.0688247
2421 0.05 0.05
2422 0.05 0.05
2423 0.05 0.05
2424 0.15 0.0819178
2425 0.15 0.0819178
2426 0.15 0.0819178
2427 0.15 0.0819178
2428 0.15 0.0819178
2429 0.25 0.12301
2430 0.15 0.0819178
2431 0.15 0.0819178
2432 0.15 0.0819178
2433 0.1 0.0688247
2434 0.2 0.11698
2435 0.15 0.109424
2436 0.2 0.0917663
2437 0.15 0.0819178
2438 0.15 0.109424
2439 0.2 0.11698
2440 0.15 0.0819178
2441 0.2 0.0917663
2442 0.2 0.0917663
2443 0.25 0.12301
2444 0.25 0.12301
2445 0.35 0.15
2446 0.2 0.11698
2447 0.2 0.11698
2448 0.2 0.0917663
2449 0.2 0.0917663
2450 0.25 0.0993399
2451 0.3 0.127733
2452 0.3 0.105131
2453 0.25 0.0993399
2454 0.25 0.0993399
2455 0.25 0.0993399
2456 0.25 0.0993399
2457 0.3 0.105131
2458 0.2 0.0917663
2459 0.15 0.0819178
2460 0.2 0.0917663
2461 0.2 0.0917663
2462 0.15 0.0819178
2463 0.15 0.0819178
2464 0.25 0.0993399
2465 0.25 0.0993399
2466 0.25 0.0993399
2467 0.25 0.0993399
2468 0.25 0.0993399
2469 0.25 0.0993399
2470 0.35 0.109424
2471 0.3 0.105131
2472 0.25 0.0993399
2473 0.35 0.131289
2474 0.45 0.153469
2475 0.2 0.0917663
2476 0.35 0.109424
2477 0.25 0.0993399
2478 0.1 0.0688247
2479 0.1 0.0688247
2480 0.15 0.0819178
2481 0.05 0.05
2482 0.15 0.0819178
2483 0.15 0.0819178
2484 0.25 0.0993399
2485 0.2 0.0917663
2486 0.2 0.0917663
2487 0.1 0.0688247
2488 0.1 0.0688247
2489 0.1 0.0688247
2490 0.15 0.0819178
2491 0.2 0.0917663
2492 0.2 0.0917663
2493 0.3 0.105131
2494 0.2 0.0917663
2495 0.15 0.0819178
2496 0.1 0.0688247
2497 0.15 0.0819178
2498 0.15 0.0819178
2499 0.1 0.0688247
2500 0.1 0.0688247
2501 0.1 0.0688247
2502 0.15 0.0819178
2503 0.2 0.0917663
2504 0.1 0.0688247
2505 0.15 0.0819178
2506 0.15 0.0819178
2507 0.15 0.0819178
2508 0.25 0.12301
2509 0.15 0.0819178
2510 0.1 0.0688247
2511 0.05 0.05
2512 0.05 0.05
2513 0.05 0.05
2514 0.05 0.05
2515 0.05 0.05
2516 0 0
2517 0.05 0.05
2518 0.1 0.0688247
2519 0.15 0.109424
2520 0.1 0.1
2521 0.15 0.109424
2522 0.15 0.109424
2523 0.05 0.05
2524 0.05 0.05
2525 0.1 0.0688247
2526 0.2 0.0917663
2527 0.15 0.0819178
2528 0.2 0.0917663
2529 0.2 0.0917663
2530 0.1 0.0688247
2531 0.1 0.0688247
2532 0.1 0.0688247
2533 0.3 0.105131
2534 0.25 0.0993399
2535 0.25 0.0993399
2536 0.3 0.105131
2537 0.3 0.105131
2538 0.2 0.0917663
2539 0.25 0.12301
2540 0.1 0.0688247
2541 0.05 0.05
2542 0.15 0.0819178
2543 0.05 0.05
2544 0.05 0.05
2545 0.05 0.05
2546 0 0
2547 0.15 0.0819178
2548 0.1 0.0688247
2549 0.1 0.0688247
2550 0.1 0.0688247
2551 0.05 0.05
2552 0.15 0.0819178
2553 0.2 0.11698
2554 0.15 0.0819178
2555 0.1 0.0688247
2556 0.05 0.05
2557 0.2 0.11698
2558 0.3 0.146898
2559 0.3 0.146898
2560 0.3 0.127733
2561 0.35 0.131289
2562 0.35 0.131289
2563 0.25 0.0993399
2564 0.2 0.0917663
2565 0.15 0.0819178
2566 0.1 0.0688247
2567 0.15 0.0819178
2568 0.15 0.0819178
2569 0.15 0.0819178
2570 0.25 0.12301
2571 0.25 0.12301
2572 0.25 0.12301
2573 0.35 0.131289
2574 0.25 0.0993399
2575 0.15 0.0819178
2576 0.15 0.0819178
2577 0.2 0.0917663
2578 0.3 0.105131
2579 0.15 0.0819178
2580 0.2 0.0917663
2581 0.2 0.0917663
2582 0.1 0.0688247
2583 0.1 0.0688247
2584 0.1 0.0688247
2585 0.1 0.0688247
2586 0.1 0.0688247
2587 0.05 0.05
2588 0.1 0.0688247
2589 0.1 0.0688247
2590 0.1 0.0688247
2591 0.15 0.0819178
2592 0.1 0.0688247
