0 0 0
1 0 0
2 0 0
3 0.05 0.05
4 0.2 0.11698
5 0.3 0.127733
6 0.3 0.127733
7 0.6 0.152177
8 0.65 0.181731
9 1.05 0.2112
10 1.25 0.25
11 1.4 0.244949
12 1.55 0.245753
13 1.6 0.265568
14 1.7 0.262578
15 1.75 0.260314
16 1.8 0.257519
17 2.05 0.28539
18 2.15 0.292674
19 2.35 0.264326
20 2.5 0.28562
21 2.65 0.318508
22 2.7 0.333246
23 2.75 0.369031
24 2.7 0.384571
25 2.8 0.401314
26 2.9 0.40975
27 2.95 0.425966
28 2.95 0.425966
29 2.95 0.425966
30 2.95 0.425966
31 3 0.416754
32 3.2 0.381134
33 3.3 0.398021
34 3.45 0.407011
35 3.5 0.413585
36 3.4 0.379751
37 3.4 0.379751
38 3.45 0.366168
39 3.4 0.372756
40 3.45 0.393867
41 3.5 0.380443
42 3.45 0.387128
43 3.55 0.413426
44 3.65 0.378883
45 3.55 0.393867
46 3.6 0.4
47 3.65 0.418487
48 3.7 0.423643
49 3.6 0.393366
50 3.65 0.378883
51 3.7 0.377666
52 3.8 0.387977
53 3.8 0.407818
54 3.9 0.396697
55 4.05 0.393867
56 4.15 0.399177
57 4.15 0.399177
58 4.1 0.396697
59 4.05 0.425966
60 4.05 0.413426
61 4.1 0.40975
62 4.15 0.412151
63 4.2 0.414221
64 4.1 0.446625
65 4.25 0.42843
66 4.3 0.42981
67 4.3 0.42981
68 4.3 0.417385
69 4.3 0.417385
70 4.45 0.393867
71 4.5 0.394034
72 4.55 0.413426
73 4.55 0.413426
74 4.6 0.425503
75 4.5 0.450146
76 4.45 0.438148
77 4.5 0.438298
78 4.65 0.460406
79 4.6 0.455377
80 4.6 0.46112
81 4.65 0.460406
82 4.7 0.417385
83 4.6 0.4
84 4.75 0.422243
85 4.7 0.423643
86 4.65 0.405716
87 4.65 0.405716
88 4.75 0.396531
89 4.85 0.424729
90 4.9 0.422399
91 5 0.390681
92 5 0.390681
93 4.9 0.390007
94 4.9 0.362012
95 4.95 0.366168
96 4.9 0.37627
97 4.85 0.342399
98 4.9 0.354668
99 4.85 0.371873
100 5 0.390681
101 4.9 0.390007
102 4.95 0.419743
103 4.95 0.419743
104 5 0.464531
105 4.95 0.472814
106 4.95 0.45
107 5 0.45306
108 4.95 0.45
109 4.95 0.45
110 4.9 0.458258
111 4.9 0.458258
112 4.9 0.469602
113 4.95 0.467215
114 5 0.470162
115 5 0.470162
116 5 0.470162
117 5.1 0.434681
118 5 0.403928
119 5 0.403928
120 5 0.403928
121 4.95 0.387128
122 4.95 0.38027
123 5.05 0.407011
124 5.1 0.40975
125 5.2 0.438898
126 5.1 0.428584
127 5.25 0.440544
128 5.25 0.434529
129 5.25 0.434529
130 5.1 0.416122
131 5.1 0.416122
132 5.2 0.414221
133 5.1 0.396697
134 5.15 0.371873
135 5.1 0.36921
136 5.05 0.373286
137 5.1 0.347169
138 5.2 0.374166
139 5.2 0.374166
140 5.25 0.383028
141 5.25 0.383028
142 5.3 0.398021
143 5.35 0.392529
144 5.4 0.386618
145 5.3 0.384571
146 5.1 0.362012
147 5.1 0.354668
148 5.1 0.37627
149 5.05 0.387128
150 4.95 0.413426
151 4.95 0.407011
152 5.05 0.387128
153 5 0.383886
154 4.9 0.37627
155 4.85 0.405716
156 4.95 0.387128
157 5.05 0.38027
158 5.05 0.366168
159 5.1 0.362012
160 5.1 0.354668
161 5.15 0.35
162 5.05 0.328273
163 5.05 0.328273
164 5.05 0.343932
165 5.05 0.343932
166 5.1 0.339504
167 5.2 0.344887
168 5.3 0.363463
169 5.25 0.369031
170 5.35 0.35744
171 5.35 0.35744
172 5.2 0.352435
173 5.15 0.35744
174 5.25 0.369031
175 5.25 0.383028
176 5.3 0.398021
177 5.35 0.412151
178 5.3 0.417385
179 5.25 0.415964
180 5.2 0.426738
181 5.25 0.440544
182 5.3 0.42981
183 5.25 0.396531
184 5.2 0.401314
185 5.15 0.399177
186 5.2 0.394702
187 5.15 0.385766
188 5.15 0.385766
189 5.15 0.385766
190 5.05 0.366168
191 5.05 0.366168
192 5.05 0.38027
193 5 0.390681
194 4.9 0.396697
195 5.05 0.387128
196 5 0.423022
197 5.05 0.407011
198 5.05 0.38027
199 5.1 0.416122
200 5.2 0.414221
201 5.1 0.416122
202 5.1 0.416122
203 5.1 0.416122
204 5.1 0.403276
205 5.15 0.436945
206 5.15 0.399177
207 5.2 0.387977
208 5.1 0.396697
209 5.15 0.392529
210 5.05 0.400493
211 4.95 0.444114
212 5 0.435286
213 5 0.435286
214 5.15 0.424729
215 5.15 0.424729
216 5.2 0.387977
217 5.3 0.370632
218 5.35 0.35
219 5.45 0.358909
220 5.45 0.358909
221 5.45 0.407011
222 5.35 0.412151
223 5.4 0.393366
224 5.35 0.378883
225 5.3 0.384571
226 5.25 0.389838
227 5.2 0.401314
228 5.2 0.401314
229 5.2 0.401314
230 5.25 0.389838
231 5.2 0.394702
232 5.2 0.394702
233 5.3 0.391354
234 5.35 0.364728
235 5.25 0.376095
236 5.3 0.370632
237 5.25 0.354483
238 5.3 0.325253
239 5.4 0.350939
240 5.45 0.351501
241 5.45 0.38027
242 5.45 0.38027
243 5.45 0.358909
244 5.45 0.336194
245 5.45 0.311828
246 5.45 0.311828
247 5.6 0.284697
248 5.6 0.284697
249 5.6 0.284697
250 5.6 0.284697
251 5.5 0.312039
252 5.45 0.311828
253 5.45 0.276015
254 5.45 0.276015
255 5.45 0.294467
256 5.35 0.310136
257 5.4 0.311195
258 5.35 0.318508
259 5.5 0.328473
260 5.5 0.328473
261 5.5 0.328473
262 5.55 0.328273
263 5.6 0.293795
264 5.5 0.29469
265 5.5 0.276253
266 5.5 0.276253
267 5.5 0.276253
268 5.45 0.294467
269 5.6 0.319539
270 5.55 0.328273
271 5.45 0.28539
272 5.45 0.28539
273 5.5 0.276253
274 5.5 0.276253
275 5.35 0.264326
276 5.35 0.264326
277 5.45 0.28539
278 5.5 0.312039
279 5.5 0.312039
280 5.6 0.319539
281 5.6 0.343358
282 5.6 0.335606
283 5.65 0.342399
284 5.6 0.335606
285 5.55 0.336194
286 5.6 0.343358
287 5.75 0.323427
288 5.8 0.304354
289 5.85 0.301531
290 5.85 0.310136
291 5.85 0.326666
292 5.8 0.337171
293 5.7 0.356149
294 5.75 0.331464
295 5.75 0.331464
296 5.8 0.344887
297 5.8 0.344887
298 5.55 0.351501
299 5.5 0.351688
300 5.55 0.336194
301 5.45 0.328273
302 5.4 0.343358
303 5.4 0.343358
304 5.55 0.311828
305 5.55 0.303272
306 5.45 0.294467
307 5.4 0.293795
308 5.4 0.293795
309 5.45 0.294467
310 5.45 0.294467
311 5.5 0.29469
312 5.55 0.303272
313 5.5 0.303488
314 5.5 0.320362
315 5.45 0.336194
316 5.45 0.336194
317 5.5 0.328473
318 5.4 0.284697
319 5.35 0.264326
320 5.4 0.275299
321 5.4 0.275299
322 5.35 0.28354
323 5.35 0.28354
324 5.4 0.275299
325 5.35 0.28354
326 5.45 0.234801
327 5.4 0.233959
328 5.45 0.234801
329 5.4 0.222427
330 5.55 0.26631
331 5.6 0.284697
332 5.6 0.311195
333 5.5 0.312039
334 5.5 0.312039
335 5.6 0.335606
336 5.65 0.35
337 5.65 0.35
338 5.7 0.356149
339 5.75 0.33931
340 5.65 0.342399
341 5.6 0.343358
342 5.55 0.373286
343 5.55 0.393867
344 5.55 0.393867
345 5.55 0.393867
346 5.55 0.393867
347 5.55 0.400493
348 5.55 0.387128
349 5.6 0.379751
350 5.55 0.393867
351 5.65 0.371873
352 5.7 0.370632
353 5.65 0.35
354 5.65 0.35
355 5.6 0.343358
356 5.55 0.343932
357 5.45 0.343932
358 5.5 0.344124
359 5.5 0.344124
360 5.55 0.343932
361 5.45 0.351501
362 5.4 0.335606
363 5.3 0.356149
364 5.3 0.356149
365 5.3 0.341051
366 5.3 0.348682
367 5.25 0.376095
368 5.25 0.376095
369 5.3 0.348682
370 5.35 0.35744
371 5.4 0.358359
372 5.5 0.351688
373 5.5 0.351688
374 5.5 0.351688
375 5.45 0.351501
376 5.55 0.351501
377 5.55 0.351501
378 5.55 0.351501
379 5.55 0.351501
380 5.6 0.372756
381 5.6 0.343358
382 5.5 0.328473
383 5.45 0.311828
384 5.4 0.30262
385 5.5 0.29469
386 5.45 0.303272
387 5.5 0.303488
388 5.6 0.311195
389 5.5 0.303488
390 5.5 0.303488
391 5.45 0.311828
392 5.45 0.311828
393 5.4 0.335606
394 5.35 0.318508
395 5.25 0.306723
396 5.3 0.348682
397 5.4 0.343358
398 5.4 0.350939
399 5.45 0.358909
400 5.45 0.358909
401 5.5 0.366348
402 5.5 0.366348
403 5.45 0.358909
404 5.5 0.373462
405 5.5 0.359092
406 5.5 0.359092
407 5.55 0.38027
408 5.65 0.378883
409 5.65 0.364728
410 5.6 0.379751
411 5.6 0.358359
412 5.6 0.358359
413 5.6 0.358359
414 5.55 0.38027
415 5.55 0.373286
416 5.4 0.379751
417 5.4 0.379751
418 5.5 0.380443
419 5.5 0.380443
420 5.4 0.4
421 5.45 0.393867
422 5.45 0.351501
423 5.45 0.351501
424 5.4 0.365629
425 5.45 0.358909
426 5.45 0.358909
427 5.55 0.366168
428 5.55 0.366168
429 5.5 0.359092
430 5.45 0.358909
431 5.55 0.366168
432 5.55 0.366168
433 5.55 0.38027
434 5.6 0.379751
435 5.5 0.359092
436 5.5 0.359092
437 5.5 0.359092
438 5.45 0.328273
439 5.5 0.328473
440 5.4 0.335606
441 5.45 0.343932
442 5.45 0.358909
443 5.55 0.366168
444 5.6 0.365629
445 5.5 0.407173
446 5.45 0.393867
447 5.55 0.425966
448 5.6 0.412948
449 5.55 0.444114
450 5.45 0.425966
451 5.45 0.387128
452 5.45 0.400493
453 5.55 0.400493
454 5.55 0.413426
455 5.55 0.444114
456 5.5 0.432252
457 5.5 0.432252
458 5.5 0.432252
459 5.5 0.400657
460 5.5 0.400657
461 5.6 0.412948
462 5.7 0.447802
463 5.65 0.448829
464 5.55 0.461548
465 5.45 0.467215
466 5.45 0.478347
467 5.45 0.478347
468 5.5 0.455955
469 5.4 0.425503
470 5.35 0.424729
471 5.45 0.400493
472 5.4 0.4
473 5.45 0.400493
474 5.4 0.393366
475 5.35 0.378883
476 5.25 0.396531
477 5.35 0.405716
478 5.5 0.380443
479 5.5 0.387298
480 5.5 0.387298
481 5.5 0.387298
482 5.5 0.387298
483 5.5 0.387298
484 5.5 0.373462
485 5.5 0.373462
486 5.5 0.373462
487 5.45 0.366168
488 5.4 0.358359
489 5.35 0.371873
490 5.3 0.370632
491 5.35 0.378883
492 5.35 0.378883
493 5.25 0.383028
494 5.2 0.381134
495 5.25 0.396531
496 5.2 0.407818
497 5.2 0.407818
498 5.2 0.401314
499 5.2 0.387977
500 5.15 0.385766
501 5.2 0.367065
502 5.15 0.399177
503 5.15 0.399177
504 5.2 0.381134
505 5.2 0.374166
506 5.2 0.359825
507 5.2 0.352435
508 5.25 0.346979
509 5.2 0.337171
510 5.35 0.371873
511 5.3 0.370632
512 5.25 0.36183
513 5.2 0.359825
514 5.3 0.377666
515 5.35 0.385766
516 5.4 0.379751
517 5.35 0.392529
518 5.3 0.377666
519 5.35 0.364728
520 5.25 0.354483
521 5.2 0.344887
522 5.15 0.35
523 5.2 0.344887
524 5.25 0.354483
525 5.3 0.370632
526 5.3 0.370632
527 5.25 0.369031
528 5.25 0.369031
529 5.25 0.369031
530 5.15 0.392529
531 5.15 0.392529
532 4.95 0.366168
533 4.9 0.347169
534 4.95 0.373286
535 4.95 0.373286
536 5 0.376969
537 4.85 0.392529
538 4.9 0.416122
539 5 0.390681
540 5.05 0.400493
541 5 0.369922
542 5.05 0.38027
543 5.15 0.364728
544 5.1 0.37627
545 5.15 0.385766
546 5.1 0.37627
547 5.1 0.3832
548 5.05 0.393867
549 5.05 0.393867
550 5.05 0.387128
551 5.05 0.387128
552 4.95 0.387128
553 4.85 0.412151
554 4.9 0.416122
555 4.95 0.393867
556 4.9 0.396697
557 4.85 0.385766
558 4.75 0.415964
559 4.8 0.387977
560 4.75 0.396531
561 4.75 0.396531
562 4.8 0.401314
563 4.7 0.391354
564 4.65 0.371873
565 4.55 0.387128
566 4.6 0.379751
567 4.65 0.392529
568 4.7 0.377666
569 4.7 0.370632
570 4.65 0.364728
571 4.7 0.356149
572 4.6 0.358359
573 4.65 0.342399
574 4.7 0.356149
575 4.75 0.346979
576 4.8 0.359825
577 4.8 0.394702
578 4.85 0.378883
579 4.8 0.420526
580 4.9 0.440693
581 4.9 0.440693
582 5.05 0.419743
583 4.95 0.407011
584 4.9 0.403276
585 5 0.383886
586 5.05 0.387128
587 5.15 0.378883
588 5.25 0.376095
589 5.25 0.376095
590 5.2 0.359825
591 5.2 0.359825
592 5.2 0.359825
593 5.25 0.36183
594 5.2 0.359825
595 5.25 0.376095
596 5.3 0.391354
597 5.35 0.385766
598 5.3 0.384571
599 5.25 0.376095
600 5.3 0.377666
601 5.25 0.383028
602 5.25 0.369031
603 5.2 0.359825
604 5.2 0.394702
605 5.1 0.362012
606 5.2 0.352435
607 5.2 0.352435
608 5.25 0.354483
609 5.3 0.356149
610 5.25 0.346979
611 5.25 0.346979
612 5.25 0.346979
613 5.25 0.346979
614 5.25 0.346979
615 5.25 0.323427
616 5.25 0.323427
617 5.3 0.333246
618 5.3 0.333246
619 5.35 0.334625
620 5.3 0.317059
621 5.3 0.317059
622 5.3 0.317059
623 5.35 0.334625
624 5.35 0.364728
625 5.3 0.363463
626 5.4 0.350939
627 5.4 0.350939
628 5.4 0.350939
629 5.35 0.342399
630 5.3 0.363463
631 5.3 0.363463
632 5.3 0.363463
633 5.25 0.369031
634 5.2 0.367065
635 5.1 0.36921
636 5.05 0.366168
637 5.2 0.374166
638 5.2 0.374166
639 5.15 0.342399
640 5.15 0.342399
641 5.15 0.334625
642 5.2 0.344887
643 5.15 0.342399
644 5.1 0.347169
645 5.1 0.347169
646 5.1 0.347169
647 5.05 0.336194
648 5.1 0.339504
649 5.2 0.344887
650 5.1 0.362012
651 5.1 0.3832
652 5.05 0.387128
653 5.05 0.413426
654 5.2 0.407818
655 5.2 0.407818
656 5.05 0.400493
657 5.1 0.403276
658 5.05 0.393867
659 5.05 0.407011
660 5.15 0.378883
661 5.15 0.378883
662 5.1 0.36921
663 5.05 0.366168
664 4.95 0.336194
665 4.95 0.351501
666 4.95 0.351501
667 5 0.340279
668 5 0.340279
669 5 0.340279
670 4.9 0.323631
671 4.85 0.326666
672 4.9 0.339504
673 4.95 0.351501
674 4.9 0.323631
675 4.9 0.331662
676 4.95 0.343932
677 5.05 0.336194
678 4.95 0.336194
679 4.95 0.336194
680 4.95 0.351501
681 4.9 0.354668
682 4.9 0.354668
683 4.8 0.329274
684 4.85 0.342399
685 4.85 0.342399
686 4.9 0.331662
687 4.85 0.342399
688 4.85 0.342399
689 4.9 0.331662
690 4.85 0.342399
691 4.8 0.344887
692 4.75 0.36183
693 4.8 0.374166
694 4.8 0.374166
695 4.8 0.374166
696 4.85 0.342399
697 4.85 0.342399
698 4.9 0.354668
699 4.9 0.354668
700 4.85 0.342399
701 4.8 0.329274
702 4.8 0.321182
703 4.85 0.334625
704 4.8 0.329274
705 4.85 0.35
706 4.85 0.35744
707 4.9 0.354668
708 4.9 0.347169
709 5 0.332455
710 4.95 0.328273
711 5 0.332455
712 5.05 0.343932
713 5.05 0.358909
714 5.1 0.354668
715 5.05 0.343932
716 5.1 0.339504
717 5.05 0.343932
718 5.15 0.35
719 5.1 0.354668
720 5.15 0.371873
721 5.1 0.362012
722 5.2 0.359825
723 5.1 0.354668
724 5.05 0.400493
725 5.1 0.396697
726 5.2 0.374166
727 5.15 0.385766
728 5.15 0.385766
729 5.2 0.381134
730 5.25 0.376095
731 5.3 0.384571
732 5.3 0.398021
733 5.25 0.403113
734 5.25 0.403113
735 5.25 0.389838
736 5.25 0.383028
737 5.25 0.403113
738 5.2 0.407818
739 5.25 0.415964
740 5.15 0.43088
741 5.05 0.400493
742 5.1 0.36921
743 5.2 0.359825
744 5.25 0.376095
745 5.25 0.383028
746 5.25 0.383028
747 5.3 0.384571
748 5.3 0.363463
749 5.3 0.363463
750 5.25 0.36183
751 5.35 0.342399
752 5.3 0.341051
753 5.35 0.326666
754 5.35 0.334625
755 5.35 0.334625
756 5.3 0.348682
757 5.1 0.362012
758 5.15 0.364728
759 5.1 0.36921
760 5.2 0.374166
761 5.3 0.370632
762 5.35 0.35
763 5.35 0.35
764 5.35 0.35
765 5.4 0.311195
766 5.25 0.306723
767 5.2 0.295581
768 5.2 0.295581
769 5.35 0.28354
770 5.4 0.293795
771 5.35 0.28354
772 5.35 0.28354
773 5.4 0.293795
774 5.4 0.293795
775 5.4 0.319539
776 5.4 0.30262
777 5.4 0.30262
778 5.35 0.301531
779 5.35 0.301531
780 5.35 0.310136
781 5.3 0.3
782 5.3 0.308647
783 5.25 0.323427
784 5.2 0.312881
785 5.2 0.312881
786 5.25 0.315186
787 5.2 0.312881
788 5.25 0.331464
789 5.25 0.331464
790 5.3 0.333246
791 5.35 0.364728
792 5.45 0.351501
793 5.55 0.366168
794 5.45 0.366168
795 5.45 0.366168
796 5.5 0.366348
797 5.4 0.372756
798 5.25 0.369031
799 5.25 0.376095
800 5.3 0.377666
801 5.35 0.364728
802 5.3 0.363463
803 5.25 0.369031
804 5.35 0.385766
805 5.45 0.373286
806 5.4 0.372756
807 5.5 0.366348
808 5.4 0.343358
809 5.4 0.327671
810 5.4 0.327671
811 5.2 0.381134
812 5.2 0.381134
813 5.2 0.381134
814 5.2 0.381134
815 5.2 0.381134
816 5.2 0.381134
817 5.2 0.387977
818 5.2 0.394702
819 5.2 0.374166
820 5.2 0.374166
821 5.25 0.36183
822 5.15 0.35744
823 5.2 0.344887
824 5.3 0.341051
825 5.35 0.318508
826 5.35 0.318508
827 5.35 0.342399
828 5.3 0.341051
829 5.3 0.325253
830 5.35 0.318508
831 5.3 0.317059
832 5.25 0.33931
833 5.3 0.308647
834 5.3 0.308647
835 5.3 0.308647
836 5.25 0.315186
837 5.25 0.315186
838 5.4 0.327671
839 5.45 0.328273
840 5.4 0.343358
841 5.3 0.363463
842 5.35 0.35
843 5.3 0.341051
844 5.2 0.344887
845 5.2 0.344887
846 5.15 0.342399
847 5.05 0.328273
848 5.2 0.337171
849 5 0.332455
850 5.05 0.358909
851 5.05 0.373286
852 5.05 0.387128
853 5 0.390681
854 5.05 0.407011
855 5 0.403928
856 5.05 0.407011
857 5.05 0.407011
858 5.05 0.407011
859 5.05 0.407011
860 5.05 0.407011
861 5.05 0.407011
862 5.1 0.403276
863 5.05 0.407011
864 5.15 0.436945
865 5.15 0.436945
866 5.15 0.448829
867 5.2 0.438898
868 5.2 0.438898
869 5.15 0.418487
870 5.15 0.418487
871 5.15 0.405716
872 5.2 0.407818
873 5.25 0.396531
874 5.2 0.407818
875 5.2 0.407818
876 5.15 0.385766
877 5.15 0.378883
878 5.25 0.383028
879 5.15 0.35744
880 5.15 0.35744
881 5.05 0.351501
882 5.05 0.343932
883 5 0.340279
884 4.9 0.331662
885 4.85 0.342399
886 4.75 0.323427
887 4.7 0.3
888 4.7 0.3
889 4.85 0.310136
890 4.95 0.336194
891 5 0.324443
892 5 0.362738
893 5.05 0.38027
894 5.1 0.396697
895 5.1 0.362012
896 5.05 0.366168
897 5.2 0.387977
898 5.1 0.3832
899 5 0.410391
900 5 0.410391
901 5.1 0.390007
902 5.2 0.401314
903 5.2 0.401314
904 5.1 0.396697
905 5.15 0.412151
906 5.1 0.434681
907 5.15 0.424729
908 5.25 0.415964
909 5.2 0.407818
910 5.2 0.407818
911 5.25 0.415964
912 5.25 0.415964
913 5.3 0.398021
914 5.2 0.414221
915 5.2 0.387977
916 5.2 0.387977
917 5.35 0.392529
918 5.4 0.4
919 5.4 0.412948
920 5.4 0.4
921 5.4 0.4
922 5.35 0.405716
923 5.25 0.415964
924 5.25 0.415964
925 5.3 0.384571
926 5.25 0.376095
927 5.25 0.376095
928 5.25 0.383028
929 5.35 0.385766
930 5.3 0.377666
931 5.3 0.377666
932 5.25 0.396531
933 5.15 0.385766
934 5.2 0.381134
935 5.2 0.359825
936 5.2 0.359825
937 5.15 0.371873
938 5.2 0.374166
939 5.15 0.342399
940 5.2 0.367065
941 5.25 0.36183
942 5.2 0.367065
943 5.2 0.344887
944 5.2 0.352435
945 5.15 0.35
946 5.2 0.352435
947 5.3 0.356149
948 5.3 0.356149
949 5.3 0.356149
950 5.3 0.377666
951 5.25 0.376095
952 5.3 0.356149
953 5.35 0.35744
954 5.15 0.334625
955 5.15 0.35744
956 5.15 0.399177
957 5.15 0.392529
958 5.2 0.367065
959 5.15 0.378883
960 5.2 0.401314
961 5.2 0.401314
962 5.15 0.405716
963 5.15 0.405716
964 5.05 0.400493
965 5.1 0.403276
966 5.1 0.390007
967 5.1 0.390007
968 5 0.390681
969 5 0.416754
970 5 0.383886
971 5.05 0.38027
972 5.2 0.394702
973 5.2 0.407818
974 5.2 0.407818
975 5.15 0.424729
976 5.2 0.414221
977 5.25 0.422243
978 5.3 0.411032
979 5.35 0.424729
980 5.4 0.412948
981 5.45 0.413426
982 5.3 0.423643
983 5.4 0.419273
984 5.45 0.413426
985 5.55 0.387128
986 5.5 0.380443
987 5.55 0.38027
988 5.5 0.387298
989 5.45 0.393867
990 5.35 0.412151
991 5.35 0.412151
992 5.35 0.392529
993 5.45 0.413426
994 5.45 0.413426
995 5.45 0.413426
996 5.5 0.407173
997 5.55 0.373286
998 5.45 0.343932
999 5.5 0.407173
1000 5.45 0.393867
1001 5.35 0.399177
1002 5.35 0.392529
1003 5.2 0.401314
1004 5.2 0.381134
1005 5.25 0.389838
1006 5.3 0.377666
1007 5.3 0.377666
1008 5.25 0.389838
1009 5.25 0.389838
1010 5.1 0.37627
1011 5.15 0.399177
1012 5.15 0.399177
1013 5.15 0.399177
1014 5.1 0.390007
1015 5.1 0.390007
1016 5 0.39736
1017 5.05 0.393867
1018 5 0.403928
1019 5.05 0.393867
1020 5.05 0.400493
1021 5 0.39736
1022 5.1 0.390007
1023 5.1 0.390007
1024 5.05 0.407011
1025 5.05 0.413426
1026 5.05 0.419743
1027 4.95 0.444114
1028 5 0.44129
1029 5 0.410391
1030 4.9 0.396697
1031 4.85 0.399177
1032 4.9 0.40975
1033 5 0.383886
1034 5 0.383886
1035 5.05 0.400493
1036 4.9 0.396697
1037 5 0.423022
1038 5.05 0.419743
1039 5.05 0.419743
1040 5.05 0.419743
1041 5.05 0.419743
1042 5.1 0.440693
1043 5.15 0.399177
1044 5.1 0.416122
1045 5.15 0.43088
1046 5.15 0.405716
1047 5.05 0.419743
1048 5.1 0.416122
1049 5.1 0.403276
1050 5.1 0.422399
1051 5.05 0.425966
1052 5.05 0.400493
1053 5.1 0.3832
1054 5.15 0.371873
1055 5.15 0.371873
1056 5.05 0.343932
1057 5.1 0.36921
1058 5.1 0.347169
1059 5.05 0.373286
1060 5.1 0.36921
1061 5.2 0.387977
1062 5.25 0.383028
1063 5.25 0.376095
1064 5.3 0.377666
1065 5.4 0.379751
1066 5.4 0.393366
1067 5.4 0.4
1068 5.35 0.399177
1069 5.35 0.399177
1070 5.3 0.398021
1071 5.3 0.398021
1072 5.25 0.422243
1073 5.1 0.396697
1074 5.1 0.396697
1075 5.3 0.377666
1076 5.3 0.377666
1077 5.35 0.392529
1078 5.3 0.377666
1079 5.35 0.378883
1080 5.3 0.377666
1081 5.25 0.383028
1082 5.2 0.401314
1083 5.25 0.409589
1084 5.25 0.36183
1085 5.35 0.364728
1086 5.3 0.363463
1087 5.25 0.376095
1088 5.35 0.392529
1089 5.25 0.383028
1090 5.2 0.374166
1091 5 0.423022
1092 4.95 0.413426
1093 4.95 0.413426
1094 5 0.416754
1095 4.9 0.446625
1096 4.8 0.444854
1097 4.9 0.440693
1098 4.9 0.403276
1099 5 0.383886
1100 5.1 0.403276
1101 5.15 0.385766
1102 5.25 0.376095
1103 5.25 0.376095
1104 5.3 0.363463
1105 5.25 0.346979
1106 5.2 0.381134
1107 5.25 0.383028
1108 5.25 0.354483
1109 5.25 0.36183
1110 5.25 0.36183
1111 5.25 0.36183
1112 5.3 0.348682
1113 5.35 0.35744
1114 5.4 0.350939
1115 5.35 0.371873
1116 5.35 0.371873
1117 5.35 0.371873
1118 5.3 0.398021
1119 5.2 0.394702
1120 5.35 0.342399
1121 5.25 0.354483
1122 5.3 0.363463
1123 5.3 0.370632
1124 5.2 0.337171
1125 5.05 0.351501
1126 5.05 0.351501
1127 4.9 0.339504
1128 4.95 0.373286
1129 5.05 0.407011
1130 5.05 0.413426
1131 4.95 0.393867
1132 5 0.390681
1133 4.85 0.424729
1134 4.95 0.407011
1135 4.95 0.373286
1136 5.05 0.351501
1137 5.1 0.362012
1138 5.1 0.36921
1139 5.05 0.373286
1140 5.05 0.373286
1141 4.95 0.358909
1142 5.05 0.358909
1143 5 0.390681
1144 5.15 0.35
1145 5.1 0.347169
1146 5.15 0.326666
1147 5.2 0.352435
1148 5.25 0.376095
1149 5.25 0.376095
1150 5.25 0.376095
1151 5.25 0.376095
1152 5.2 0.374166
1153 5.2 0.367065
1154 5.2 0.359825
1155 5.25 0.354483
1156 5.25 0.354483
1157 5.35 0.364728
1158 5.3 0.348682
1159 5.3 0.348682
1160 5.3 0.348682
1161 5.3 0.377666
1162 5.3 0.377666
1163 5.25 0.369031
1164 5.2 0.374166
1165 5.1 0.3832
1166 5.15 0.364728
1167 5.2 0.367065
1168 5.2 0.352435
1169 5.2 0.352435
1170 5.15 0.326666
1171 5.1 0.347169
1172 5.05 0.343932
1173 5.1 0.323631
1174 5.1 0.323631
1175 5.05 0.336194
1176 4.95 0.351501
1177 5 0.390681
1178 5.15 0.371873
1179 5.15 0.364728
1180 5.1 0.362012
1181 5.1 0.362012
1182 5.15 0.35744
1183 5.1 0.354668
1184 5.15 0.364728
1185 5.15 0.378883
1186 5.2 0.381134
1187 5.1 0.37627
1188 5.05 0.38027
1189 5.2 0.367065
1190 5.2 0.367065
1191 5.1 0.36921
1192 4.95 0.366168
1193 5 0.340279
1194 4.85 0.292674
1195 4.8 0.312881
1196 4.95 0.311828
1197 5 0.355409
1198 4.95 0.373286
1199 4.95 0.366168
1200 4.9 0.362012
1201 5 0.362738
1202 5 0.362738
1203 5.05 0.358909
1204 5.05 0.38027
1205 4.95 0.387128
1206 5.05 0.38027
1207 5 0.376969
1208 5 0.376969
1209 4.9 0.396697
1210 4.95 0.387128
1211 4.85 0.371873
1212 4.85 0.399177
1213 4.75 0.403113
1214 4.65 0.392529
1215 4.7 0.411032
1216 4.65 0.424729
1217 4.65 0.418487
1218 4.7 0.398021
1219 4.65 0.399177
1220 4.6 0.393366
1221 4.65 0.399177
1222 4.7 0.404579
1223 4.6 0.372756
1224 4.6 0.372756
1225 4.7 0.384571
1226 4.7 0.391354
1227 4.75 0.383028
1228 4.8 0.387977
1229 4.8 0.387977
1230 4.75 0.376095
1231 4.8 0.374166
1232 4.8 0.374166
1233 4.9 0.40975
1234 5 0.429198
1235 5 0.423022
1236 5 0.435286
1237 5 0.435286
1238 4.9 0.422399
1239 5 0.423022
1240 5.05 0.419743
1241 4.9 0.36921
1242 5 0.390681
1243 5.1 0.3832
1244 5.15 0.371873
1245 5.25 0.389838
1246 5.3 0.417385
1247 5.3 0.417385
1248 5.2 0.414221
1249 5.1 0.403276
1250 5.2 0.401314
1251 5.2 0.401314
1252 5.25 0.396531
1253 5.2 0.387977
1254 5.15 0.385766
1255 5.1 0.390007
1256 5.1 0.390007
1257 5 0.39736
1258 5.05 0.407011
1259 5 0.410391
1260 5.1 0.40975
1261 5 0.403928
1262 5 0.435286
1263 4.95 0.444114
1264 4.95 0.425966
1265 4.95 0.425966
1266 4.9 0.416122
1267 4.9 0.416122
1268 4.8 0.420526
1269 4.8 0.426738
1270 4.8 0.407818
1271 4.8 0.414221
1272 4.85 0.424729
1273 4.85 0.424729
1274 4.95 0.425966
1275 5 0.410391
1276 5.1 0.403276
1277 5.1 0.403276
1278 5.15 0.424729
1279 5.1 0.422399
1280 5.05 0.419743
1281 5 0.390681
1282 4.95 0.373286
1283 4.95 0.373286
1284 5 0.362738
1285 4.9 0.354668
1286 4.9 0.354668
1287 4.9 0.354668
1288 4.95 0.351501
1289 5 0.355409
1290 5 0.369922
1291 4.95 0.366168
1292 4.8 0.381134
1293 4.7 0.377666
1294 4.75 0.376095
1295 4.75 0.383028
1296 4.8 0.407818
1297 4.85 0.412151
1298 4.8 0.401314
1299 4.8 0.401314
1300 4.75 0.409589
1301 4.75 0.396531
1302 4.75 0.396531
1303 4.85 0.412151
1304 4.9 0.396697
1305 4.9 0.40975
1306 4.9 0.403276
1307 5 0.390681
1308 5 0.390681
1309 4.95 0.407011
1310 4.95 0.400493
1311 5 0.403928
1312 5.05 0.413426
1313 5 0.403928
1314 5.05 0.413426
1315 5 0.410391
1316 4.9 0.428584
1317 4.95 0.407011
1318 4.95 0.407011
1319 5.05 0.419743
1320 5.05 0.425966
1321 5.05 0.425966
1322 5.15 0.418487
1323 5.15 0.418487
1324 5.15 0.412151
1325 5.15 0.412151
1326 5.1 0.40975
1327 5.1 0.40975
1328 5 0.435286
1329 5 0.435286
1330 4.95 0.425966
1331 4.95 0.438148
1332 4.95 0.413426
1333 4.95 0.413426
1334 4.85 0.418487
1335 4.9 0.3832
1336 4.95 0.387128
1337 4.9 0.37627
1338 4.95 0.366168
1339 5.05 0.336194
1340 5.05 0.336194
1341 5.05 0.336194
1342 5.05 0.393867
1343 5.1 0.3832
1344 5.2 0.394702
1345 5.25 0.389838
1346 5.25 0.389838
1347 5.25 0.389838
1348 5.25 0.383028
1349 5.15 0.385766
1350 5.1 0.390007
1351 5 0.376969
1352 5 0.383886
1353 5.05 0.373286
1354 5.05 0.343932
1355 5.05 0.343932
1356 5.05 0.343932
1357 5 0.340279
1358 5 0.324443
1359 5 0.307794
1360 5 0.362738
1361 5.05 0.366168
1362 5 0.369922
1363 4.95 0.366168
1364 5 0.369922
1365 4.95 0.38027
1366 4.95 0.366168
1367 5 0.355409
1368 4.95 0.373286
1369 5 0.369922
1370 4.85 0.371873
1371 4.85 0.35
1372 4.9 0.354668
1373 4.85 0.318508
1374 4.9 0.354668
1375 4.85 0.364728
1376 4.8 0.359825
1377 4.7 0.384571
1378 4.75 0.376095
1379 4.8 0.367065
1380 4.75 0.369031
1381 4.7 0.391354
1382 4.55 0.400493
1383 4.65 0.399177
1384 4.7 0.398021
1385 4.85 0.392529
1386 4.95 0.366168
1387 4.85 0.378883
1388 4.85 0.378883
1389 4.8 0.387977
1390 4.75 0.354483
1391 4.75 0.354483
1392 4.55 0.343932
1393 4.6 0.372756
1394 4.7 0.356149
1395 4.7 0.356149
1396 4.75 0.36183
1397 4.75 0.354483
1398 4.8 0.359825
1399 4.75 0.331464
1400 4.7 0.341051
1401 4.6 0.335606
1402 4.55 0.303272
1403 4.5 0.303488
1404 4.6 0.335606
1405 4.6 0.319539
1406 4.6 0.311195
1407 4.65 0.318508
1408 4.7 0.325253
1409 4.75 0.346979
1410 4.75 0.33931
1411 4.8 0.352435
1412 4.75 0.354483
1413 4.85 0.342399
1414 4.8 0.352435
1415 4.8 0.344887
1416 4.8 0.352435
1417 4.85 0.35
1418 4.8 0.352435
1419 4.85 0.35
1420 4.8 0.321182
1421 4.65 0.274101
1422 4.7 0.317059
1423 4.7 0.317059
1424 4.7 0.317059
1425 4.7 0.317059
1426 4.65 0.326666
1427 4.65 0.326666
1428 4.45 0.336194
1429 4.45 0.387128
1430 4.55 0.366168
1431 4.65 0.35744
1432 4.7 0.325253
1433 4.75 0.331464
1434 4.7 0.3
1435 4.75 0.315186
1436 4.75 0.315186
1437 4.7 0.325253
1438 4.7 0.317059
1439 4.75 0.306723
1440 4.8 0.304354
1441 4.85 0.326666
1442 4.75 0.315186
1443 4.75 0.331464
1444 4.65 0.342399
1445 4.75 0.33931
1446 4.85 0.35744
1447 4.8 0.359825
1448 4.7 0.341051
1449 4.7 0.404579
1450 4.75 0.403113
1451 4.7 0.417385
1452 4.65 0.405716
1453 4.5 0.380443
1454 4.45 0.393867
1455 4.35 0.385766
1456 4.35 0.385766
1457 4.35 0.35744
1458 4.35 0.342399
1459 4.4 0.350939
1460 4.4 0.343358
1461 4.5 0.366348
1462 4.55 0.358909
1463 4.55 0.358909
1464 4.55 0.358909
1465 4.65 0.371873
1466 4.7 0.370632
1467 4.65 0.371873
1468 4.55 0.387128
1469 4.7 0.363463
1470 4.7 0.363463
1471 4.75 0.36183
1472 4.75 0.354483
1473 4.8 0.359825
1474 4.75 0.36183
1475 4.8 0.359825
1476 4.75 0.36183
1477 4.8 0.359825
1478 4.85 0.378883
1479 4.85 0.378883
1480 4.75 0.36183
1481 4.65 0.392529
1482 4.7 0.404579
1483 4.65 0.399177
1484 4.65 0.418487
1485 4.7 0.411032
1486 4.7 0.404579
1487 4.7 0.404579
1488 4.65 0.405716
1489 4.7 0.404579
1490 4.7 0.404579
1491 4.75 0.415964
1492 4.75 0.415964
1493 4.85 0.424729
1494 4.8 0.414221
1495 4.8 0.414221
1496 4.8 0.438898
1497 4.8 0.438898
1498 4.85 0.442927
1499 5 0.410391
1500 4.95 0.413426
1501 4.85 0.399177
1502 4.85 0.392529
1503 4.85 0.399177
1504 4.9 0.403276
1505 4.9 0.403276
1506 4.95 0.407011
1507 5.05 0.38027
1508 5.05 0.387128
1509 5.05 0.387128
1510 5 0.390681
1511 5 0.390681
1512 5.05 0.387128
1513 5.05 0.387128
1514 5.05 0.387128
1515 5 0.39736
1516 5 0.39736
1517 5.15 0.405716
1518 5.1 0.40975
1519 5.2 0.401314
1520 5.15 0.424729
1521 5.15 0.424729
1522 5.1 0.446625
1523 5 0.447214
1524 5 0.447214
1525 5 0.447214
1526 4.95 0.478347
1527 5 0.492042
1528 5 0.475727
1529 5 0.475727
1530 5.1 0.486123
1531 5.2 0.489898
1532 5.15 0.498814
1533 5.15 0.482728
1534 5.15 0.482728
1535 5.2 0.473509
1536 5.2 0.46226
1537 5.1 0.475173
1538 5.15 0.498814
1539 5.25 0.522519
1540 5.2 0.510933
1541 5.3 0.49789
1542 5.3 0.49789
1543 5.2 0.495241
1544 5.15 0.498814
1545 5.25 0.475035
1546 5.15 0.460406
1547 5.15 0.460406
1548 5.1 0.486123
1549 5.1 0.486123
1550 5.2 0.495241
1551 5.2 0.46226
1552 5.1 0.475173
1553 5.15 0.454654
1554 5.2 0.46226
1555 5.2 0.467918
1556 5.15 0.448829
1557 5.2 0.456532
1558 5.1 0.463965
1559 5.1 0.463965
1560 4.95 0.45581
1561 5.05 0.45581
1562 5.05 0.45581
1563 4.95 0.467215
1564 5 0.447214
1565 5 0.458831
1566 5.05 0.472814
1567 4.95 0.461548
1568 4.85 0.466087
1569 4.8 0.473509
1570 4.9 0.452479
1571 4.8 0.45073
1572 4.8 0.444854
1573 4.75 0.440544
1574 4.7 0.459405
1575 4.65 0.466087
1576 4.75 0.463823
1577 4.7 0.476279
1578 4.75 0.485988
1579 4.7 0.470722
1580 4.75 0.485988
1581 4.75 0.480542
1582 4.75 0.480542
1583 4.75 0.475035
1584 4.75 0.491373
1585 4.65 0.477245
1586 4.65 0.477245
1587 4.7 0.508351
1588 4.7 0.492576
1589 4.75 0.469462
1590 4.75 0.469462
1591 4.65 0.460406
1592 4.8 0.456532
1593 4.85 0.471699
1594 4.9 0.458258
1595 4.9 0.458258
1596 4.85 0.466087
1597 4.95 0.478347
1598 4.95 0.472814
1599 4.85 0.460406
1600 4.9 0.469602
1601 4.9 0.496832
1602 4.9 0.496832
1603 5 0.492042
1604 5.05 0.483817
1605 5 0.497361
1606 5 0.497361
1607 5 0.497361
1608 5 0.470162
1609 5.05 0.472814
1610 5 0.464531
1611 4.95 0.45581
1612 4.9 0.452479
1613 4.9 0.434681
1614 4.95 0.438148
1615 4.9 0.434681
1616 4.75 0.434529
1617 4.65 0.412151
1618 4.7 0.417385
1619 4.75 0.440544
1620 4.8 0.438898
1621 4.7 0.42981
1622 4.65 0.424729
1623 4.85 0.448829
1624 4.85 0.436945
1625 4.95 0.438148
1626 4.9 0.434681
1627 4.85 0.418487
1628 4.85 0.418487
1629 4.85 0.418487
1630 4.9 0.428584
1631 5 0.44129
1632 4.85 0.418487
1633 4.9 0.428584
1634 4.7 0.417385
1635 4.75 0.42843
1636 4.65 0.424729
1637 4.65 0.43088
1638 4.7 0.42981
1639 4.75 0.42843
1640 4.7 0.42981
1641 4.7 0.42981
1642 4.85 0.43088
1643 4.85 0.43088
1644 4.8 0.426738
1645 4.9 0.434681
1646 4.75 0.415964
1647 4.8 0.432861
1648 4.8 0.414221
1649 4.85 0.436945
1650 4.7 0.43589
1651 4.75 0.434529
1652 4.8 0.432861
1653 4.85 0.448829
1654 4.8 0.456532
1655 4.8 0.456532
1656 4.85 0.460406
1657 4.9 0.458258
1658 5 0.45306
1659 5.05 0.45581
1660 5.05 0.45
1661 5.1 0.422399
1662 5.1 0.422399
1663 5.15 0.43088
1664 5.05 0.425966
1665 5.05 0.387128
1666 5 0.383886
1667 5 0.383886
1668 4.85 0.364728
1669 4.7 0.356149
1670 4.5 0.336389
1671 4.5 0.336389
1672 4.5 0.336389
1673 4.45 0.328273
1674 4.4 0.327671
1675 4.35 0.334625
1676 4.4 0.335606
1677 4.5 0.336389
1678 4.55 0.343932
1679 4.6 0.343358
1680 4.6 0.343358
1681 4.55 0.328273
1682 4.55 0.328273
1683 4.45 0.311828
1684 4.65 0.318508
1685 4.7 0.333246
1686 4.7 0.333246
1687 4.65 0.326666
1688 4.65 0.326666
1689 4.7 0.333246
1690 4.8 0.344887
1691 4.85 0.326666
1692 4.85 0.326666
1693 4.85 0.326666
1694 4.85 0.326666
1695 4.85 0.326666
1696 4.7 0.325253
1697 4.65 0.318508
1698 4.5 0.328473
1699 4.7 0.356149
1700 4.75 0.354483
1701 4.65 0.399177
1702 4.7 0.42981
1703 4.75 0.440544
1704 4.7 0.43589
1705 4.8 0.426738
1706 4.8 0.432861
1707 4.8 0.432861
1708 4.85 0.424729
1709 4.85 0.424729
1710 4.8 0.414221
1711 4.9 0.40975
1712 4.95 0.413426
1713 4.9 0.403276
1714 4.95 0.38027
1715 4.95 0.38027
1716 4.9 0.390007
1717 4.9 0.396697
1718 4.9 0.396697
1719 5 0.390681
1720 4.95 0.393867
1721 5 0.423022
1722 4.95 0.425966
1723 5 0.435286
1724 5 0.435286
1725 4.95 0.425966
1726 5 0.410391
1727 5 0.403928
1728 5.05 0.38027
1729 5.05 0.38027
1730 5.05 0.38027
1731 5.1 0.37627
1732 5.1 0.37627
1733 5.1 0.403276
1734 5.1 0.422399
1735 5.05 0.419743
1736 5.1 0.422399
1737 5.1 0.40975
1738 5 0.435286
1739 4.95 0.438148
1740 4.85 0.424729
1741 4.8 0.420526
1742 4.8 0.381134
1743 5 0.280976
1744 4.95 0.276015
1745 5 0.299122
1746 5 0.299122
1747 5.15 0.28354
1748 5.15 0.28354
1749 5.15 0.28354
1750 5.15 0.28354
1751 5.2 0.295581
1752 5.15 0.301531
1753 5.2 0.312881
1754 5.3 0.3
1755 5.25 0.29802
1756 5.25 0.33931
1757 5.25 0.33931
1758 5.35 0.318508
1759 5.25 0.323427
1760 5.25 0.323427
1761 5.35 0.326666
1762 5.35 0.326666
1763 5.35 0.35
1764 5.35 0.35
1765 5.3 0.348682
1766 5.25 0.33931
1767 5.25 0.33931
1768 5.25 0.33931
1769 5.2 0.344887
1770 5.2 0.329274
1771 5.25 0.33931
1772 5.25 0.346979
1773 5.3 0.333246
1774 5.3 0.333246
1775 5.3 0.333246
1776 5.3 0.333246
1777 5.3 0.333246
1778 5.2 0.337171
1779 5.2 0.337171
1780 5.1 0.323631
1781 5.1 0.339504
1782 5.05 0.320156
1783 5.05 0.320156
1784 5.15 0.326666
1785 5.15 0.310136
1786 5.1 0.289282
1787 5.05 0.320156
1788 5.1 0.331662
1789 5.15 0.326666
1790 5.1 0.331662
1791 5.1 0.306937
1792 5.05 0.303272
1793 5.15 0.301531
1794 5.25 0.29802
1795 5.15 0.326666
1796 5.1 0.362012
1797 5.15 0.364728
1798 5.2 0.374166
1799 5.15 0.371873
1800 5.2 0.367065
1801 5.15 0.35744
1802 5 0.369922
1803 4.9 0.36921
1804 4.9 0.36921
1805 4.95 0.358909
1806 5.1 0.331662
1807 5.1 0.331662
1808 5.1 0.339504
1809 5.15 0.326666
1810 5.25 0.323427
1811 5.25 0.323427
1812 5.3 0.341051
1813 5.2 0.329274
1814 5.25 0.331464
1815 5.2 0.312881
1816 5.15 0.301531
1817 5.2 0.304354
1818 5.25 0.29802
1819 5.35 0.310136
1820 5.4 0.311195
1821 5.4 0.293795
1822 5.4 0.30262
1823 5.4 0.327671
1824 5.3 0.325253
1825 5.35 0.310136
1826 5.35 0.301531
1827 5.3 0.3
1828 5.3 0.3
1829 5.3 0.281911
1830 5.35 0.292674
1831 5.25 0.306723
1832 5.25 0.315186
1833 5.5 0.380443
1834 5.5 0.387298
1835 5.45 0.38027
1836 5.5 0.394034
1837 5.6 0.386618
1838 5.55 0.387128
1839 5.6 0.386618
1840 5.55 0.407011
1841 5.55 0.419743
1842 5.65 0.424729
1843 5.65 0.424729
1844 5.7 0.441886
1845 5.65 0.448829
1846 5.75 0.415964
1847 5.7 0.423643
1848 5.65 0.412151
1849 5.65 0.412151
1850 5.7 0.417385
1851 5.55 0.413426
