0 0 0
1 0 0
2 0 0
3 0.05 0.05
4 0.05 0.05
5 0.1 0.0688247
6 0.1 0.0688247
7 0.1 0.0688247
8 0.1 0.0688247
9 0.1 0.0688247
10 0.15 0.0819178
11 0.2 0.0917663
12 0.25 0.0993399
13 0.4 0.152177
14 0.5 0.153897
15 0.65 0.15
16 0.8 0.155597
17 0.85 0.15
18 0.95 0.169752
19 1.05 0.184605
20 1.1 0.203909
21 1.1 0.203909
22 1.15 0.195677
23 1.3 0.241704
24 1.35 0.232549
25 1.35 0.232549
26 1.45 0.223312
27 1.55 0.234801
28 1.6 0.255467
29 1.55 0.234801
30 1.55 0.2112
31 1.65 0.220943
32 1.55 0.223312
33 1.55 0.245753
34 1.65 0.232549
35 1.8 0.236198
36 1.8 0.236198
37 1.75 0.239242
38 1.75 0.239242
39 1.8 0.247088
40 1.85 0.220943
41 2 0.240613
42 2 0.240613
43 2.15 0.232549
44 2.2 0.236198
45 2.15 0.232549
46 2.1 0.21643
47 2.15 0.208693
48 2.25 0.190221
49 2.2 0.186378
50 2.25 0.190221
51 2.25 0.190221
52 2.3 0.193309
53 2.4 0.197351
54 2.4 0.197351
55 2.45 0.198348
56 2.45 0.198348
57 2.3 0.23056
58 2.35 0.220943
59 2.4 0.244949
60 2.4 0.244949
61 2.4 0.244949
62 2.35 0.254176
63 2.4 0.275299
64 2.4 0.284697
65 2.35 0.264326
66 2.4 0.265568
67 2.45 0.26631
68 2.45 0.26631
69 2.45 0.26631
70 2.35 0.254176
71 2.45 0.276015
72 2.55 0.26631
73 2.55 0.26631
74 2.55 0.26631
75 2.55 0.26631
76 2.55 0.26631
77 2.55 0.276015
78 2.55 0.276015
79 2.6 0.265568
80 2.55 0.256238
81 2.5 0.276253
82 2.45 0.28539
83 2.45 0.28539
84 2.6 0.233959
85 2.6 0.244949
86 2.6 0.244949
87 2.5 0.246021
88 2.5 0.246021
89 2.55 0.26631
90 2.55 0.26631
91 2.55 0.26631
92 2.6 0.255467
93 2.6 0.255467
94 2.65 0.254176
95 2.65 0.264326
96 2.65 0.264326
97 2.65 0.274101
98 2.65 0.274101
99 2.75 0.25
100 2.75 0.25
101 2.75 0.25
102 2.75 0.25
103 2.75 0.25
104 2.75 0.25
105 2.75 0.25
106 2.65 0.264326
107 2.65 0.264326
108 2.6 0.275299
109 2.6 0.275299
110 2.55 0.276015
111 2.6 0.265568
112 2.55 0.26631
113 2.65 0.254176
114 2.7 0.241704
115 2.75 0.239242
116 2.8 0.247088
117 2.8 0.247088
118 2.85 0.243602
119 2.85 0.243602
120 2.75 0.239242
121 2.8 0.28654
122 2.85 0.274101
123 2.7 0.3
124 2.75 0.323427
125 2.75 0.306723
126 2.8 0.337171
127 2.8 0.304354
128 2.8 0.304354
129 2.8 0.304354
130 2.8 0.304354
131 2.85 0.310136
132 2.85 0.310136
133 2.8 0.28654
134 2.85 0.310136
135 2.8 0.312881
136 2.9 0.315394
137 2.9 0.315394
138 2.95 0.303272
139 3 0.316228
140 2.95 0.311828
141 2.9 0.323631
142 2.9 0.323631
143 2.9 0.323631
144 2.8 0.312881
145 2.8 0.312881
146 2.85 0.318508
147 2.85 0.310136
148 2.85 0.310136
149 2.95 0.311828
150 2.95 0.311828
151 3 0.307794
152 3 0.290191
153 3.1 0.29824
154 3.15 0.301531
155 3.2 0.295581
156 3.2 0.295581
157 3.2 0.312881
158 3.2 0.28654
159 3.25 0.306723
160 3.25 0.306723
161 3.25 0.306723
162 3.2 0.28654
163 3.1 0.29824
164 3.05 0.28539
165 3.1 0.289282
166 3.1 0.289282
167 3.05 0.311828
168 3 0.324443
169 3.05 0.311828
170 2.95 0.320156
171 3 0.316228
172 2.9 0.323631
173 2.9 0.323631
174 2.9 0.323631
175 2.95 0.320156
176 3.1 0.306937
177 3.05 0.294467
178 3.05 0.328273
179 3.1 0.323631
180 3.15 0.318508
181 3.2 0.321182
182 3.25 0.331464
183 3.3 0.317059
184 3.3 0.317059
185 3.3 0.317059
186 3.25 0.315186
187 3.25 0.315186
188 3.2 0.295581
189 3.25 0.29802
190 3.3 0.3
191 3.25 0.29802
192 3.35 0.334625
193 3.35 0.334625
194 3.4 0.335606
195 3.35 0.342399
196 3.4 0.335606
197 3.35 0.342399
198 3.4 0.335606
199 3.4 0.343358
200 3.4 0.327671
201 3.35 0.326666
202 3.35 0.326666
203 3.3 0.308647
204 3.4 0.319539
205 3.3 0.308647
206 3.35 0.310136
207 3.35 0.326666
208 3.3 0.325253
209 3.3 0.325253
210 3.2 0.321182
211 3.25 0.323427
212 3.25 0.315186
213 3.25 0.315186
214 3.15 0.310136
215 3.1 0.315394
216 3.1 0.306937
217 3.15 0.326666
218 3.2 0.321182
219 3.35 0.310136
220 3.25 0.306723
221 3.35 0.301531
222 3.45 0.294467
223 3.5 0.28562
224 3.45 0.294467
225 3.45 0.26631
226 3.4 0.275299
227 3.35 0.264326
228 3.2 0.295581
229 3.2 0.277204
230 3.25 0.270234
231 3.25 0.270234
232 3.2 0.28654
233 3.2 0.295581
234 3.2 0.295581
235 3.15 0.334625
236 3.05 0.311828
237 3.05 0.311828
238 3 0.299122
239 2.85 0.264326
240 2.8 0.267542
241 2.9 0.250263
242 2.9 0.239517
243 2.95 0.245753
244 2.95 0.26631
245 2.95 0.276015
246 3 0.290191
247 2.95 0.294467
248 2.95 0.28539
249 3.1 0.270477
250 3.15 0.274101
251 3.15 0.274101
252 3.15 0.274101
253 3.15 0.301531
254 3.1 0.29824
255 2.95 0.294467
256 3 0.261574
257 3.05 0.28539
258 3.1 0.289282
259 3.2 0.28654
260 3.2 0.28654
261 3.2 0.277204
262 3.3 0.291096
263 3.25 0.289055
264 3.25 0.279803
265 3.2 0.267542
266 3.1 0.280038
267 3.15 0.264326
268 3.05 0.245753
269 3.05 0.234801
270 3 0.261574
271 3 0.280976
272 3.1 0.239517
273 3.05 0.234801
274 3.1 0.239517
275 3.1 0.270477
276 3.1 0.270477
277 3.1 0.270477
278 3.2 0.277204
279 3.2 0.277204
280 3.15 0.292674
281 3.25 0.260314
282 3.25 0.260314
283 3.2 0.257519
284 3.15 0.264326
285 3.2 0.257519
286 3.2 0.257519
287 3 0.240613
288 3 0.251312
289 3.2 0.236198
290 3.25 0.239242
291 3.2 0.247088
292 3.2 0.247088
293 3.2 0.247088
294 3.15 0.264326
295 3.1 0.260566
296 3.15 0.254176
297 3.2 0.257519
298 3.25 0.270234
299 3.3 0.252357
300 3.35 0.264326
301 3.3 0.252357
302 3.3 0.252357
303 3.3 0.252357
304 3.25 0.279803
305 3.2 0.277204
306 3.15 0.292674
307 3.2 0.277204
308 3.25 0.289055
309 3.2 0.257519
310 3.15 0.243602
311 3.1 0.250263
312 3 0.251312
313 3.15 0.264326
314 3.2 0.257519
315 3.2 0.257519
316 3.2 0.224781
317 3.2 0.224781
318 3.25 0.227977
319 3.25 0.227977
320 3.25 0.227977
321 3.25 0.227977
322 3.2 0.247088
323 3.2 0.224781
324 3.25 0.227977
325 3.25 0.227977
326 3.25 0.227977
327 3.2 0.224781
328 3.25 0.227977
329 3.15 0.254176
330 3.1 0.260566
331 3.05 0.256238
332 3.05 0.26631
333 3.05 0.26631
334 3 0.261574
335 3 0.271448
336 3.05 0.26631
337 3.05 0.26631
338 3.15 0.254176
339 3.05 0.256238
340 3.15 0.274101
341 3.15 0.274101
342 3.1 0.260566
343 3.05 0.256238
344 3.2 0.236198
345 3.2 0.236198
346 3.2 0.236198
347 3.2 0.236198
348 3.15 0.220943
349 3.2 0.236198
350 3.2 0.236198
351 3.15 0.220943
352 3.2 0.224781
353 3.2 0.224781
354 3.2 0.224781
355 3.2 0.224781
356 3.2 0.224781
357 3.25 0.203586
358 3.2 0.2
359 3.2 0.2
360 3.2 0.224781
361 3.2 0.224781
362 3.2 0.224781
363 3.15 0.232549
364 3.15 0.232549
365 3.2 0.224781
366 3.2 0.257519
367 3.25 0.260314
368 3.2 0.257519
369 3.25 0.260314
370 3.25 0.260314
371 3.25 0.260314
372 3.2 0.257519
373 3.3 0.252357
374 3.35 0.254176
375 3.3 0.262578
376 3.25 0.25
377 3.25 0.25
378 3.2 0.247088
379 3.25 0.239242
380 3.2 0.257519
381 3.2 0.236198
382 3.2 0.236198
383 3.3 0.262578
384 3.25 0.270234
385 3.3 0.262578
386 3.3 0.262578
387 3.25 0.260314
388 3.2 0.295581
389 3.2 0.295581
390 3.25 0.270234
391 3.25 0.270234
392 3.25 0.270234
393 3.3 0.262578
394 3.35 0.264326
395 3.35 0.264326
396 3.3 0.252357
397 3.3 0.252357
398 3.3 0.252357
399 3.2 0.257519
400 3.15 0.254176
401 3.2 0.224781
402 3.2 0.224781
403 3.2 0.224781
404 3.15 0.220943
405 3.2 0.224781
406 3.15 0.220943
407 3.05 0.234801
408 3.05 0.234801
409 3.1 0.228266
410 3.15 0.232549
411 3.1 0.21643
412 3.05 0.2112
413 3.05 0.2112
414 2.95 0.2112
415 3 0.205196
416 2.95 0.2112
417 3 0.191943
418 3 0.191943
419 2.95 0.184605
420 3 0.162221
421 3 0.162221
422 3.05 0.184605
423 3.1 0.203909
424 3.1 0.190567
425 3.25 0.203586
426 3.25 0.203586
427 3.1 0.21643
428 3.05 0.2112
429 3.05 0.2112
430 3.2 0.224781
431 3.25 0.227977
432 3.25 0.227977
433 3.25 0.227977
434 3.2 0.224781
435 3.2 0.224781
436 3.2 0.224781
437 3.25 0.227977
438 3.2 0.224781
439 3.15 0.220943
440 3.15 0.220943
441 3.15 0.220943
442 3.2 0.224781
443 3.15 0.232549
444 3.25 0.227977
445 3.15 0.220943
446 3.2 0.224781
447 3.1 0.228266
448 3.15 0.243602
449 3 0.271448
450 3.05 0.276015
451 3.1 0.228266
452 3.1 0.260566
453 3.15 0.254176
454 3.15 0.243602
455 3.15 0.243602
456 3.2 0.236198
457 3.2 0.236198
458 3.15 0.232549
459 3.2 0.236198
460 3.15 0.243602
461 3.15 0.254176
462 3.15 0.243602
463 3.15 0.220943
464 3.2 0.224781
465 3.25 0.203586
466 3.2 0.212751
467 3.2 0.212751
468 3.2 0.212751
469 3.25 0.216126
470 3.3 0.218849
471 3.35 0.232549
472 3.35 0.232549
473 3.35 0.232549
474 3.35 0.232549
475 3.35 0.232549
476 3.25 0.25
477 3.25 0.25
478 3.25 0.239242
479 3.25 0.239242
480 3.25 0.239242
481 3.2 0.224781
482 3.3 0.218849
483 3.35 0.220943
484 3.4 0.233959
485 3.35 0.220943
486 3.35 0.220943
487 3.35 0.220943
488 3.35 0.220943
489 3.3 0.23056
490 3.35 0.254176
491 3.35 0.254176
492 3.4 0.244949
493 3.4 0.244949
494 3.45 0.245753
495 3.45 0.245753
496 3.45 0.245753
497 3.5 0.256495
498 3.45 0.26631
499 3.45 0.26631
500 3.4 0.244949
501 3.35 0.243602
502 3.4 0.244949
503 3.45 0.234801
504 3.5 0.223607
505 3.45 0.234801
506 3.45 0.234801
507 3.45 0.234801
508 3.55 0.245753
509 3.5 0.246021
510 3.5 0.246021
511 3.45 0.245753
512 3.4 0.255467
513 3.5 0.246021
514 3.55 0.256238
515 3.55 0.256238
516 3.55 0.256238
517 3.5 0.266557
518 3.5 0.266557
519 3.5 0.266557
520 3.5 0.266557
521 3.5 0.266557
522 3.45 0.256238
523 3.45 0.256238
524 3.5 0.266557
525 3.35 0.28354
526 3.5 0.276253
527 3.45 0.26631
528 3.35 0.264326
529 3.4 0.255467
530 3.4 0.255467
531 3.4 0.265568
532 3.35 0.264326
533 3.3 0.262578
534 3.4 0.255467
535 3.4 0.244949
536 3.4 0.244949
537 3.4 0.244949
538 3.4 0.244949
539 3.35 0.220943
540 3.3 0.23056
541 3.4 0.233959
542 3.4 0.233959
543 3.45 0.245753
544 3.55 0.245753
545 3.6 0.233959
546 3.5 0.211511
547 3.5 0.223607
548 3.5 0.223607
549 3.5 0.223607
550 3.55 0.223312
551 3.55 0.223312
552 3.6 0.233959
553 3.6 0.233959
554 3.5 0.235081
555 3.55 0.256238
556 3.55 0.256238
557 3.5 0.256495
558 3.65 0.254176
559 3.5 0.256495
560 3.55 0.256238
561 3.5 0.266557
562 3.5 0.266557
563 3.45 0.245753
564 3.4 0.265568
565 3.4 0.265568
566 3.4 0.284697
567 3.45 0.294467
568 3.5 0.28562
569 3.6 0.293795
570 3.6 0.284697
571 3.5 0.303488
572 3.5 0.29469
573 3.45 0.28539
574 3.45 0.294467
575 3.45 0.294467
576 3.5 0.276253
577 3.5 0.276253
578 3.5 0.276253
579 3.6 0.275299
580 3.65 0.28354
581 3.65 0.292674
582 3.65 0.292674
583 3.65 0.292674
584 3.6 0.293795
585 3.65 0.326666
586 3.55 0.320156
587 3.65 0.342399
588 3.75 0.33931
589 3.75 0.33931
590 3.75 0.33931
591 3.7 0.333246
592 3.6 0.335606
593 3.55 0.343932
594 3.55 0.351501
595 3.5 0.312039
596 3.55 0.351501
597 3.55 0.351501
598 3.5 0.336389
599 3.55 0.351501
600 3.55 0.351501
601 3.6 0.343358
602 3.6 0.343358
603 3.55 0.343932
604 3.6 0.343358
605 3.65 0.342399
606 3.6 0.350939
607 3.55 0.328273
608 3.55 0.343932
609 3.6 0.343358
610 3.55 0.328273
611 3.6 0.311195
612 3.6 0.311195
613 3.6 0.311195
614 3.55 0.294467
615 3.6 0.311195
616 3.6 0.311195
617 3.6 0.311195
618 3.6 0.311195
619 3.6 0.311195
620 3.6 0.311195
621 3.55 0.294467
622 3.6 0.311195
623 3.65 0.318508
624 3.6 0.311195
625 3.55 0.294467
626 3.6 0.311195
627 3.6 0.311195
628 3.6 0.30262
629 3.65 0.310136
630 3.65 0.310136
631 3.7 0.317059
632 3.7 0.317059
633 3.6 0.327671
634 3.5 0.328473
635 3.55 0.320156
636 3.55 0.320156
637 3.5 0.320362
638 3.5 0.312039
639 3.45 0.320156
640 3.45 0.320156
641 3.5 0.303488
642 3.5 0.336389
643 3.55 0.320156
644 3.55 0.320156
645 3.55 0.320156
646 3.5 0.312039
647 3.5 0.312039
648 3.45 0.311828
649 3.5 0.320362
650 3.45 0.328273
651 3.5 0.320362
652 3.45 0.303272
653 3.45 0.303272
654 3.45 0.328273
655 3.35 0.310136
656 3.35 0.326666
657 3.4 0.311195
658 3.4 0.311195
659 3.45 0.303272
660 3.45 0.303272
661 3.45 0.328273
662 3.35 0.301531
663 3.4 0.327671
664 3.45 0.320156
665 3.45 0.320156
666 3.4 0.319539
667 3.4 0.319539
668 3.35 0.326666
669 3.35 0.326666
670 3.35 0.326666
671 3.35 0.326666
672 3.35 0.326666
673 3.4 0.335606
674 3.35 0.318508
675 3.25 0.306723
676 3.3 0.317059
677 3.2 0.304354
678 3.2 0.312881
679 3.35 0.310136
680 3.2 0.321182
681 3.4 0.311195
682 3.45 0.311828
683 3.5 0.303488
684 3.5 0.303488
685 3.45 0.320156
686 3.45 0.320156
687 3.35 0.310136
688 3.4 0.311195
689 3.35 0.318508
690 3.25 0.315186
691 3.25 0.323427
692 3.35 0.310136
693 3.35 0.310136
694 3.35 0.310136
695 3.35 0.310136
696 3.4 0.311195
697 3.5 0.312039
698 3.45 0.303272
699 3.45 0.303272
700 3.45 0.26631
701 3.4 0.255467
702 3.4 0.255467
703 3.35 0.232549
704 3.4 0.244949
705 3.5 0.256495
706 3.5 0.256495
707 3.55 0.276015
708 3.55 0.276015
709 3.5 0.29469
710 3.5 0.29469
711 3.5 0.266557
712 3.5 0.266557
713 3.5 0.266557
714 3.5 0.29469
715 3.55 0.276015
716 3.55 0.276015
717 3.55 0.276015
718 3.55 0.276015
719 3.6 0.275299
720 3.5 0.276253
721 3.6 0.275299
722 3.55 0.26631
723 3.5 0.266557
724 3.5 0.266557
725 3.5 0.266557
726 3.45 0.26631
727 3.45 0.26631
728 3.45 0.276015
729 3.45 0.276015
730 3.5 0.276253
731 3.45 0.294467
732 3.55 0.276015
733 3.5 0.276253
734 3.5 0.276253
735 3.5 0.276253
736 3.45 0.276015
737 3.4 0.284697
738 3.45 0.276015
739 3.45 0.276015
740 3.4 0.293795
741 3.35 0.28354
742 3.4 0.255467
743 3.4 0.265568
744 3.45 0.26631
745 3.55 0.256238
746 3.55 0.256238
747 3.45 0.256238
748 3.5 0.266557
749 3.5 0.235081
750 3.5 0.235081
751 3.45 0.26631
752 3.4 0.255467
753 3.4 0.255467
754 3.4 0.255467
755 3.4 0.255467
756 3.3 0.252357
757 3.2 0.247088
758 3.3 0.218849
759 3.4 0.244949
760 3.4 0.265568
761 3.4 0.265568
762 3.4 0.265568
763 3.35 0.264326
764 3.3 0.241704
765 3.35 0.232549
766 3.35 0.220943
767 3.4 0.255467
768 3.4 0.255467
769 3.35 0.264326
770 3.35 0.264326
771 3.35 0.264326
772 3.35 0.264326
773 3.3 0.252357
774 3.3 0.252357
775 3.35 0.264326
776 3.35 0.254176
777 3.35 0.254176
778 3.35 0.254176
779 3.15 0.292674
780 3.15 0.292674
781 3.2 0.304354
782 3.2 0.304354
783 3.2 0.304354
784 3.25 0.289055
785 3.3 0.272416
786 3.35 0.28354
787 3.3 0.291096
788 3.3 0.291096
789 3.3 0.252357
790 3.3 0.262578
791 3.3 0.272416
792 3.3 0.272416
793 3.25 0.289055
794 3.3 0.272416
795 3.3 0.272416
796 3.35 0.28354
797 3.35 0.28354
798 3.45 0.276015
799 3.45 0.276015
800 3.4 0.275299
801 3.4 0.275299
802 3.4 0.275299
803 3.4 0.275299
804 3.45 0.276015
805 3.45 0.276015
806 3.5 0.266557
807 3.55 0.26631
808 3.5 0.28562
809 3.45 0.294467
810 3.45 0.294467
811 3.45 0.294467
812 3.35 0.292674
813 3.35 0.28354
814 3.35 0.28354
815 3.35 0.292674
816 3.4 0.284697
817 3.35 0.28354
818 3.45 0.294467
819 3.45 0.28539
820 3.4 0.30262
821 3.35 0.301531
822 3.25 0.306723
823 3.35 0.318508
824 3.35 0.318508
825 3.45 0.303272
826 3.5 0.28562
827 3.5 0.28562
828 3.5 0.28562
829 3.45 0.294467
830 3.45 0.294467
831 3.45 0.294467
832 3.45 0.294467
833 3.5 0.29469
834 3.45 0.294467
835 3.4 0.284697
836 3.35 0.274101
837 3.35 0.28354
838 3.4 0.293795
839 3.45 0.303272
840 3.45 0.276015
841 3.45 0.276015
842 3.4 0.284697
843 3.4 0.284697
844 3.35 0.301531
845 3.35 0.301531
846 3.4 0.293795
847 3.5 0.312039
848 3.55 0.303272
849 3.55 0.303272
850 3.55 0.303272
851 3.55 0.303272
852 3.55 0.303272
853 3.55 0.303272
854 3.55 0.303272
855 3.55 0.303272
856 3.5 0.29469
857 3.4 0.284697
858 3.35 0.274101
859 3.35 0.274101
860 3.3 0.272416
861 3.3 0.281911
862 3.2 0.277204
863 3.35 0.274101
864 3.45 0.303272
865 3.4 0.293795
866 3.4 0.293795
867 3.35 0.318508
868 3.4 0.319539
869 3.45 0.320156
870 3.4 0.319539
871 3.45 0.320156
872 3.45 0.320156
873 3.4 0.311195
874 3.35 0.318508
875 3.3 0.3
876 3.45 0.294467
877 3.4 0.275299
878 3.5 0.28562
879 3.5 0.28562
880 3.4 0.275299
881 3.4 0.275299
882 3.45 0.276015
883 3.4 0.265568
884 3.45 0.276015
885 3.4 0.275299
886 3.4 0.275299
887 3.35 0.28354
888 3.35 0.28354
889 3.35 0.28354
890 3.35 0.28354
891 3.35 0.28354
892 3.35 0.28354
893 3.4 0.284697
894 3.35 0.301531
895 3.35 0.318508
896 3.4 0.30262
897 3.35 0.292674
898 3.45 0.303272
899 3.4 0.293795
900 3.4 0.293795
901 3.4 0.293795
902 3.4 0.293795
903 3.3 0.281911
904 3.25 0.279803
905 3.25 0.279803
906 3.25 0.279803
907 3.25 0.279803
908 3.3 0.281911
909 3.3 0.281911
910 3.3 0.281911
911 3.35 0.274101
912 3.35 0.274101
913 3.35 0.274101
914 3.35 0.274101
915 3.3 0.3
916 3.4 0.284697
917 3.5 0.312039
918 3.5 0.312039
919 3.5 0.312039
920 3.45 0.294467
921 3.4 0.319539
922 3.35 0.310136
923 3.4 0.284697
924 3.35 0.28354
925 3.4 0.265568
926 3.25 0.279803
927 3.3 0.291096
928 3.4 0.275299
929 3.4 0.275299
930 3.4 0.284697
931 3.4 0.284697
932 3.45 0.303272
933 3.45 0.303272
934 3.45 0.303272
935 3.45 0.303272
936 3.5 0.303488
937 3.5 0.303488
938 3.5 0.303488
939 3.5 0.29469
940 3.6 0.327671
941 3.55 0.311828
942 3.55 0.311828
943 3.55 0.311828
944 3.45 0.294467
945 3.35 0.28354
946 3.4 0.284697
947 3.4 0.293795
948 3.4 0.293795
949 3.4 0.293795
950 3.4 0.293795
951 3.35 0.301531
952 3.45 0.311828
953 3.55 0.320156
954 3.55 0.320156
955 3.55 0.320156
956 3.55 0.320156
957 3.55 0.320156
958 3.5 0.303488
959 3.6 0.327671
960 3.6 0.327671
961 3.45 0.311828
962 3.45 0.320156
963 3.4 0.311195
964 3.45 0.320156
965 3.55 0.320156
966 3.55 0.320156
967 3.55 0.320156
968 3.5 0.328473
969 3.5 0.328473
970 3.55 0.336194
971 3.55 0.336194
972 3.5 0.336389
973 3.55 0.343932
974 3.45 0.328273
975 3.45 0.328273
976 3.35 0.35
977 3.4 0.335606
978 3.4 0.335606
979 3.4 0.335606
980 3.3 0.341051
981 3.35 0.334625
982 3.35 0.334625
983 3.4 0.327671
984 3.4 0.319539
985 3.45 0.336194
986 3.35 0.334625
987 3.35 0.334625
988 3.35 0.35744
989 3.4 0.350939
990 3.35 0.35744
991 3.3 0.348682
992 3.3 0.348682
993 3.4 0.319539
994 3.5 0.336389
995 3.5 0.336389
996 3.5 0.312039
997 3.5 0.312039
998 3.45 0.320156
999 3.45 0.320156
1000 3.45 0.320156
1001 3.4 0.335606
1002 3.4 0.335606
1003 3.35 0.334625
1004 3.4 0.327671
1005 3.45 0.328273
1006 3.45 0.328273
1007 3.45 0.328273
1008 3.5 0.312039
1009 3.55 0.320156
1010 3.5 0.328473
1011 3.5 0.328473
1012 3.5 0.320362
1013 3.45 0.311828
1014 3.45 0.311828
1015 3.55 0.328273
1016 3.45 0.320156
1017 3.55 0.303272
1018 3.55 0.328273
1019 3.55 0.320156
1020 3.5 0.312039
1021 3.45 0.328273
1022 3.4 0.311195
1023 3.35 0.326666
1024 3.4 0.311195
1025 3.4 0.311195
1026 3.35 0.310136
1027 3.4 0.319539
1028 3.35 0.310136
1029 3.4 0.319539
1030 3.35 0.318508
1031 3.4 0.319539
1032 3.45 0.328273
1033 3.45 0.328273
1034 3.45 0.328273
1035 3.35 0.326666
1036 3.3 0.341051
1037 3.4 0.358359
1038 3.4 0.343358
1039 3.45 0.336194
1040 3.45 0.343932
1041 3.45 0.343932
1042 3.45 0.343932
1043 3.45 0.343932
1044 3.45 0.343932
1045 3.45 0.343932
1046 3.3 0.348682
1047 3.3 0.348682
1048 3.3 0.348682
1049 3.25 0.369031
1050 3.15 0.35
1051 3.2 0.359825
1052 3.35 0.334625
1053 3.35 0.326666
1054 3.35 0.326666
1055 3.4 0.343358
1056 3.4 0.343358
1057 3.4 0.343358
1058 3.4 0.343358
1059 3.35 0.35
1060 3.4 0.343358
1061 3.45 0.328273
1062 3.4 0.327671
1063 3.3 0.317059
1064 3.3 0.317059
1065 3.25 0.315186
1066 3.25 0.315186
1067 3.25 0.315186
1068 3.25 0.315186
1069 3.25 0.331464
1070 3.25 0.315186
1071 3.5 0.303488
1072 3.5 0.28562
1073 3.55 0.294467
1074 3.45 0.320156
1075 3.45 0.311828
1076 3.35 0.326666
1077 3.35 0.326666
1078 3.45 0.343932
1079 3.5 0.320362
1080 3.5 0.303488
1081 3.35 0.292674
1082 3.4 0.30262
1083 3.4 0.293795
1084 3.45 0.303272
1085 3.45 0.303272
1086 3.45 0.303272
1087 3.5 0.303488
1088 3.55 0.320156
1089 3.55 0.320156
1090 3.6 0.327671
1091 3.45 0.336194
1092 3.5 0.328473
1093 3.5 0.328473
1094 3.5 0.312039
1095 3.5 0.303488
1096 3.5 0.320362
1097 3.4 0.311195
1098 3.35 0.292674
1099 3.5 0.312039
1100 3.5 0.312039
1101 3.5 0.29469
1102 3.55 0.276015
1103 3.55 0.276015
1104 3.55 0.28539
1105 3.65 0.274101
1106 3.7 0.281911
1107 3.65 0.264326
1108 3.65 0.264326
1109 3.65 0.264326
1110 3.7 0.262578
1111 3.65 0.254176
1112 3.6 0.265568
1113 3.5 0.276253
1114 3.55 0.256238
1115 3.5 0.256495
1116 3.5 0.256495
1117 3.5 0.256495
1118 3.55 0.245753
1119 3.5 0.235081
1120 3.6 0.244949
1121 3.65 0.254176
1122 3.6 0.244949
1123 3.7 0.262578
1124 3.7 0.262578
1125 3.65 0.254176
1126 3.6 0.265568
1127 3.65 0.274101
1128 3.65 0.274101
1129 3.55 0.26631
1130 3.55 0.26631
1131 3.45 0.245753
1132 3.45 0.245753
1133 3.6 0.265568
1134 3.6 0.275299
1135 3.55 0.28539
1136 3.5 0.303488
1137 3.4 0.293795
1138 3.5 0.29469
1139 3.55 0.303272
1140 3.6 0.30262
1141 3.65 0.292674
1142 3.65 0.292674
1143 3.65 0.292674
1144 3.6 0.293795
1145 3.6 0.293795
1146 3.65 0.292674
1147 3.65 0.292674
1148 3.7 0.281911
1149 3.65 0.274101
1150 3.7 0.281911
1151 3.7 0.272416
1152 3.75 0.279803
1153 3.65 0.292674
1154 3.65 0.292674
1155 3.6 0.284697
1156 3.45 0.303272
1157 3.5 0.312039
1158 3.5 0.312039
1159 3.55 0.303272
1160 3.55 0.303272
1161 3.55 0.294467
1162 3.55 0.294467
1163 3.55 0.294467
1164 3.55 0.294467
1165 3.6 0.284697
1166 3.6 0.284697
1167 3.6 0.293795
1168 3.6 0.293795
1169 3.7 0.291096
1170 3.7 0.291096
1171 3.65 0.274101
1172 3.7 0.262578
1173 3.6 0.255467
1174 3.55 0.256238
1175 3.65 0.264326
1176 3.75 0.239242
1177 3.7 0.252357
1178 3.75 0.239242
1179 3.8 0.257519
1180 3.85 0.264326
1181 3.8 0.267542
1182 3.85 0.264326
1183 3.85 0.264326
1184 3.8 0.277204
1185 3.8 0.257519
1186 3.8 0.257519
1187 3.75 0.25
1188 3.75 0.25
1189 3.8 0.257519
1190 3.7 0.252357
1191 3.8 0.257519
1192 3.8 0.257519
1193 3.75 0.270234
1194 3.85 0.28354
1195 3.85 0.28354
1196 3.8 0.277204
1197 3.75 0.270234
1198 3.8 0.277204
1199 3.8 0.277204
1200 3.65 0.274101
1201 3.7 0.272416
1202 3.65 0.28354
1203 3.7 0.291096
1204 3.55 0.26631
1205 3.55 0.276015
1206 3.5 0.266557
1207 3.65 0.274101
1208 3.65 0.274101
1209 3.65 0.301531
1210 3.65 0.310136
1211 3.65 0.310136
1212 3.65 0.310136
1213 3.65 0.318508
1214 3.65 0.318508
1215 3.6 0.311195
1216 3.65 0.301531
1217 3.65 0.301531
1218 3.65 0.301531
1219 3.6 0.319539
1220 3.65 0.326666
1221 3.6 0.335606
1222 3.55 0.343932
1223 3.6 0.311195
1224 3.6 0.311195
1225 3.55 0.303272
1226 3.55 0.303272
1227 3.55 0.303272
1228 3.55 0.294467
1229 3.6 0.284697
1230 3.6 0.284697
1231 3.6 0.284697
1232 3.6 0.284697
1233 3.6 0.284697
1234 3.55 0.320156
1235 3.55 0.294467
1236 3.55 0.294467
1237 3.6 0.311195
1238 3.65 0.301531
1239 3.7 0.281911
1240 3.65 0.292674
1241 3.6 0.284697
1242 3.55 0.276015
1243 3.55 0.28539
1244 3.6 0.284697
1245 3.65 0.274101
1246 3.65 0.274101
1247 3.65 0.274101
1248 3.65 0.274101
1249 3.55 0.28539
1250 3.65 0.274101
1251 3.6 0.284697
1252 3.65 0.28354
1253 3.75 0.270234
1254 3.75 0.270234
1255 3.75 0.270234
1256 3.75 0.270234
1257 3.7 0.262578
1258 3.7 0.262578
1259 3.6 0.255467
1260 3.65 0.254176
1261 3.55 0.26631
1262 3.55 0.26631
1263 3.6 0.244949
1264 3.75 0.270234
1265 3.75 0.270234
1266 3.7 0.291096
1267 3.7 0.291096
1268 3.7 0.291096
1269 3.75 0.270234
1270 3.65 0.264326
1271 3.65 0.264326
1272 3.65 0.264326
1273 3.7 0.272416
1274 3.7 0.272416
1275 3.65 0.264326
1276 3.6 0.255467
1277 3.6 0.284697
1278 3.6 0.293795
1279 3.55 0.303272
1280 3.55 0.28539
1281 3.6 0.284697
1282 3.55 0.303272
1283 3.55 0.303272
1284 3.55 0.303272
1285 3.55 0.303272
1286 3.55 0.26631
1287 3.6 0.265568
1288 3.6 0.265568
1289 3.65 0.274101
1290 3.6 0.275299
1291 3.6 0.275299
1292 3.6 0.275299
1293 3.6 0.275299
1294 3.65 0.274101
1295 3.65 0.274101
1296 3.6 0.265568
1297 3.3 0.252357
1298 3.4 0.255467
1299 3.45 0.26631
1300 3.5 0.256495
1301 3.45 0.26631
1302 3.55 0.256238
1303 3.45 0.294467
1304 3.5 0.28562
1305 3.5 0.256495
1306 3.55 0.26631
1307 3.5 0.256495
1308 3.5 0.256495
1309 3.45 0.28539
1310 3.45 0.28539
1311 3.45 0.276015
1312 3.5 0.276253
1313 3.5 0.276253
1314 3.45 0.26631
1315 3.35 0.254176
1316 3.35 0.254176
1317 3.4 0.265568
1318 3.45 0.256238
1319 3.55 0.245753
1320 3.55 0.245753
1321 3.6 0.244949
1322 3.55 0.234801
1323 3.55 0.234801
1324 3.5 0.223607
1325 3.5 0.235081
1326 3.4 0.233959
1327 3.35 0.243602
1328 3.4 0.244949
1329 3.4 0.244949
1330 3.45 0.245753
1331 3.4 0.255467
1332 3.35 0.264326
1333 3.35 0.264326
1334 3.4 0.275299
1335 3.4 0.284697
1336 3.35 0.28354
1337 3.45 0.311828
1338 3.55 0.276015
1339 3.5 0.276253
1340 3.5 0.276253
1341 3.5 0.276253
1342 3.5 0.276253
1343 3.5 0.276253
1344 3.45 0.26631
1345 3.45 0.256238
1346 3.45 0.256238
1347 3.45 0.256238
1348 3.4 0.255467
1349 3.4 0.255467
1350 3.45 0.245753
1351 3.4 0.244949
1352 3.45 0.245753
1353 3.5 0.246021
1354 3.45 0.245753
1355 3.5 0.235081
1356 3.5 0.235081
1357 3.5 0.235081
1358 3.5 0.235081
1359 3.45 0.234801
1360 3.45 0.234801
1361 3.5 0.235081
1362 3.5 0.235081
1363 3.5 0.235081
1364 3.45 0.234801
1365 3.45 0.234801
1366 3.45 0.234801
1367 3.45 0.245753
1368 3.55 0.245753
1369 3.4 0.233959
1370 3.45 0.245753
1371 3.5 0.246021
1372 3.5 0.246021
1373 3.45 0.245753
1374 3.35 0.243602
1375 3.45 0.234801
1376 3.4 0.233959
1377 3.35 0.243602
1378 3.35 0.232549
1379 3.45 0.256238
1380 3.45 0.256238
1381 3.45 0.26631
1382 3.4 0.244949
1383 3.4 0.255467
1384 3.35 0.243602
1385 3.4 0.255467
1386 3.3 0.272416
1387 3.4 0.244949
1388 3.4 0.233959
1389 3.35 0.243602
1390 3.35 0.243602
1391 3.4 0.255467
1392 3.45 0.26631
1393 3.4 0.265568
1394 3.4 0.265568
1395 3.35 0.243602
1396 3.35 0.232549
1397 3.25 0.227977
1398 3.3 0.252357
1399 3.3 0.218849
1400 3.35 0.232549
1401 3.4 0.233959
1402 3.3 0.241704
1403 3.35 0.232549
1404 3.3 0.218849
1405 3.35 0.232549
1406 3.35 0.232549
1407 3.3 0.218849
1408 3.35 0.232549
1409 3.5 0.246021
1410 3.45 0.234801
1411 3.45 0.28539
1412 3.35 0.310136
1413 3.3 0.317059
1414 3.3 0.317059
1415 3.35 0.310136
1416 3.25 0.306723
1417 3.3 0.317059
1418 3.3 0.317059
1419 3.35 0.318508
1420 3.4 0.319539
1421 3.5 0.28562
1422 3.5 0.28562
1423 3.55 0.276015
1424 3.55 0.276015
1425 3.5 0.28562
1426 3.45 0.276015
1427 3.5 0.276253
1428 3.4 0.293795
1429 3.35 0.318508
1430 3.4 0.265568
1431 3.45 0.276015
1432 3.45 0.276015
1433 3.5 0.276253
1434 3.5 0.276253
1435 3.4 0.255467
1436 3.45 0.26631
1437 3.4 0.265568
1438 3.4 0.265568
1439 3.3 0.262578
1440 3.15 0.243602
1441 3.15 0.264326
1442 3.3 0.272416
1443 3.2 0.28654
1444 3.3 0.3
1445 3.3 0.3
1446 3.3 0.308647
1447 3.35 0.334625
1448 3.3 0.317059
1449 3.35 0.310136
1450 3.4 0.327671
1451 3.35 0.326666
1452 3.3 0.325253
1453 3.3 0.317059
1454 3.35 0.292674
1455 3.35 0.292674
1456 3.35 0.292674
1457 3.35 0.292674
1458 3.4 0.311195
1459 3.35 0.326666
1460 3.45 0.328273
1461 3.35 0.310136
1462 3.35 0.310136
1463 3.35 0.310136
1464 3.15 0.318508
1465 3.1 0.315394
1466 3.15 0.318508
1467 3.15 0.318508
1468 3.15 0.318508
1469 3.2 0.329274
1470 3.25 0.323427
1471 3.25 0.331464
1472 3.25 0.33931
1473 3.3 0.341051
1474 3.25 0.33931
1475 3.25 0.331464
1476 3.25 0.331464
1477 3.25 0.331464
1478 3.25 0.331464
1479 3.3 0.341051
1480 3.3 0.341051
1481 3.3 0.348682
1482 3.15 0.326666
1483 3.25 0.33931
1484 3.15 0.35744
1485 3.3 0.308647
1486 3.35 0.301531
1487 3.4 0.319539
1488 3.35 0.318508
1489 3.35 0.342399
1490 3.4 0.335606
1491 3.35 0.342399
1492 3.4 0.327671
1493 3.45 0.311828
1494 3.4 0.311195
1495 3.4 0.311195
1496 3.35 0.326666
1497 3.3 0.333246
1498 3.35 0.326666
1499 3.35 0.326666
1500 3.35 0.326666
1501 3.35 0.326666
1502 3.35 0.326666
1503 3.25 0.354483
1504 3.3 0.333246
1505 3.2 0.312881
1506 3.2 0.337171
1507 3.25 0.323427
1508 3.25 0.323427
1509 3.2 0.321182
1510 3.2 0.321182
1511 3.15 0.326666
1512 3.2 0.312881
1513 3.25 0.306723
1514 3.25 0.306723
1515 3.25 0.306723
1516 3.35 0.310136
1517 3.35 0.310136
1518 3.35 0.310136
1519 3.3 0.3
1520 3.3 0.317059
1521 3.3 0.317059
1522 3.3 0.317059
1523 3.25 0.306723
1524 3.25 0.306723
1525 3.25 0.289055
1526 3.3 0.3
1527 3.3 0.3
1528 3.2 0.304354
1529 3.15 0.318508
1530 3.1 0.323631
1531 3.05 0.311828
1532 3 0.324443
1533 3 0.324443
1534 3.15 0.318508
1535 3.1 0.331662
1536 3.1 0.331662
1537 3.15 0.318508
1538 3.15 0.318508
1539 3.2 0.329274
1540 3.15 0.334625
1541 3.2 0.329274
1542 3.15 0.326666
1543 3.15 0.326666
1544 3.15 0.326666
1545 3.25 0.33931
1546 3.3 0.348682
1547 3.25 0.33931
1548 3.25 0.33931
1549 3.2 0.329274
1550 3.15 0.342399
1551 3.15 0.364728
1552 3 0.369922
1553 3 0.369922
1554 2.9 0.3832
1555 3.05 0.358909
1556 3.1 0.339504
1557 3.2 0.337171
1558 3.25 0.33931
1559 3.3 0.341051
1560 3.3 0.356149
1561 3.35 0.342399
1562 3.3 0.348682
1563 3.35 0.342399
1564 3.45 0.343932
1565 3.45 0.343932
1566 3.45 0.343932
1567 3.35 0.35744
1568 3.45 0.336194
1569 3.4 0.327671
1570 3.4 0.327671
1571 3.4 0.327671
1572 3.4 0.343358
1573 3.4 0.343358
1574 3.35 0.318508
1575 3.4 0.311195
1576 3.5 0.366348
1577 3.5 0.380443
1578 3.55 0.373286
1579 3.5 0.373462
1580 3.5 0.344124
1581 3.5 0.344124
1582 3.45 0.351501
1583 3.45 0.351501
1584 3.45 0.351501
1585 3.45 0.351501
1586 3.4 0.327671
1587 3.4 0.327671
1588 3.4 0.343358
1589 3.35 0.35744
1590 3.4 0.358359
1591 3.4 0.358359
1592 3.4 0.358359
1593 3.35 0.342399
1594 3.35 0.35744
1595 3.35 0.35
1596 3.4 0.350939
1597 3.4 0.350939
1598 3.45 0.343932
1599 3.45 0.343932
1600 3.45 0.343932
1601 3.5 0.336389
1602 3.45 0.343932
1603 3.5 0.336389
1604 3.5 0.344124
1605 3.5 0.344124
1606 3.45 0.351501
1607 3.5 0.344124
1608 3.5 0.344124
1609 3.5 0.344124
1610 3.5 0.344124
1611 3.5 0.344124
1612 3.5 0.344124
1613 3.5 0.344124
1614 3.5 0.344124
1615 3.5 0.320362
1616 3.5 0.320362
1617 3.45 0.320156
1618 3.45 0.320156
1619 3.45 0.320156
1620 3.4 0.311195
1621 3.4 0.311195
1622 3.45 0.336194
1623 3.45 0.336194
1624 3.45 0.336194
1625 3.45 0.351501
1626 3.45 0.351501
1627 3.45 0.38027
1628 3.55 0.343932
1629 3.45 0.328273
1630 3.4 0.350939
1631 3.4 0.350939
1632 3.35 0.385766
1633 3.5 0.336389
1634 3.45 0.351501
1635 3.4 0.343358
1636 3.4 0.343358
1637 3.5 0.351688
1638 3.45 0.366168
1639 3.45 0.366168
1640 3.5 0.380443
1641 3.55 0.373286
1642 3.6 0.393366
1643 3.5 0.407173
1644 3.55 0.407011
1645 3.55 0.38027
1646 3.5 0.366348
1647 3.55 0.38027
1648 3.55 0.38027
1649 3.5 0.413585
1650 3.5 0.400657
1651 3.45 0.387128
1652 3.55 0.393867
1653 3.5 0.400657
1654 3.45 0.400493
1655 3.45 0.38027
1656 3.35 0.35
1657 3.4 0.365629
1658 3.4 0.365629
1659 3.35 0.399177
1660 3.35 0.399177
1661 3.3 0.384571
1662 3.35 0.399177
1663 3.3 0.398021
1664 3.35 0.392529
1665 3.35 0.392529
1666 3.35 0.392529
1667 3.5 0.373462
1668 3.45 0.358909
1669 3.5 0.351688
1670 3.5 0.373462
1671 3.4 0.365629
1672 3.35 0.364728
1673 3.45 0.366168
1674 3.45 0.387128
1675 3.5 0.373462
1676 3.45 0.351501
1677 3.45 0.328273
1678 3.45 0.358909
1679 3.4 0.335606
1680 3.35 0.342399
1681 3.45 0.366168
1682 3.45 0.366168
1683 3.5 0.366348
1684 3.45 0.373286
1685 3.4 0.365629
1686 3.45 0.373286
1687 3.5 0.366348
1688 3.45 0.373286
1689 3.45 0.373286
1690 3.4 0.372756
1691 3.45 0.366168
1692 3.55 0.373286
1693 3.6 0.365629
1694 3.6 0.365629
1695 3.6 0.365629
1696 3.6 0.365629
1697 3.6 0.365629
1698 3.5 0.380443
1699 3.5 0.366348
1700 3.5 0.366348
1701 3.5 0.366348
1702 3.55 0.358909
1703 3.55 0.358909
1704 3.55 0.358909
1705 3.45 0.320156
1706 3.55 0.358909
1707 3.5 0.366348
1708 3.55 0.343932
1709 3.55 0.343932
1710 3.45 0.351501
1711 3.6 0.327671
1712 3.55 0.336194
1713 3.5 0.344124
1714 3.5 0.344124
1715 3.4 0.335606
1716 3.4 0.335606
1717 3.45 0.351501
1718 3.5 0.351688
1719 3.5 0.351688
1720 3.45 0.366168
1721 3.4 0.365629
1722 3.3 0.325253
1723 3.3 0.325253
1724 3.4 0.30262
1725 3.4 0.293795
1726 3.4 0.30262
1727 3.45 0.276015
1728 3.4 0.284697
1729 3.4 0.319539
1730 3.4 0.30262
1731 3.35 0.318508
1732 3.5 0.312039
1733 3.4 0.343358
1734 3.4 0.319539
1735 3.5 0.328473
1736 3.5 0.312039
1737 3.5 0.312039
1738 3.5 0.320362
1739 3.35 0.326666
1740 3.4 0.343358
1741 3.45 0.336194
1742 3.5 0.336389
1743 3.55 0.328273
1744 3.55 0.328273
1745 3.6 0.284697
1746 3.6 0.284697
1747 3.6 0.275299
1748 3.5 0.28562
1749 3.45 0.294467
1750 3.45 0.294467
1751 3.6 0.30262
1752 3.6 0.284697
1753 3.6 0.284697
1754 3.6 0.284697
1755 3.6 0.293795
1756 3.6 0.293795
1757 3.6 0.293795
1758 3.6 0.293795
1759 3.65 0.301531
1760 3.65 0.301531
1761 3.55 0.303272
1762 3.5 0.29469
1763 3.55 0.26631
1764 3.55 0.28539
1765 3.6 0.284697
1766 3.55 0.28539
1767 3.45 0.276015
1768 3.45 0.276015
1769 3.45 0.276015
1770 3.4 0.284697
1771 3.4 0.284697
1772 3.5 0.29469
1773 3.55 0.311828
1774 3.5 0.29469
1775 3.55 0.303272
1776 3.55 0.303272
1777 3.45 0.294467
1778 3.4 0.311195
1779 3.35 0.310136
1780 3.35 0.310136
1781 3.35 0.310136
1782 3.3 0.3
1783 3.3 0.3
1784 3.35 0.301531
1785 3.35 0.301531
1786 3.35 0.301531
1787 3.25 0.315186
1788 3.25 0.315186
1789 3.3 0.3
1790 3.45 0.28539
1791 3.45 0.28539
1792 3.4 0.30262
1793 3.3 0.291096
1794 3.4 0.275299
1795 3.4 0.275299
1796 3.4 0.275299
1797 3.35 0.292674
1798 3.35 0.292674
1799 3.35 0.292674
1800 3.4 0.275299
1801 3.25 0.289055
1802 3.25 0.289055
1803 3.3 0.3
1804 3.2 0.295581
1805 3.2 0.295581
1806 3.3 0.291096
1807 3.3 0.291096
1808 3.3 0.291096
1809 3.35 0.301531
1810 3.3 0.3
1811 3.3 0.3
1812 3.4 0.30262
1813 3.25 0.279803
1814 3.25 0.29802
1815 3.25 0.315186
1816 3.25 0.315186
1817 3.25 0.331464
1818 3.25 0.331464
1819 3.2 0.312881
1820 3.2 0.312881
1821 3.15 0.310136
1822 3.15 0.301531
1823 3.15 0.301531
1824 3.05 0.320156
1825 3.15 0.310136
1826 3.05 0.294467
1827 3.1 0.289282
1828 3.1 0.289282
1829 3.05 0.28539
1830 3 0.271448
1831 2.95 0.26631
1832 3 0.271448
1833 3 0.251312
1834 2.95 0.256238
1835 2.95 0.256238
1836 3 0.261574
1837 2.95 0.276015
1838 3 0.280976
1839 3.1 0.289282
1840 3.15 0.28354
1841 3.1 0.289282
1842 2.95 0.28539
1843 2.95 0.303272
1844 3 0.299122
1845 3.1 0.29824
1846 3.1 0.29824
1847 3 0.324443
1848 2.95 0.294467
1849 2.95 0.294467
1850 2.95 0.303272
1851 3.05 0.303272
