0 36 0
1 31.15 0.539371
2 26.1 0.894133
3 22.15 0.715523
4 19.3 0.688629
5 17.55 0.802873
6 15.85 0.726473
7 13.5 0.819178
8 12.7 0.774936
9 11.25 0.60208
10 10.3 0.632871
11 9.3 0.669249
12 8.4 0.642364
13 8.35 0.603826
14 7.9 0.753588
15 7.2 0.694338
16 6.9 0.67629
17 6.55 0.568817
18 6.4 0.577654
19 6.05 0.617614
20 5.4 0.563822
21 5.1 0.422399
22 5.1 0.491507
23 4.8 0.592053
24 4.6 0.586695
25 4.65 0.625237
26 4.25 0.644307
27 4.1 0.636189
28 3.9 0.644409
29 3.8 0.651314
30 3.7 0.585347
31 3.45 0.520501
32 3.4 0.525157
33 3.15 0.498814
34 3.2 0.495241
35 3.4 0.586695
36 3.35 0.590606
37 3.2 0.555357
38 3.3 0.557721
39 3.2 0.505756
40 3.15 0.509256
41 2.9 0.496832
42 2.95 0.51542
43 2.85 0.43088
44 2.85 0.43088
45 2.85 0.43088
46 3.05 0.425966
47 3.1 0.428584
48 3.1 0.40975
49 3 0.410391
50 2.95 0.444114
51 2.6 0.419273
52 2.5 0.407173
53 2.45 0.400493
54 2.2 0.374166
55 2.2 0.374166
56 2.25 0.369031
57 2.2 0.381134
58 2.15 0.35
59 2.1 0.354668
60 2.15 0.371873
61 2.05 0.366168
62 2.25 0.36183
63 2.3 0.348682
64 2.25 0.331464
65 2.25 0.331464
66 2.05 0.28539
67 2 0.251312
68 1.95 0.245753
69 1.9 0.250263
70 2 0.251312
71 1.95 0.256238
72 1.95 0.256238
73 1.95 0.256238
74 2.05 0.294467
75 2.15 0.310136
76 2.3 0.325253
77 2.3 0.325253
78 2.35 0.35744
79 2.2 0.352435
80 2.2 0.352435
81 2.2 0.352435
82 2.05 0.303272
83 2.05 0.336194
84 2.05 0.336194
85 2 0.307794
86 1.85 0.326666
87 1.85 0.326666
88 1.85 0.326666
89 1.95 0.358909
90 1.9 0.36921
91 1.8 0.337171
92 1.9 0.323631
93 1.9 0.323631
94 2.1 0.354668
95 2.3 0.404579
96 2.25 0.403113
97 2.15 0.378883
98 2.05 0.320156
99 1.95 0.311828
100 2.05 0.373286
101 1.9 0.390007
102 1.95 0.393867
103 1.85 0.318508
104 1.85 0.318508
105 1.9 0.347169
106 2 0.332455
107 2.1 0.331662
108 2.1 0.323631
109 2 0.340279
110 2.15 0.342399
111 2 0.307794
112 2.1 0.315394
113 2.05 0.28539
114 2.2 0.337171
115 2.15 0.326666
116 2.1 0.331662
117 2.1 0.331662
118 2.3 0.398021
119 2.35 0.392529
120 2.25 0.354483
121 2.15 0.310136
122 2.1 0.29824
123 2.1 0.29824
124 2.45 0.387128
125 2.45 0.387128
126 2.4 0.393366
127 2.35 0.385766
128 2.25 0.396531
129 2.3 0.398021
130 2.3 0.398021
131 2.35 0.392529
132 2.35 0.35744
133 2.3 0.348682
134 2.2 0.352435
135 2.15 0.364728
136 2.3 0.363463
137 2.45 0.400493
138 2.55 0.38027
139 2.35 0.364728
140 2.35 0.364728
141 2.3 0.356149
142 2.4 0.365629
143 2.55 0.351501
144 2.5 0.344124
145 2.55 0.351501
146 2.55 0.351501
147 2.55 0.351501
148 2.55 0.351501
149 2.5 0.366348
150 2.3 0.333246
151 2.35 0.364728
152 2.55 0.373286
153 2.5 0.359092
154 2.6 0.350939
155 2.55 0.320156
156 2.55 0.320156
157 2.55 0.320156
158 2.6 0.350939
159 2.45 0.276015
160 2.4 0.30262
161 2.4 0.327671
162 2.4 0.327671
163 2.45 0.320156
164 2.3 0.281911
165 2.25 0.279803
166 2.2 0.267542
167 2.1 0.239517
168 2.1 0.239517
169 2 0.229416
170 1.9 0.21643
171 1.9 0.21643
172 1.9 0.21643
173 1.85 0.208693
174 1.85 0.208693
175 1.9 0.203909
176 1.9 0.203909
177 1.9 0.203909
178 1.85 0.195677
179 1.9 0.203909
180 2 0.205196
181 2.05 0.223312
182 2.1 0.228266
183 2.05 0.223312
184 1.95 0.223312
185 1.95 0.223312
186 2 0.240613
187 1.9 0.260566
188 1.9 0.260566
189 1.8 0.236198
190 1.8 0.236198
191 1.9 0.239517
192 1.9 0.239517
193 2 0.299122
194 2 0.299122
195 2.05 0.294467
196 1.95 0.294467
197 1.9 0.260566
198 1.95 0.26631
199 2 0.251312
200 2 0.251312
201 1.95 0.223312
202 1.95 0.223312
203 1.95 0.223312
204 2 0.251312
205 2 0.229416
206 1.95 0.234801
207 1.8 0.236198
208 1.7 0.218849
209 1.7 0.218849
210 1.65 0.220943
211 1.75 0.25
212 1.7 0.252357
213 1.7 0.252357
214 1.85 0.264326
215 1.95 0.256238
216 2 0.271448
217 1.9 0.250263
218 1.85 0.243602
219 1.8 0.247088
220 1.75 0.239242
221 1.95 0.320156
222 1.95 0.320156
223 1.95 0.320156
224 1.75 0.279803
225 1.75 0.239242
226 1.8 0.247088
227 1.85 0.274101
228 1.8 0.267542
229 1.8 0.267542
230 1.9 0.289282
231 1.9 0.289282
232 1.8 0.28654
233 1.7 0.241704
234 1.7 0.241704
235 1.65 0.254176
236 1.5 0.246021
237 1.5 0.246021
238 1.55 0.26631
239 1.55 0.26631
240 1.45 0.234801
241 1.5 0.223607
242 1.55 0.2112
243 1.5 0.223607
244 1.5 0.223607
245 1.5 0.223607
246 1.45 0.245753
247 1.35 0.254176
248 1.35 0.254176
249 1.35 0.254176
250 1.35 0.254176
251 1.3 0.262578
252 1.4 0.293795
253 1.45 0.294467
254 1.5 0.303488
255 1.55 0.303272
256 1.6 0.319539
257 1.55 0.320156
258 1.6 0.319539
259 1.7 0.325253
260 1.7 0.325253
261 1.65 0.318508
262 1.65 0.318508
263 1.8 0.329274
264 1.9 0.347169
265 1.9 0.347169
266 1.9 0.347169
267 2.05 0.407011
268 1.8 0.394702
269 1.8 0.394702
270 1.8 0.394702
271 1.8 0.394702
272 1.8 0.394702
273 1.85 0.392529
274 1.85 0.392529
275 1.75 0.389838
276 1.65 0.371873
277 1.5 0.276253
278 1.6 0.284697
279 1.6 0.284697
280 1.5 0.256495
281 1.6 0.244949
282 1.55 0.234801
283 1.5 0.246021
284 1.5 0.256495
285 1.5 0.256495
286 1.5 0.256495
287 1.5 0.256495
288 1.5 0.256495
289 1.5 0.256495
290 1.5 0.256495
291 1.5 0.256495
292 1.5 0.256495
293 1.6 0.255467
294 1.6 0.255467
295 1.55 0.256238
296 1.45 0.223312
297 1.55 0.2112
298 1.55 0.2112
299 1.55 0.2112
300 1.6 0.222427
301 1.6 0.222427
302 1.6 0.222427
303 1.6 0.222427
304 1.55 0.2112
305 1.55 0.2112
306 1.55 0.2112
307 1.5 0.211511
308 1.5 0.211511
309 1.45 0.198348
310 1.45 0.198348
311 1.45 0.198348
312 1.45 0.198348
313 1.35 0.208693
314 1.35 0.208693
315 1.4 0.210263
316 1.4 0.210263
317 1.4 0.210263
318 1.4 0.210263
319 1.5 0.246021
320 1.6 0.293795
321 1.6 0.293795
322 1.55 0.256238
323 1.55 0.256238
324 1.55 0.256238
325 1.6 0.293795
326 1.6 0.293795
327 1.5 0.276253
328 1.5 0.276253
329 1.45 0.276015
330 1.5 0.373462
331 1.45 0.336194
332 1.55 0.343932
333 1.55 0.343932
334 1.6 0.343358
335 1.55 0.336194
336 1.55 0.336194
337 1.5 0.320362
338 1.6 0.386618
339 1.6 0.386618
340 1.6 0.386618
341 1.65 0.412151
342 1.85 0.405716
343 1.95 0.419743
344 2 0.410391
345 1.9 0.396697
346 1.85 0.364728
347 1.95 0.393867
348 1.9 0.403276
349 1.95 0.400493
350 1.85 0.35744
351 1.85 0.35744
352 1.95 0.373286
353 1.9 0.354668
354 1.9 0.354668
355 1.95 0.351501
356 1.85 0.342399
357 1.9 0.331662
358 1.85 0.318508
359 2 0.307794
360 2.05 0.320156
361 2.05 0.320156
362 1.85 0.318508
363 1.8 0.329274
364 1.85 0.334625
365 1.85 0.334625
366 1.9 0.323631
367 1.95 0.311828
368 1.9 0.29824
369 1.9 0.29824
370 1.95 0.303272
371 1.95 0.303272
372 2.05 0.311828
373 2 0.316228
374 1.9 0.289282
375 1.85 0.28354
376 1.75 0.279803
377 1.75 0.279803
378 1.8 0.304354
379 1.85 0.326666
380 1.7 0.325253
381 1.7 0.325253
382 1.55 0.303272
383 1.65 0.326666
384 1.65 0.326666
385 1.65 0.326666
386 1.55 0.311828
387 1.55 0.311828
388 1.55 0.311828
389 1.55 0.311828
390 1.6 0.30262
391 1.6 0.30262
392 1.55 0.294467
393 1.55 0.294467
394 1.55 0.294467
395 1.55 0.294467
396 1.55 0.294467
397 1.55 0.294467
398 1.55 0.294467
399 1.6 0.311195
400 1.65 0.310136
401 1.65 0.310136
402 1.7 0.308647
403 1.7 0.281911
404 1.7 0.272416
405 1.6 0.284697
406 1.6 0.284697
407 1.6 0.284697
408 1.65 0.301531
409 1.75 0.306723
410 1.75 0.306723
411 1.65 0.28354
412 1.65 0.28354
413 1.65 0.28354
414 1.65 0.301531
415 1.65 0.301531
416 1.65 0.301531
417 1.65 0.292674
418 1.65 0.292674
419 1.65 0.292674
420 1.75 0.323427
421 1.9 0.315394
422 1.95 0.351501
423 1.95 0.351501
424 1.95 0.351501
425 2.05 0.336194
426 2.2 0.321182
427 2.25 0.331464
428 2.35 0.326666
429 2.3 0.333246
430 2.15 0.301531
431 2.15 0.301531
432 2.15 0.301531
433 2.2 0.312881
434 2.2 0.312881
435 2.3 0.308647
436 2.3 0.308647
437 2.3 0.317059
438 2.3 0.317059
439 2.35 0.35744
440 2.15 0.318508
441 2.1 0.289282
442 2.15 0.28354
443 2.15 0.28354
444 2.15 0.28354
445 2.15 0.28354
446 2.25 0.29802
447 2.2 0.28654
448 2.25 0.279803
449 2.3 0.291096
450 2.3 0.252357
451 2.3 0.252357
452 2.3 0.262578
453 2.4 0.311195
454 2.35 0.28354
455 2.35 0.264326
456 2.3 0.272416
457 2.2 0.295581
458 2.05 0.28539
459 2.15 0.318508
460 2.15 0.301531
461 2.05 0.320156
462 2.15 0.318508
463 2.1 0.29824
464 2.1 0.29824
465 2.1 0.362012
466 2.25 0.389838
467 2.2 0.387977
468 2.2 0.387977
469 2.2 0.387977
470 2.2 0.387977
471 2.25 0.415964
472 2.25 0.415964
473 2.25 0.415964
474 2.25 0.415964
475 2.3 0.411032
476 2.4 0.4
477 2.3 0.363463
478 2.3 0.363463
479 2.15 0.364728
480 2.25 0.415964
481 2.3 0.411032
482 2.25 0.422243
483 2.3 0.441886
484 2.35 0.43088
485 2.35 0.43088
486 2.25 0.396531
487 2.3 0.398021
488 2.25 0.36183
489 2.25 0.36183
490 2.35 0.35744
491 2.35 0.35744
492 2.5 0.359092
493 2.5 0.359092
494 2.6 0.406526
495 2.7 0.411032
496 2.4 0.335606
497 2.35 0.334625
498 2.3 0.308647
499 2.35 0.292674
500 2.45 0.303272
501 2.45 0.336194
502 2.4 0.365629
503 2.5 0.344124
504 2.45 0.336194
505 2.25 0.331464
506 2.3 0.333246
507 2.4 0.327671
508 2.35 0.326666
509 2.35 0.326666
510 2.25 0.331464
511 2.1 0.280038
512 2.1 0.280038
513 2.1 0.280038
514 2.1 0.280038
515 2.1 0.280038
516 2.2 0.359825
517 2.2 0.359825
518 2.15 0.342399
519 2.15 0.342399
520 2.05 0.358909
521 2.05 0.351501
522 2.15 0.35
523 2.15 0.35
524 2.15 0.35
525 2.15 0.35
526 2.15 0.326666
527 2.05 0.276015
528 1.95 0.28539
529 1.95 0.28539
530 2 0.280976
531 2.05 0.26631
532 2.15 0.28354
533 2.05 0.26631
534 2.1 0.280038
535 2.1 0.280038
536 2 0.271448
537 2 0.271448
538 2.1 0.270477
539 2.1 0.270477
540 2.1 0.270477
541 2.05 0.256238
542 2.05 0.256238
543 2 0.261574
544 2 0.261574
545 2 0.261574
546 2 0.261574
547 1.95 0.26631
548 1.85 0.264326
549 1.85 0.264326
550 1.9 0.280038
551 2 0.280976
552 2.1 0.315394
553 2.1 0.315394
554 1.95 0.328273
555 1.95 0.328273
556 1.9 0.339504
557 1.9 0.339504
558 2.05 0.336194
559 2.05 0.336194
560 1.95 0.351501
561 1.95 0.351501
562 2.05 0.351501
563 2.2 0.374166
564 2.25 0.383028
565 2.25 0.389838
566 2.35 0.399177
567 2.3 0.391354
568 2.3 0.391354
569 2.3 0.391354
570 2.35 0.399177
571 2.2 0.367065
572 2.05 0.358909
573 2 0.340279
574 1.95 0.336194
575 1.75 0.346979
576 1.8 0.359825
577 1.8 0.359825
578 1.9 0.347169
579 1.8 0.329274
580 1.8 0.329274
581 1.75 0.323427
582 1.85 0.326666
583 1.75 0.306723
584 1.75 0.306723
585 1.7 0.308647
586 1.8 0.295581
587 1.85 0.28354
588 1.9 0.306937
589 1.9 0.306937
590 1.9 0.306937
591 1.9 0.306937
592 2.05 0.336194
593 2.1 0.37627
594 2.1 0.37627
595 2.1 0.37627
596 1.95 0.366168
597 1.95 0.366168
598 2.05 0.351501
599 2.1 0.347169
600 1.95 0.276015
601 1.9 0.270477
602 1.95 0.276015
603 1.95 0.276015
604 2 0.280976
605 2 0.280976
606 2 0.280976
607 2.1 0.250263
608 2 0.177705
609 1.95 0.169752
610 1.95 0.169752
611 2 0.177705
612 2 0.177705
613 2.05 0.234801
614 2.2 0.277204
615 2.2 0.277204
616 2.15 0.274101
617 2.25 0.270234
618 2.25 0.270234
619 2.35 0.28354
620 2.25 0.270234
621 2.35 0.28354
622 2.35 0.28354
623 2.25 0.306723
624 2.25 0.306723
625 2.2 0.312881
626 2.2 0.312881
627 2.1 0.280038
628 2.1 0.280038
629 1.95 0.26631
630 2.05 0.28539
631 2.15 0.301531
632 2.05 0.303272
633 1.9 0.260566
634 1.9 0.260566
635 1.95 0.256238
636 2 0.280976
637 2 0.280976
638 1.95 0.294467
639 2 0.324443
640 2.05 0.320156
641 2 0.324443
642 2.1 0.315394
643 2.1 0.315394
644 2.15 0.310136
645 2.15 0.310136
646 2.1 0.315394
647 2.15 0.326666
648 2.15 0.326666
649 2.1 0.331662
650 2.1 0.331662
651 2.1 0.331662
652 2.1 0.331662
653 2.05 0.320156
654 2.05 0.320156
655 2.05 0.320156
656 2.1 0.323631
657 2.1 0.323631
658 2.25 0.369031
659 2.25 0.369031
660 2.3 0.404579
661 2.4 0.449561
662 2.55 0.438148
663 2.55 0.438148
664 2.6 0.443669
665 2.55 0.438148
666 2.4 0.46112
667 2.25 0.422243
668 2.25 0.452333
669 2.25 0.452333
670 2.15 0.43088
671 1.95 0.419743
672 2 0.416754
673 2 0.416754
674 2.05 0.444114
675 2.05 0.444114
676 2.15 0.43088
677 2.1 0.403276
678 2.05 0.387128
679 2 0.362738
680 2.05 0.373286
681 2.15 0.399177
682 1.9 0.362012
683 1.95 0.358909
684 2.05 0.358909
685 2.05 0.358909
686 2.05 0.358909
687 1.95 0.328273
688 1.9 0.29824
689 1.9 0.29824
690 1.9 0.29824
691 1.9 0.29824
692 1.85 0.28354
693 1.75 0.279803
694 1.65 0.274101
695 1.7 0.281911
696 1.7 0.281911
697 1.7 0.291096
698 1.7 0.291096
699 1.7 0.291096
700 1.7 0.291096
701 1.75 0.306723
702 1.7 0.308647
703 1.7 0.308647
704 1.6 0.265568
705 1.7 0.252357
706 1.75 0.25
707 1.75 0.25
708 1.75 0.25
709 1.75 0.25
710 1.75 0.25
711 1.9 0.250263
712 1.9 0.250263
713 1.85 0.254176
714 1.9 0.228266
715 2 0.251312
716 2 0.251312
717 2 0.251312
718 2.05 0.256238
719 1.95 0.256238
720 2.1 0.260566
721 2.05 0.256238
722 2.05 0.256238
723 2.15 0.254176
724 2.05 0.256238
725 2.05 0.256238
726 2.05 0.256238
727 2 0.251312
728 1.95 0.245753
729 2.15 0.243602
730 2.1 0.239517
731 2.1 0.239517
732 1.9 0.190567
733 1.9 0.190567
734 1.75 0.160181
735 1.75 0.160181
736 1.75 0.203586
737 1.8 0.212751
738 1.75 0.203586
739 1.75 0.203586
740 1.75 0.203586
741 1.7 0.218849
742 1.7 0.218849
743 1.65 0.208693
744 1.65 0.208693
745 1.7 0.218849
746 1.75 0.227977
747 1.85 0.254176
748 1.8 0.247088
749 1.9 0.270477
750 2 0.271448
751 2.05 0.328273
752 2.05 0.328273
753 2.05 0.328273
754 1.85 0.274101
755 2 0.271448
756 1.85 0.264326
757 1.85 0.264326
758 1.75 0.239242
759 1.75 0.239242
760 1.8 0.247088
761 1.75 0.239242
762 1.75 0.239242
763 1.75 0.239242
764 1.7 0.23056
765 1.85 0.208693
766 1.8 0.236198
767 1.85 0.264326
768 1.75 0.25
769 1.7 0.252357
770 1.65 0.232549
771 1.6 0.244949
772 1.55 0.234801
773 1.5 0.235081
774 1.5 0.235081
775 1.6 0.222427
776 1.65 0.243602
777 1.65 0.243602
778 1.6 0.233959
779 1.6 0.233959
780 1.6 0.233959
781 1.55 0.234801
782 1.55 0.234801
783 1.5 0.223607
784 1.55 0.2112
785 1.55 0.2112
786 1.55 0.2112
787 1.6 0.197351
788 1.65 0.195677
789 1.65 0.195677
790 1.6 0.210263
791 1.45 0.184605
792 1.45 0.184605
793 1.55 0.169752
794 1.5 0.170139
795 1.7 0.241704
796 1.8 0.247088
797 1.9 0.239517
798 1.95 0.256238
799 2.05 0.276015
800 2.05 0.276015
801 2.1 0.29824
802 2.1 0.29824
803 2.1 0.29824
804 2 0.316228
805 1.95 0.320156
806 1.85 0.301531
807 1.85 0.301531
808 1.85 0.301531
809 1.8 0.267542
810 1.8 0.267542
811 1.85 0.301531
812 1.9 0.315394
813 1.9 0.29824
814 1.9 0.29824
815 1.9 0.29824
816 1.9 0.29824
817 1.95 0.294467
818 1.95 0.26631
819 1.8 0.257519
820 1.85 0.274101
821 1.9 0.280038
822 2 0.251312
823 2.05 0.256238
824 2.1 0.250263
825 1.9 0.250263
826 1.85 0.264326
827 1.85 0.28354
828 1.85 0.28354
829 1.8 0.28654
830 1.8 0.28654
831 1.8 0.28654
832 1.75 0.29802
833 1.75 0.29802
834 1.7 0.308647
835 1.7 0.308647
836 1.7 0.308647
837 1.65 0.310136
838 1.75 0.315186
839 1.75 0.315186
840 1.8 0.321182
841 1.85 0.326666
842 1.85 0.326666
843 1.85 0.326666
844 2 0.307794
845 2.05 0.328273
846 2.05 0.328273
847 2.1 0.36921
848 2.15 0.364728
849 2.15 0.364728
850 2.15 0.364728
851 2.1 0.37627
852 2.1 0.37627
853 2.15 0.364728
854 2.2 0.359825
855 2.2 0.367065
856 2.15 0.364728
857 2.05 0.351501
858 1.95 0.351501
859 1.9 0.339504
860 1.7 0.281911
861 1.7 0.281911
862 1.7 0.281911
863 1.65 0.28354
864 1.55 0.276015
865 1.65 0.301531
866 1.6 0.293795
867 1.65 0.310136
868 1.65 0.310136
869 1.65 0.274101
870 1.65 0.274101
871 1.7 0.281911
872 1.7 0.281911
873 1.75 0.289055
874 1.7 0.272416
875 1.7 0.272416
876 1.7 0.281911
877 1.7 0.281911
878 1.7 0.281911
879 1.7 0.281911
880 1.8 0.28654
881 1.75 0.29802
882 1.8 0.28654
883 1.9 0.306937
884 1.85 0.301531
885 1.85 0.301531
886 1.85 0.301531
887 1.95 0.303272
888 1.85 0.301531
889 1.85 0.301531
890 1.9 0.29824
891 1.9 0.29824
892 1.9 0.280038
893 1.8 0.28654
894 1.75 0.29802
895 1.6 0.275299
896 1.6 0.275299
897 1.6 0.275299
898 1.7 0.317059
899 1.7 0.317059
900 1.7 0.317059
901 1.7 0.317059
902 1.85 0.318508
903 1.75 0.315186
904 1.6 0.255467
905 1.6 0.255467
906 1.55 0.245753
907 1.65 0.254176
908 1.75 0.289055
909 1.8 0.295581
910 1.8 0.295581
911 1.65 0.274101
912 1.55 0.26631
913 1.6 0.255467
914 1.6 0.265568
915 1.6 0.265568
916 1.55 0.245753
917 1.55 0.245753
918 1.65 0.254176
919 1.65 0.254176
920 1.7 0.262578
921 1.7 0.262578
922 1.75 0.25
923 1.75 0.25
924 1.7 0.241704
925 1.75 0.260314
926 1.85 0.292674
927 1.85 0.292674
928 2 0.271448
929 2 0.271448
930 2.05 0.28539
931 2.05 0.320156
932 2.1 0.331662
933 2.05 0.320156
934 2.1 0.315394
935 2.1 0.315394
936 2 0.332455
937 2.05 0.320156
938 2.05 0.320156
939 2 0.324443
940 2.1 0.323631
941 2 0.290191
942 2 0.290191
943 2.15 0.301531
944 2.05 0.303272
945 2.1 0.306937
946 2.1 0.306937
947 2.1 0.306937
948 2.05 0.303272
949 1.95 0.294467
950 1.85 0.292674
951 1.8 0.304354
952 1.8 0.304354
953 1.8 0.304354
954 1.8 0.304354
955 1.8 0.304354
956 1.8 0.304354
957 1.85 0.342399
958 1.85 0.342399
959 1.85 0.342399
960 1.85 0.342399
961 1.85 0.342399
962 1.85 0.342399
963 1.75 0.346979
964 1.75 0.346979
965 1.8 0.344887
966 1.65 0.274101
967 1.65 0.310136
968 1.7 0.308647
969 1.7 0.308647
970 1.7 0.308647
971 1.65 0.301531
972 1.65 0.301531
973 1.65 0.301531
974 1.75 0.306723
975 1.7 0.281911
976 1.55 0.276015
977 1.55 0.276015
978 1.65 0.326666
979 1.7 0.356149
980 1.65 0.326666
981 1.65 0.326666
982 1.7 0.333246
983 1.75 0.323427
984 1.75 0.323427
985 1.75 0.323427
986 1.8 0.352435
987 1.9 0.354668
988 1.9 0.354668
989 1.8 0.337171
990 1.8 0.337171
991 1.8 0.337171
992 1.85 0.35
993 1.9 0.362012
994 1.95 0.351501
995 1.95 0.351501
996 1.95 0.351501
997 2 0.324443
998 1.85 0.301531
999 1.85 0.301531
1000 1.85 0.301531
1001 1.9 0.29824
1002 1.8 0.295581
1003 1.8 0.295581
1004 1.75 0.29802
1005 1.75 0.29802
1006 1.75 0.29802
1007 1.75 0.29802
1008 1.8 0.304354
1009 1.8 0.304354
1010 1.8 0.304354
1011 1.75 0.331464
1012 1.75 0.331464
1013 1.75 0.331464
1014 1.65 0.292674
1015 1.8 0.295581
1016 1.7 0.272416
1017 1.65 0.264326
1018 1.65 0.264326
1019 1.65 0.264326
1020 1.65 0.264326
1021 1.65 0.264326
1022 1.65 0.264326
1023 1.65 0.220943
1024 1.6 0.222427
1025 1.65 0.220943
1026 1.65 0.254176
1027 1.65 0.254176
1028 1.75 0.279803
1029 1.75 0.279803
1030 1.7 0.252357
1031 1.8 0.28654
1032 1.7 0.3
1033 1.9 0.323631
1034 1.9 0.323631
1035 1.95 0.351501
1036 1.9 0.339504
1037 1.7 0.262578
1038 1.65 0.264326
1039 1.55 0.256238
1040 1.6 0.244949
1041 1.5 0.256495
1042 1.6 0.284697
1043 1.5 0.246021
1044 1.5 0.246021
1045 1.55 0.26631
1046 1.55 0.26631
1047 1.55 0.26631
1048 1.45 0.26631
1049 1.45 0.26631
1050 1.35 0.232549
1051 1.35 0.232549
1052 1.4 0.233959
1053 1.4 0.233959
1054 1.55 0.256238
1055 1.55 0.256238
1056 1.65 0.264326
1057 1.7 0.262578
1058 1.6 0.233959
1059 1.55 0.234801
1060 1.55 0.234801
1061 1.55 0.234801
1062 1.4 0.183533
1063 1.4 0.183533
1064 1.3 0.163836
1065 1.3 0.163836
1066 1.45 0.245753
1067 1.5 0.28562
1068 1.6 0.293795
1069 1.65 0.292674
1070 1.65 0.292674
1071 1.65 0.292674
1072 1.6 0.265568
1073 1.7 0.272416
1074 1.7 0.272416
1075 1.85 0.254176
1076 1.8 0.257519
1077 1.8 0.329274
1078 1.8 0.329274
1079 1.8 0.329274
1080 1.8 0.329274
1081 1.7 0.291096
1082 1.7 0.291096
1083 1.75 0.289055
1084 1.75 0.289055
1085 1.7 0.281911
1086 1.7 0.281911
1087 1.65 0.28354
1088 1.65 0.28354
1089 1.6 0.284697
1090 1.6 0.284697
1091 1.7 0.341051
1092 1.7 0.341051
1093 1.6 0.350939
1094 1.5 0.29469
1095 1.5 0.29469
1096 1.5 0.29469
1097 1.45 0.303272
1098 1.6 0.30262
1099 1.6 0.30262
1100 1.65 0.326666
1101 1.65 0.334625
1102 1.6 0.30262
1103 1.6 0.30262
1104 1.6 0.30262
1105 1.6 0.30262
1106 1.55 0.294467
1107 1.65 0.310136
1108 1.65 0.310136
1109 1.65 0.310136
1110 1.7 0.3
1111 1.7 0.3
1112 1.7 0.3
1113 1.7 0.3
1114 1.7 0.281911
1115 1.6 0.275299
1116 1.7 0.3
1117 1.6 0.275299
1118 1.55 0.256238
1119 1.65 0.243602
1120 1.55 0.2112
1121 1.55 0.2112
1122 1.55 0.2112
1123 1.5 0.211511
1124 1.5 0.211511
1125 1.6 0.265568
1126 1.6 0.265568
1127 1.7 0.252357
1128 1.65 0.254176
1129 1.7 0.262578
1130 1.75 0.289055
1131 1.8 0.312881
1132 1.9 0.37627
1133 1.9 0.37627
1134 1.9 0.37627
1135 2 0.376969
1136 2 0.376969
1137 2 0.376969
1138 1.9 0.315394
1139 1.9 0.315394
1140 1.8 0.312881
1141 1.8 0.312881
1142 1.8 0.312881
1143 1.9 0.37627
1144 1.9 0.37627
1145 1.75 0.323427
1146 1.75 0.323427
1147 1.75 0.323427
1148 1.75 0.323427
1149 1.75 0.323427
1150 1.75 0.323427
1151 1.8 0.321182
1152 1.9 0.306937
1153 1.95 0.303272
1154 1.95 0.303272
1155 2.1 0.29824
1156 2.1 0.270477
1157 2.25 0.289055
1158 2.35 0.301531
1159 2.45 0.311828
1160 2.45 0.311828
1161 2.15 0.326666
1162 2.15 0.326666
1163 2.25 0.369031
1164 2.35 0.392529
1165 2.3 0.370632
1166 2.25 0.369031
1167 2.25 0.369031
1168 2.25 0.369031
1169 2.15 0.371873
1170 2.1 0.36921
1171 2.15 0.364728
1172 2.15 0.364728
1173 2.1 0.362012
1174 1.85 0.364728
1175 1.8 0.359825
1176 1.75 0.33931
1177 1.45 0.26631
1178 1.45 0.26631
1179 1.4 0.265568
1180 1.5 0.29469
1181 1.5 0.29469
1182 1.5 0.29469
1183 1.5 0.29469
1184 1.6 0.327671
1185 1.6 0.327671
1186 1.5 0.336389
1187 1.45 0.328273
1188 1.5 0.336389
1189 1.5 0.336389
1190 1.5 0.336389
1191 1.5 0.336389
1192 1.5 0.336389
1193 1.55 0.328273
1194 1.5 0.328473
1195 1.6 0.319539
1196 1.7 0.356149
1197 1.7 0.356149
1198 1.8 0.344887
1199 1.8 0.344887
1200 1.8 0.344887
1201 1.7 0.291096
1202 1.7 0.291096
1203 1.7 0.291096
1204 1.7 0.291096
1205 1.75 0.279803
1206 1.75 0.279803
1207 1.75 0.279803
1208 1.7 0.281911
1209 1.65 0.264326
1210 1.5 0.235081
1211 1.65 0.243602
1212 1.75 0.216126
1213 1.75 0.216126
1214 1.85 0.220943
1215 1.8 0.236198
1216 1.8 0.236198
1217 1.85 0.254176
1218 1.75 0.25
1219 1.65 0.264326
1220 1.75 0.289055
1221 1.8 0.312881
1222 1.7 0.308647
1223 1.65 0.301531
1224 1.6 0.311195
1225 1.6 0.311195
1226 1.6 0.311195
1227 1.5 0.28562
1228 1.5 0.28562
1229 1.5 0.28562
1230 1.5 0.28562
1231 1.5 0.28562
1232 1.5 0.28562
1233 1.6 0.311195
1234 1.65 0.274101
1235 1.65 0.274101
1236 1.65 0.274101
1237 1.65 0.274101
1238 1.65 0.264326
1239 1.65 0.264326
1240 1.75 0.270234
1241 1.75 0.270234
1242 1.75 0.270234
1243 1.6 0.265568
1244 1.6 0.265568
1245 1.6 0.265568
1246 1.6 0.265568
1247 1.7 0.252357
1248 1.7 0.252357
1249 1.5 0.235081
1250 1.55 0.234801
1251 1.6 0.233959
1252 1.7 0.281911
1253 1.6 0.233959
1254 1.7 0.241704
1255 1.7 0.241704
1256 1.8 0.247088
1257 1.9 0.289282
1258 1.9 0.289282
1259 2.1 0.270477
1260 2.1 0.270477
1261 2.1 0.270477
1262 2.05 0.276015
1263 2.1 0.280038
1264 2.1 0.280038
1265 2.1 0.280038
1266 2.1 0.280038
1267 2.1 0.280038
1268 2.1 0.289282
1269 2.1 0.315394
1270 2.1 0.315394
1271 2.1 0.315394
1272 2.1 0.323631
1273 2.1 0.323631
1274 2.1 0.323631
1275 2.1 0.323631
1276 2.2 0.352435
1277 2.25 0.409589
1278 2.15 0.378883
1279 2.1 0.36921
1280 2.1 0.36921
1281 2.05 0.38027
1282 1.95 0.393867
1283 1.8 0.387977
1284 1.8 0.387977
1285 1.7 0.325253
1286 1.8 0.312881
1287 1.95 0.328273
1288 1.95 0.328273
1289 1.8 0.329274
1290 1.8 0.329274
1291 1.9 0.339504
1292 1.9 0.339504
1293 2.05 0.328273
1294 2.05 0.328273
1295 2.15 0.35744
1296 2.15 0.342399
1297 1.95 0.303272
1298 2 0.307794
1299 2.05 0.343932
1300 2.2 0.312881
1301 2.1 0.29824
1302 2 0.307794
1303 2.05 0.311828
1304 2.05 0.311828
1305 2.1 0.306937
1306 2.2 0.321182
1307 2.2 0.321182
1308 2.35 0.35
1309 2.35 0.35
1310 2.4 0.343358
1311 2.25 0.331464
1312 2.3 0.391354
1313 2.35 0.405716
1314 2.3 0.411032
1315 2.4 0.431643
1316 2.45 0.425966
1317 2.45 0.425966
1318 2.4 0.4
1319 2.3 0.377666
1320 2.25 0.346979
1321 2.25 0.346979
1322 2.25 0.346979
1323 2.2 0.359825
1324 2.15 0.334625
1325 2.1 0.315394
1326 2.15 0.301531
1327 2.15 0.301531
1328 2.15 0.301531
1329 2.15 0.301531
1330 2.15 0.301531
1331 2.35 0.342399
1332 2.3 0.325253
1333 2.25 0.331464
1334 2.1 0.347169
1335 2.2 0.374166
1336 2.1 0.354668
1337 2.15 0.342399
1338 2.15 0.326666
1339 2.15 0.35744
1340 2.15 0.385766
1341 2.2 0.381134
1342 2.1 0.36921
1343 2.2 0.367065
1344 2.15 0.364728
1345 2 0.324443
1346 2 0.324443
1347 2 0.324443
1348 1.8 0.28654
1349 1.95 0.303272
1350 1.9 0.289282
1351 1.9 0.289282
1352 2.05 0.28539
1353 2.05 0.28539
1354 2 0.290191
1355 2.05 0.28539
1356 2.05 0.28539
1357 2.15 0.28354
1358 2.1 0.270477
1359 2.1 0.270477
1360 2.15 0.264326
1361 2.05 0.26631
1362 2.1 0.289282
1363 2.1 0.36921
1364 2.1 0.36921
1365 2.1 0.36921
1366 2.1 0.36921
1367 2.05 0.373286
1368 2.05 0.373286
1369 2.1 0.37627
1370 2.1 0.37627
1371 2.1 0.37627
1372 2.25 0.376095
1373 2.2 0.337171
1374 2.1 0.339504
1375 2 0.324443
1376 2.05 0.320156
1377 1.95 0.320156
1378 1.85 0.318508
1379 1.8 0.295581
1380 1.8 0.295581
1381 1.9 0.29824
1382 1.9 0.29824
1383 1.9 0.289282
1384 1.9 0.289282
1385 2.05 0.311828
1386 1.75 0.279803
1387 1.7 0.281911
1388 1.7 0.281911
1389 1.7 0.281911
1390 1.6 0.275299
1391 1.6 0.275299
1392 1.7 0.3
1393 1.7 0.3
1394 1.6 0.311195
1395 1.65 0.310136
1396 1.7 0.317059
1397 1.7 0.3
1398 1.55 0.28539
1399 1.6 0.293795
1400 1.55 0.294467
1401 1.55 0.294467
1402 1.55 0.294467
1403 1.4 0.30262
1404 1.5 0.328473
1405 1.45 0.311828
1406 1.45 0.311828
1407 1.45 0.311828
1408 1.45 0.311828
1409 1.6 0.343358
1410 1.6 0.343358
1411 1.6 0.343358
1412 1.5 0.351688
1413 1.5 0.351688
1414 1.55 0.343932
1415 1.55 0.343932
1416 1.55 0.343932
1417 1.6 0.350939
1418 1.6 0.350939
1419 1.55 0.343932
1420 1.6 0.343358
1421 1.55 0.351501
1422 1.55 0.351501
1423 1.65 0.342399
1424 1.65 0.342399
1425 1.95 0.366168
1426 1.9 0.331662
1427 1.9 0.331662
1428 1.9 0.331662
1429 1.8 0.295581
1430 1.8 0.312881
1431 1.75 0.29802
1432 1.85 0.318508
1433 1.85 0.318508
1434 1.8 0.329274
1435 1.8 0.329274
1436 2 0.362738
1437 1.95 0.343932
1438 2 0.362738
1439 1.9 0.37627
1440 1.95 0.387128
1441 1.9 0.37627
1442 1.95 0.373286
1443 1.9 0.354668
1444 1.9 0.339504
1445 1.95 0.343932
1446 2.05 0.328273
1447 2.05 0.328273
1448 1.95 0.276015
1449 1.75 0.279803
1450 1.65 0.274101
1451 1.65 0.274101
1452 1.65 0.274101
1453 1.8 0.367065
1454 1.8 0.367065
1455 1.85 0.371873
1456 1.7 0.341051
1457 1.7 0.341051
1458 1.7 0.341051
1459 1.8 0.394702
1460 1.75 0.369031
1461 1.75 0.369031
1462 1.75 0.369031
1463 1.75 0.376095
1464 1.8 0.374166
1465 1.95 0.38027
1466 1.95 0.38027
1467 1.95 0.38027
1468 1.95 0.38027
1469 2.05 0.38027
1470 2.1 0.36921
1471 2.05 0.366168
1472 2.05 0.366168
1473 2.05 0.366168
1474 1.95 0.366168
1475 2.05 0.366168
1476 1.95 0.351501
1477 1.95 0.351501
1478 1.95 0.351501
1479 2.05 0.343932
1480 2.1 0.323631
1481 2.15 0.310136
1482 2.2 0.304354
1483 2.15 0.326666
1484 2.25 0.33931
1485 2.2 0.337171
1486 2.2 0.337171
1487 2.3 0.317059
1488 2.25 0.369031
1489 2.25 0.369031
1490 2.3 0.370632
1491 2.5 0.373462
1492 2.5 0.373462
1493 2.45 0.366168
1494 2.55 0.387128
1495 2.45 0.328273
1496 2.45 0.328273
1497 2.45 0.328273
1498 2.4 0.327671
1499 2.35 0.292674
1500 2.35 0.310136
1501 2.35 0.310136
1502 2.45 0.366168
1503 2.35 0.334625
1504 2.4 0.327671
1505 2.4 0.327671
1506 2.3 0.281911
1507 2.4 0.293795
1508 2.4 0.293795
1509 2.3 0.3
1510 2.2 0.321182
1511 2.25 0.323427
1512 2.1 0.260566
1513 2.1 0.260566
1514 2.1 0.260566
1515 2.1 0.260566
1516 2.1 0.260566
1517 2.2 0.257519
1518 2.2 0.257519
1519 2.1 0.260566
1520 2.1 0.260566
1521 2.2 0.257519
1522 2.4 0.284697
1523 2.4 0.284697
1524 2.45 0.294467
1525 2.35 0.318508
1526 2.25 0.323427
1527 2.25 0.323427
1528 2.2 0.321182
1529 2.25 0.33931
1530 2.25 0.33931
1531 2.25 0.33931
1532 2.4 0.358359
1533 2.4 0.358359
1534 2.4 0.358359
1535 2.5 0.336389
1536 2.45 0.351501
1537 2.5 0.336389
1538 2.6 0.327671
1539 2.55 0.336194
1540 2.6 0.343358
1541 2.5 0.320362
1542 2.45 0.343932
1543 2.3 0.341051
1544 2.3 0.341051
1545 2.15 0.310136
1546 2.15 0.310136
1547 2.2 0.304354
1548 2.25 0.306723
1549 2.3 0.3
1550 2.3 0.3
1551 2.25 0.306723
1552 2.25 0.306723
1553 2.35 0.301531
1554 2.4 0.319539
1555 2.4 0.30262
1556 2.25 0.29802
1557 2.25 0.29802
1558 2.35 0.371873
1559 2.15 0.318508
1560 2.2 0.312881
1561 2.2 0.312881
1562 2.2 0.312881
1563 2.2 0.329274
1564 2.2 0.329274
1565 2.3 0.341051
1566 2.3 0.341051
1567 2.25 0.315186
1568 2.2 0.321182
1569 2.1 0.306937
1570 2.2 0.337171
1571 2.45 0.366168
1572 2.45 0.358909
1573 2.45 0.358909
1574 2.45 0.358909
1575 2.4 0.350939
1576 2.35 0.364728
1577 2.35 0.364728
1578 2.55 0.373286
1579 2.45 0.373286
1580 2.3 0.391354
1581 2.35 0.385766
1582 2.25 0.383028
1583 2.2 0.387977
1584 2.1 0.403276
1585 2.1 0.403276
1586 2.05 0.407011
1587 2 0.410391
1588 2 0.410391
1589 2 0.410391
1590 1.95 0.407011
1591 2 0.403928
1592 2.1 0.3832
1593 2.1 0.331662
1594 2.15 0.334625
1595 2.15 0.334625
1596 2.25 0.36183
1597 2.15 0.334625
1598 2.05 0.303272
1599 2.1 0.306937
1600 2.1 0.306937
1601 2.05 0.28539
1602 1.95 0.26631
1603 1.95 0.26631
1604 2.05 0.28539
1605 2 0.280976
1606 2 0.280976
1607 2.05 0.294467
1608 1.95 0.294467
1609 1.85 0.310136
1610 1.85 0.310136
1611 2 0.316228
1612 1.95 0.311828
1613 1.85 0.264326
1614 1.95 0.245753
1615 1.95 0.245753
1616 1.95 0.245753
1617 1.9 0.250263
1618 1.95 0.245753
1619 1.95 0.245753
1620 1.9 0.239517
1621 1.95 0.245753
1622 1.95 0.245753
1623 1.8 0.236198
1624 1.8 0.236198
1625 1.85 0.232549
1626 1.95 0.256238
1627 1.95 0.256238
1628 1.85 0.254176
1629 1.95 0.256238
1630 1.8 0.267542
1631 1.8 0.267542
1632 1.85 0.264326
1633 1.8 0.247088
1634 1.8 0.267542
1635 2 0.271448
1636 2.05 0.276015
1637 1.95 0.256238
1638 2 0.229416
1639 2 0.229416
1640 1.85 0.232549
1641 1.95 0.245753
1642 1.95 0.245753
1643 1.85 0.264326
1644 1.85 0.264326
1645 1.9 0.270477
1646 1.85 0.264326
1647 1.95 0.26631
1648 2.1 0.306937
1649 2.1 0.306937
1650 2.1 0.306937
1651 2 0.307794
1652 1.95 0.28539
1653 1.95 0.28539
1654 1.95 0.28539
1655 1.85 0.243602
1656 1.95 0.245753
1657 2.05 0.223312
1658 2.15 0.220943
1659 2.1 0.21643
1660 2.15 0.220943
1661 2.1 0.21643
1662 2.15 0.208693
1663 2.15 0.208693
1664 2.3 0.241704
1665 2.1 0.250263
1666 2.1 0.250263
1667 2.05 0.276015
1668 2.05 0.294467
1669 2.05 0.276015
1670 2.05 0.28539
1671 2.1 0.289282
1672 2.05 0.28539
1673 2.1 0.280038
1674 2.1 0.280038
1675 2.2 0.277204
1676 2.15 0.28354
1677 2.3 0.3
1678 2.15 0.292674
1679 2.15 0.292674
1680 2.15 0.292674
1681 2.2 0.277204
1682 2.2 0.277204
1683 2.25 0.29802
1684 2.35 0.301531
1685 2.3 0.281911
1686 2.35 0.28354
1687 2.35 0.28354
1688 2.45 0.311828
1689 2.3 0.317059
1690 2.2 0.304354
1691 1.9 0.306937
1692 1.85 0.301531
1693 1.9 0.29824
1694 1.75 0.289055
1695 1.75 0.289055
1696 1.85 0.326666
1697 1.85 0.326666
1698 1.8 0.329274
1699 1.8 0.329274
1700 1.8 0.329274
1701 1.9 0.339504
1702 1.9 0.339504
1703 1.9 0.339504
1704 1.9 0.36921
1705 2 0.369922
1706 2.1 0.3832
1707 2.05 0.387128
1708 2 0.376969
1709 2.05 0.38027
1710 2.05 0.393867
1711 2.05 0.393867
1712 2.1 0.403276
1713 2.2 0.401314
1714 2.1 0.362012
1715 2.15 0.371873
1716 2.15 0.371873
1717 2.15 0.371873
1718 2.1 0.36921
1719 2.2 0.374166
1720 2.15 0.35744
1721 2.25 0.396531
1722 2.1 0.36921
1723 2.35 0.399177
1724 2.3 0.377666
1725 2.3 0.377666
1726 2.3 0.377666
1727 2.2 0.352435
1728 2.25 0.383028
1729 2.3 0.398021
1730 2.3 0.391354
1731 2.3 0.391354
1732 2.3 0.348682
1733 2.4 0.372756
1734 2.25 0.346979
1735 2.25 0.331464
1736 2.25 0.331464
1737 2.15 0.318508
1738 2.1 0.315394
1739 2.2 0.329274
1740 2.2 0.329274
1741 2.05 0.320156
1742 2.05 0.320156
1743 1.95 0.328273
1744 1.95 0.328273
1745 1.9 0.315394
1746 1.9 0.315394
1747 1.8 0.321182
1748 1.8 0.321182
1749 1.85 0.318508
1750 1.8 0.304354
1751 1.8 0.304354
1752 1.9 0.339504
1753 1.95 0.336194
1754 1.9 0.323631
1755 1.95 0.343932
1756 1.9 0.323631
1757 1.85 0.326666
1758 1.85 0.326666
1759 1.85 0.326666
1760 1.85 0.326666
1761 1.75 0.289055
1762 1.75 0.289055
1763 1.8 0.295581
1764 1.85 0.28354
1765 1.85 0.28354
1766 1.85 0.274101
1767 1.9 0.239517
1768 1.75 0.25
1769 1.8 0.257519
1770 1.7 0.252357
1771 1.65 0.232549
1772 1.65 0.232549
1773 1.85 0.28354
1774 1.85 0.28354
1775 1.95 0.303272
1776 1.95 0.303272
1777 1.9 0.306937
1778 1.8 0.321182
1779 1.8 0.321182
1780 1.8 0.321182
1781 1.9 0.306937
1782 1.9 0.306937
1783 2 0.324443
1784 2 0.324443
1785 2 0.324443
1786 1.9 0.289282
1787 1.9 0.289282
1788 1.9 0.289282
1789 1.95 0.311828
1790 1.95 0.311828
1791 2 0.307794
1792 2 0.307794
1793 2.05 0.320156
1794 2.1 0.306937
1795 2.15 0.318508
1796 2.05 0.320156
1797 2.25 0.289055
1798 2.25 0.289055
1799 2.2 0.277204
1800 2.2 0.277204
1801 2.3 0.272416
1802 2.25 0.25
1803 2.25 0.260314
1804 2.35 0.292674
1805 2.35 0.292674
1806 2.35 0.292674
1807 2.3 0.272416
1808 2.3 0.272416
1809 2.3 0.272416
1810 2.3 0.272416
1811 2.3 0.272416
1812 2.35 0.28354
1813 2.35 0.28354
1814 2.25 0.306723
1815 2.25 0.306723
1816 2.3 0.3
1817 2.3 0.3
1818 2.3 0.3
1819 2.35 0.292674
1820 2.25 0.279803
1821 2.15 0.264326
1822 2.1 0.270477
1823 2.2 0.321182
1824 2.2 0.321182
1825 2.05 0.328273
1826 2.1 0.323631
1827 2.1 0.323631
1828 2 0.290191
1829 2.05 0.320156
1830 2.05 0.320156
1831 2.2 0.312881
1832 2.2 0.312881
1833 2.25 0.315186
1834 2.3 0.325253
1835 2.35 0.334625
1836 2.2 0.337171
1837 2.35 0.342399
1838 2.25 0.29802
1839 2.15 0.28354
1840 2.1 0.280038
1841 2.1 0.280038
1842 2.05 0.28539
1843 1.85 0.264326
1844 1.85 0.264326
1845 1.85 0.264326
1846 1.85 0.264326
1847 1.8 0.28654
1848 1.9 0.306937
1849 1.9 0.306937
1850 1.9 0.306937
1851 1.85 0.264326
