0 0 0
1 0 0
2 0.15 0.0819178
3 0.15 0.0819178
4 0.15 0.0819178
5 0.15 0.0819178
6 0.05 0.05
7 0.2 0.0917663
8 0.3 0.105131
9 0.45 0.135239
10 0.5 0.135724
11 0.5 0.135724
12 0.65 0.15
13 0.6 0.152177
14 0.6 0.168585
15 0.65 0.15
16 0.6 0.133771
17 0.55 0.135239
18 0.45 0.114133
19 0.4 0.11239
20 0.5 0.114708
21 0.55 0.135239
22 0.6 0.133771
23 0.55 0.153469
24 0.55 0.153469
25 0.5 0.135724
26 0.5 0.170139
27 0.4 0.133771
28 0.45 0.135239
29 0.5 0.135724
30 0.45 0.153469
31 0.4 0.168585
32 0.55 0.169752
33 0.65 0.181731
34 0.5 0.170139
35 0.4 0.133771
36 0.4 0.11239
37 0.4 0.11239
38 0.5 0.135724
39 0.45 0.135239
40 0.4 0.11239
41 0.4 0.11239
42 0.45 0.114133
43 0.3 0.105131
44 0.3 0.105131
45 0.35 0.131289
46 0.45 0.135239
47 0.4 0.11239
48 0.3 0.146898
49 0.3 0.146898
50 0.3 0.146898
51 0.3 0.146898
52 0.4 0.133771
53 0.3 0.105131
54 0.25 0.0993399
55 0.2 0.0917663
56 0.2 0.0917663
57 0.35 0.131289
58 0.25 0.0993399
59 0.25 0.0993399
60 0.2 0.0917663
61 0.15 0.0819178
62 0.25 0.0993399
63 0.25 0.0993399
64 0.25 0.12301
65 0.3 0.127733
66 0.3 0.127733
67 0.2 0.0917663
68 0.2 0.0917663
69 0.2 0.0917663
70 0.3 0.105131
71 0.25 0.12301
72 0.1 0.0688247
73 0.1 0.0688247
74 0.1 0.0688247
75 0.1 0.0688247
76 0.1 0.0688247
77 0.1 0.0688247
78 0.1 0.0688247
79 0.05 0.05
80 0.1 0.0688247
81 0.2 0.11698
82 0.25 0.12301
83 0.25 0.12301
84 0.1 0.0688247
85 0.1 0.0688247
86 0.1 0.0688247
87 0.2 0.0917663
88 0.2 0.0917663
89 0.15 0.0819178
90 0.2 0.0917663
91 0.25 0.0993399
92 0.2 0.0917663
93 0.2 0.0917663
94 0.15 0.0819178
95 0.15 0.0819178
96 0.15 0.0819178
97 0.15 0.0819178
98 0.15 0.0819178
99 0.05 0.05
100 0.05 0.05
101 0.05 0.05
102 0.05 0.05
103 0 0
104 0 0
105 0.05 0.05
106 0.15 0.109424
107 0.15 0.109424
108 0.25 0.160181
109 0.25 0.160181
110 0.2 0.11698
111 0.1 0.0688247
112 0.15 0.0819178
113 0.1 0.0688247
114 0.15 0.0819178
115 0.15 0.0819178
116 0.15 0.0819178
117 0.15 0.0819178
118 0.15 0.0819178
119 0.15 0.0819178
120 0.25 0.0993399
121 0.25 0.0993399
122 0.2 0.0917663
123 0.3 0.105131
124 0.25 0.0993399
125 0.25 0.0993399
126 0.2 0.11698
127 0.2 0.0917663
128 0.2 0.0917663
129 0.2 0.0917663
130 0.2 0.0917663
131 0.1 0.0688247
132 0.15 0.0819178
133 0.2 0.0917663
134 0.15 0.0819178
135 0.2 0.0917663
136 0.1 0.0688247
137 0.1 0.0688247
138 0.05 0.05
139 0 0
140 0.05 0.05
141 0.1 0.0688247
142 0.1 0.0688247
143 0.15 0.0819178
144 0.25 0.0993399
145 0.3 0.105131
146 0.3 0.127733
147 0.3 0.105131
148 0.3 0.127733
149 0.2 0.0917663
150 0.25 0.0993399
151 0.25 0.12301
152 0.25 0.12301
153 0.15 0.109424
154 0.15 0.0819178
155 0.15 0.0819178
156 0.15 0.0819178
157 0.2 0.0917663
158 0.1 0.0688247
159 0.05 0.05
160 0.05 0.05
161 0.05 0.05
162 0.1 0.0688247
163 0.2 0.0917663
164 0.25 0.0993399
165 0.2 0.0917663
166 0.2 0.0917663
167 0.2 0.11698
168 0.25 0.12301
169 0.2 0.11698
170 0.3 0.127733
171 0.25 0.12301
172 0.35 0.15
173 0.35 0.15
174 0.35 0.15
175 0.35 0.15
176 0.2 0.0917663
177 0.25 0.0993399
178 0.3 0.105131
179 0.25 0.0993399
180 0.2 0.0917663
181 0.15 0.0819178
182 0.15 0.0819178
183 0.15 0.109424
184 0.15 0.109424
185 0.15 0.109424
186 0.15 0.109424
187 0.15 0.109424
188 0.2 0.11698
189 0.25 0.0993399
190 0.2 0.0917663
191 0.25 0.0993399
192 0.15 0.0819178
193 0.15 0.0819178
194 0.1 0.0688247
195 0.15 0.109424
196 0.1 0.0688247
197 0.2 0.11698
198 0.2 0.0917663
199 0.2 0.11698
200 0.2 0.11698
201 0.2 0.11698
202 0.2 0.11698
203 0.25 0.12301
204 0.2 0.0917663
205 0.3 0.105131
206 0.25 0.0993399
207 0.2 0.0917663
208 0.25 0.0993399
209 0.2 0.0917663
210 0.3 0.105131
211 0.25 0.0993399
212 0.25 0.0993399
213 0.25 0.0993399
214 0.4 0.11239
215 0.45 0.114133
216 0.45 0.135239
217 0.4 0.168585
218 0.35 0.166623
219 0.15 0.109424
220 0.3 0.163836
221 0.2 0.11698
222 0.1 0.0688247
223 0.05 0.05
224 0.1 0.0688247
225 0.1 0.0688247
226 0.2 0.11698
227 0.25 0.12301
228 0.35 0.131289
229 0.35 0.15
230 0.3 0.146898
231 0.3 0.146898
232 0.35 0.15
233 0.3 0.127733
234 0.3 0.105131
235 0.3 0.105131
236 0.4 0.11239
237 0.35 0.109424
238 0.4 0.11239
239 0.55 0.135239
240 0.6 0.152177
241 0.5 0.135724
242 0.45 0.135239
243 0.4 0.11239
244 0.45 0.135239
245 0.5 0.135724
246 0.35 0.109424
247 0.4 0.11239
248 0.35 0.131289
249 0.2 0.0917663
250 0.15 0.0819178
251 0.15 0.0819178
252 0.15 0.0819178
253 0.2 0.0917663
254 0.2 0.0917663
255 0.3 0.127733
256 0.3 0.105131
257 0.25 0.12301
258 0.25 0.0993399
259 0.15 0.0819178
260 0.15 0.0819178
261 0.2 0.0917663
262 0.1 0.0688247
263 0.15 0.0819178
264 0.15 0.0819178
265 0.2 0.0917663
266 0.35 0.109424
267 0.25 0.0993399
268 0.35 0.166623
269 0.35 0.181731
270 0.4 0.183533
271 0.4 0.210263
272 0.3 0.163836
273 0.3 0.163836
274 0.25 0.160181
275 0.25 0.160181
276 0.25 0.160181
277 0.25 0.12301
278 0.15 0.0819178
279 0.15 0.0819178
280 0.2 0.0917663
281 0.1 0.0688247
282 0.05 0.05
283 0.1 0.0688247
284 0.2 0.0917663
285 0.15 0.0819178
286 0.15 0.0819178
287 0.35 0.131289
288 0.35 0.166623
289 0.15 0.109424
290 0.1 0.0688247
291 0.15 0.0819178
292 0.15 0.0819178
293 0.15 0.0819178
294 0.2 0.0917663
295 0.25 0.0993399
296 0.2 0.0917663
297 0.15 0.0819178
298 0.1 0.0688247
299 0.05 0.05
300 0 0
301 0.05 0.05
302 0.05 0.05
303 0.05 0.05
304 0.15 0.0819178
305 0.2 0.11698
306 0.25 0.0993399
307 0.25 0.0993399
308 0.2 0.0917663
309 0.2 0.11698
310 0.25 0.12301
311 0.3 0.127733
312 0.4 0.168585
313 0.25 0.0993399
314 0.15 0.0819178
315 0.1 0.0688247
316 0.1 0.1
317 0.1 0.1
318 0.05 0.05
319 0.05 0.05
320 0.05 0.05
321 0.05 0.05
322 0.1 0.0688247
323 0.1 0.0688247
324 0.05 0.05
325 0.05 0.05
326 0.05 0.05
327 0.15 0.0819178
328 0.1 0.0688247
329 0.2 0.0917663
330 0.25 0.0993399
331 0.25 0.0993399
332 0.25 0.0993399
333 0.25 0.0993399
334 0.3 0.105131
335 0.3 0.127733
336 0.25 0.0993399
337 0.3 0.105131
338 0.15 0.0819178
339 0.25 0.0993399
340 0.15 0.0819178
341 0.15 0.0819178
342 0.2 0.0917663
343 0.2 0.0917663
344 0.1 0.0688247
345 0.1 0.0688247
346 0.1 0.0688247
347 0.1 0.0688247
348 0.15 0.0819178
349 0.1 0.0688247
350 0.05 0.05
351 0.1 0.0688247
352 0.15 0.0819178
353 0.2 0.11698
354 0.2 0.11698
355 0.25 0.12301
356 0.25 0.12301
357 0.2 0.0917663
358 0.3 0.105131
359 0.25 0.0993399
360 0.2 0.0917663
361 0.2 0.0917663
362 0.2 0.0917663
363 0.25 0.12301
364 0.25 0.0993399
365 0.2 0.0917663
366 0.2 0.0917663
367 0.2 0.0917663
368 0.25 0.12301
369 0.2 0.0917663
370 0.2 0.0917663
371 0.2 0.0917663
372 0.2 0.0917663
373 0.15 0.0819178
374 0.15 0.0819178
375 0.2 0.0917663
376 0.25 0.0993399
377 0.15 0.0819178
378 0.25 0.0993399
379 0.2 0.0917663
380 0.25 0.0993399
381 0.25 0.0993399
382 0.2 0.0917663
383 0.1 0.0688247
384 0.15 0.0819178
385 0.1 0.0688247
386 0.05 0.05
387 0.1 0.0688247
388 0.15 0.0819178
389 0.15 0.0819178
390 0.1 0.0688247
391 0.1 0.0688247
392 0.1 0.0688247
393 0.05 0.05
394 0 0
395 0 0
396 0.05 0.05
397 0.05 0.05
398 0.05 0.05
399 0.15 0.0819178
400 0.25 0.0993399
401 0.2 0.0917663
402 0.1 0.0688247
403 0.1 0.0688247
404 0.1 0.0688247
405 0.1 0.0688247
406 0.15 0.0819178
407 0.25 0.0993399
408 0.25 0.12301
409 0.15 0.0819178
410 0.1 0.0688247
411 0.15 0.0819178
412 0.2 0.11698
413 0.2 0.11698
414 0.4 0.168585
415 0.35 0.166623
416 0.4 0.183533
417 0.4 0.168585
418 0.4 0.168585
419 0.4 0.168585
420 0.35 0.15
421 0.35 0.131289
422 0.3 0.127733
423 0.25 0.0993399
424 0.25 0.0993399
425 0.1 0.0688247
426 0.1 0.0688247
427 0.2 0.0917663
428 0.25 0.0993399
429 0.25 0.0993399
430 0.1 0.0688247
431 0.05 0.05
432 0.05 0.05
433 0.05 0.05
434 0.1 0.0688247
435 0.1 0.0688247
436 0.1 0.0688247
437 0.05 0.05
438 0.1 0.0688247
439 0.1 0.0688247
440 0.05 0.05
441 0.1 0.0688247
442 0.05 0.05
443 0.1 0.0688247
444 0 0
445 0.15 0.0819178
446 0.05 0.05
447 0.2 0.11698
448 0.2 0.0917663
449 0.3 0.127733
450 0.25 0.12301
451 0.2 0.0917663
452 0.2 0.11698
453 0.15 0.0819178
454 0.15 0.0819178
455 0.15 0.0819178
456 0.1 0.0688247
457 0.1 0.0688247
458 0.15 0.109424
459 0.1 0.0688247
460 0.2 0.0917663
461 0.15 0.0819178
462 0.15 0.0819178
463 0.15 0.0819178
464 0.1 0.0688247
465 0.05 0.05
466 0.1 0.0688247
467 0.1 0.0688247
468 0.1 0.0688247
469 0.05 0.05
470 0.05 0.05
471 0 0
472 0 0
473 0 0
474 0 0
475 0 0
476 0.15 0.0819178
477 0.15 0.0819178
478 0.15 0.0819178
479 0.2 0.0917663
480 0.2 0.0917663
481 0.3 0.105131
482 0.3 0.105131
483 0.25 0.0993399
484 0.15 0.0819178
485 0.2 0.0917663
486 0.2 0.0917663
487 0.15 0.0819178
488 0.15 0.0819178
489 0.2 0.0917663
490 0.15 0.0819178
491 0.15 0.0819178
492 0.1 0.0688247
493 0.1 0.0688247
494 0.05 0.05
495 0.1 0.0688247
496 0.1 0.0688247
497 0.1 0.0688247
498 0.1 0.0688247
499 0.15 0.0819178
500 0.2 0.0917663
501 0.25 0.0993399
502 0.2 0.0917663
503 0.15 0.0819178
504 0.05 0.05
505 0.1 0.0688247
506 0.15 0.0819178
507 0.15 0.0819178
508 0.05 0.05
509 0.1 0.0688247
510 0.1 0.0688247
511 0.15 0.0819178
512 0.2 0.0917663
513 0.1 0.0688247
514 0.05 0.05
515 0.05 0.05
516 0.05 0.05
517 0.1 0.0688247
518 0.05 0.05
519 0.05 0.05
520 0.05 0.05
521 0.1 0.0688247
522 0.15 0.0819178
523 0.2 0.0917663
524 0.15 0.0819178
525 0.3 0.105131
526 0.1 0.0688247
527 0.15 0.0819178
528 0.3 0.105131
529 0.25 0.0993399
530 0.25 0.0993399
531 0.2 0.0917663
532 0.25 0.0993399
533 0.3 0.105131
534 0.15 0.0819178
535 0.15 0.0819178
536 0.1 0.0688247
537 0.1 0.0688247
538 0.1 0.0688247
539 0.15 0.0819178
540 0.2 0.0917663
541 0.1 0.0688247
542 0.1 0.0688247
543 0.1 0.0688247
544 0.05 0.05
545 0 0
546 0.1 0.0688247
547 0.1 0.0688247
548 0.1 0.0688247
549 0.15 0.0819178
550 0.1 0.0688247
551 0.1 0.0688247
552 0.05 0.05
553 0.05 0.05
554 0.2 0.0917663
555 0.15 0.0819178
556 0.1 0.0688247
557 0.15 0.0819178
558 0.05 0.05
559 0.2 0.0917663
560 0.15 0.0819178
561 0.2 0.0917663
562 0.15 0.0819178
563 0.1 0.0688247
564 0.2 0.0917663
565 0.2 0.0917663
566 0.3 0.105131
567 0.25 0.0993399
568 0.2 0.0917663
569 0.1 0.0688247
570 0.1 0.0688247
571 0.25 0.12301
572 0.25 0.12301
573 0.35 0.15
574 0.4 0.152177
575 0.4 0.152177
576 0.3 0.127733
577 0.35 0.131289
578 0.3 0.127733
579 0.2 0.0917663
580 0.2 0.0917663
581 0.15 0.0819178
582 0.15 0.0819178
583 0.15 0.0819178
584 0.25 0.0993399
585 0.2 0.0917663
586 0.3 0.105131
587 0.25 0.0993399
588 0.1 0.0688247
589 0.1 0.0688247
590 0.1 0.0688247
591 0.15 0.0819178
592 0.2 0.0917663
593 0.2 0.0917663
594 0.2 0.0917663
595 0.25 0.12301
596 0.15 0.0819178
597 0.15 0.0819178
598 0.2 0.0917663
599 0.2 0.0917663
600 0.2 0.0917663
601 0.15 0.0819178
602 0.15 0.0819178
603 0.2 0.0917663
604 0.15 0.0819178
605 0.1 0.0688247
606 0.15 0.0819178
607 0.15 0.0819178
608 0.15 0.0819178
609 0.1 0.0688247
610 0.15 0.0819178
611 0.1 0.0688247
612 0.1 0.0688247
613 0.15 0.0819178
614 0.2 0.0917663
615 0.15 0.0819178
616 0.15 0.0819178
617 0.15 0.0819178
618 0.15 0.0819178
619 0.15 0.0819178
620 0.15 0.0819178
621 0.2 0.0917663
622 0.15 0.0819178
623 0.1 0.0688247
624 0.15 0.0819178
625 0.15 0.0819178
626 0.1 0.0688247
627 0.1 0.0688247
628 0.1 0.0688247
629 0.05 0.05
630 0.05 0.05
631 0 0
632 0 0
633 0.1 0.0688247
634 0.15 0.0819178
635 0.1 0.0688247
636 0.15 0.0819178
637 0.2 0.0917663
638 0.15 0.0819178
639 0.1 0.0688247
640 0.1 0.0688247
641 0.1 0.0688247
642 0.15 0.0819178
643 0.1 0.0688247
644 0.1 0.0688247
645 0.1 0.0688247
646 0.15 0.0819178
647 0.1 0.0688247
648 0.15 0.0819178
649 0.1 0.0688247
650 0.15 0.109424
651 0.1 0.0688247
652 0.15 0.0819178
653 0.2 0.0917663
654 0.2 0.0917663
655 0.3 0.105131
656 0.3 0.105131
657 0.25 0.0993399
658 0.25 0.0993399
659 0.2 0.0917663
660 0.15 0.0819178
661 0.15 0.109424
662 0.25 0.12301
663 0.2 0.11698
664 0.15 0.109424
665 0.2 0.11698
666 0.25 0.12301
667 0.25 0.12301
668 0.2 0.0917663
669 0.2 0.0917663
670 0.2 0.0917663
671 0.2 0.0917663
672 0.15 0.0819178
673 0.1 0.0688247
674 0.15 0.0819178
675 0.25 0.12301
676 0.2 0.0917663
677 0.3 0.105131
678 0.35 0.15
679 0.2 0.0917663
680 0.35 0.131289
681 0.15 0.0819178
682 0.1 0.0688247
683 0 0
684 0 0
685 0.05 0.05
686 0.1 0.0688247
687 0.2 0.0917663
688 0.15 0.0819178
689 0.2 0.0917663
690 0.3 0.105131
691 0.3 0.105131
692 0.25 0.0993399
693 0.25 0.0993399
694 0.25 0.0993399
695 0.25 0.0993399
696 0.2 0.0917663
697 0.1 0.0688247
698 0.15 0.0819178
699 0.15 0.0819178
700 0.15 0.0819178
701 0.15 0.0819178
702 0.15 0.0819178
703 0.2 0.0917663
704 0.15 0.0819178
705 0.05 0.05
706 0.05 0.05
707 0 0
708 0 0
709 0.05 0.05
710 0.05 0.05
711 0.05 0.05
712 0.15 0.109424
713 0.2 0.11698
714 0.2 0.11698
715 0.1 0.1
716 0.1 0.1
717 0.1 0.1
718 0.05 0.05
719 0 0
720 0.1 0.0688247
721 0 0
722 0.05 0.05
723 0.1 0.0688247
724 0.1 0.0688247
725 0.1 0.0688247
726 0.15 0.0819178
727 0.15 0.0819178
728 0.15 0.0819178
729 0.15 0.0819178
730 0.1 0.0688247
731 0.15 0.0819178
732 0.05 0.05
733 0.05 0.05
734 0.1 0.0688247
735 0.1 0.0688247
736 0.1 0.0688247
737 0.15 0.109424
738 0.1 0.0688247
739 0.1 0.0688247
740 0.15 0.0819178
741 0.2 0.0917663
742 0.15 0.0819178
743 0.15 0.0819178
744 0.1 0.0688247
745 0 0
746 0 0
747 0.1 0.0688247
748 0.05 0.05
749 0.05 0.05
750 0.05 0.05
751 0.1 0.0688247
752 0.15 0.0819178
753 0.15 0.0819178
754 0.15 0.0819178
755 0.1 0.0688247
756 0.2 0.0917663
757 0.3 0.105131
758 0.2 0.0917663
759 0.1 0.0688247
760 0.1 0.0688247
761 0.1 0.0688247
762 0.1 0.0688247
763 0.15 0.0819178
764 0.2 0.0917663
765 0.15 0.0819178
766 0.1 0.0688247
767 0.1 0.0688247
768 0.15 0.0819178
769 0.25 0.12301
770 0.25 0.12301
771 0.2 0.0917663
772 0.2 0.0917663
773 0.2 0.0917663
774 0.25 0.0993399
775 0.2 0.0917663
776 0.2 0.11698
777 0.2 0.11698
778 0.15 0.109424
779 0.35 0.131289
780 0.35 0.131289
781 0.25 0.0993399
782 0.25 0.0993399
783 0.25 0.0993399
784 0.2 0.0917663
785 0.2 0.0917663
786 0.15 0.0819178
787 0.2 0.0917663
788 0.2 0.0917663
789 0.25 0.0993399
790 0.25 0.0993399
791 0.2 0.0917663
792 0.2 0.0917663
793 0.25 0.12301
794 0.2 0.0917663
795 0.2 0.11698
796 0.15 0.109424
797 0.15 0.109424
798 0.05 0.05
799 0.05 0.05
800 0.1 0.0688247
801 0.1 0.0688247
802 0.1 0.0688247
803 0.1 0.0688247
804 0.05 0.05
805 0.1 0.0688247
806 0.05 0.05
807 0 0
808 0.05 0.05
809 0.05 0.05
810 0.05 0.05
811 0 0
812 0.15 0.0819178
813 0.15 0.109424
814 0.15 0.109424
815 0.15 0.0819178
816 0.1 0.0688247
817 0.15 0.0819178
818 0.1 0.0688247
819 0.1 0.0688247
820 0.15 0.109424
821 0.25 0.12301
822 0.35 0.15
823 0.2 0.11698
824 0.2 0.11698
825 0.1 0.1
826 0.1 0.0688247
827 0.05 0.05
828 0.05 0.05
829 0.15 0.0819178
830 0.15 0.0819178
831 0.15 0.0819178
832 0.2 0.0917663
833 0.15 0.0819178
834 0.15 0.0819178
835 0.2 0.0917663
836 0.25 0.0993399
837 0.25 0.12301
838 0.2 0.11698
839 0.15 0.109424
840 0.15 0.0819178
841 0.2 0.11698
842 0.25 0.12301
843 0.25 0.12301
844 0.3 0.127733
845 0.3 0.127733
846 0.25 0.12301
847 0.15 0.0819178
848 0.05 0.05
849 0.05 0.05
850 0.05 0.05
851 0.1 0.0688247
852 0.1 0.0688247
853 0 0
854 0 0
855 0 0
856 0.1 0.0688247
857 0.15 0.0819178
858 0.2 0.0917663
859 0.2 0.0917663
860 0.25 0.0993399
861 0.3 0.127733
862 0.35 0.131289
863 0.2 0.0917663
864 0.1 0.0688247
865 0.15 0.0819178
866 0.2 0.0917663
867 0.3 0.127733
868 0.3 0.127733
869 0.25 0.12301
870 0.3 0.127733
871 0.2 0.11698
872 0.2 0.11698
873 0.3 0.146898
874 0.35 0.181731
875 0.4 0.183533
876 0.25 0.160181
877 0.3 0.127733
878 0.2 0.0917663
879 0.2 0.0917663
880 0.3 0.127733
881 0.3 0.127733
882 0.25 0.0993399
883 0.35 0.109424
884 0.25 0.0993399
885 0.3 0.105131
886 0.3 0.105131
887 0.3 0.105131
888 0.3 0.105131
889 0.25 0.0993399
890 0.15 0.0819178
891 0.15 0.0819178
892 0.15 0.0819178
893 0.15 0.0819178
894 0.15 0.0819178
895 0.15 0.0819178
896 0.1 0.0688247
897 0.15 0.0819178
898 0.05 0.05
899 0.1 0.0688247
900 0.1 0.0688247
901 0.1 0.0688247
902 0.1 0.0688247
903 0.15 0.0819178
904 0.2 0.0917663
905 0.2 0.11698
906 0.2 0.11698
907 0.2 0.11698
908 0.1 0.0688247
909 0.1 0.0688247
910 0.1 0.0688247
911 0.1 0.0688247
912 0.1 0.0688247
913 0.15 0.0819178
914 0.15 0.0819178
915 0.25 0.12301
916 0.2 0.11698
917 0.1 0.0688247
918 0.1 0.0688247
919 0.1 0.0688247
920 0.15 0.0819178
921 0.2 0.11698
922 0.2 0.0917663
923 0.15 0.0819178
924 0.2 0.11698
925 0.15 0.109424
926 0.3 0.146898
927 0.25 0.12301
928 0.1 0.0688247
929 0.1 0.0688247
930 0.1 0.0688247
931 0.15 0.0819178
932 0.15 0.0819178
933 0.1 0.0688247
934 0.1 0.0688247
935 0.1 0.0688247
936 0.05 0.05
937 0.05 0.05
938 0.05 0.05
939 0.1 0.0688247
940 0 0
941 0.05 0.05
942 0.05 0.05
943 0 0
944 0.1 0.0688247
945 0.2 0.0917663
946 0.15 0.0819178
947 0.15 0.0819178
948 0.15 0.0819178
949 0.25 0.0993399
950 0.25 0.0993399
951 0.35 0.131289
952 0.25 0.12301
953 0.15 0.109424
954 0.1 0.1
955 0.1 0.1
956 0.05 0.05
957 0.05 0.05
958 0.1 0.0688247
959 0 0
960 0 0
961 0.15 0.0819178
962 0.1 0.0688247
963 0.15 0.0819178
964 0.1 0.0688247
965 0 0
966 0.05 0.05
967 0.1 0.0688247
968 0.15 0.0819178
969 0.15 0.0819178
970 0.1 0.0688247
971 0.1 0.0688247
972 0.15 0.0819178
973 0.1 0.0688247
974 0.2 0.0917663
975 0.2 0.0917663
976 0.2 0.0917663
977 0.15 0.0819178
978 0.15 0.0819178
979 0.15 0.0819178
980 0.25 0.0993399
981 0.2 0.0917663
982 0.15 0.0819178
983 0.15 0.0819178
984 0.15 0.0819178
985 0.1 0.0688247
986 0.3 0.105131
987 0.3 0.105131
988 0.3 0.127733
989 0.25 0.12301
990 0.3 0.127733
991 0.35 0.131289
992 0.35 0.131289
993 0.2 0.0917663
994 0.15 0.0819178
995 0.15 0.0819178
996 0.1 0.0688247
997 0.1 0.0688247
998 0.15 0.0819178
999 0.15 0.0819178
1000 0.15 0.0819178
1001 0.15 0.0819178
1002 0.2 0.11698
1003 0.25 0.12301
1004 0.25 0.0993399
1005 0.15 0.0819178
1006 0.15 0.0819178
1007 0.1 0.0688247
1008 0.05 0.05
1009 0 0
1010 0.05 0.05
1011 0.1 0.0688247
1012 0.1 0.0688247
1013 0.15 0.0819178
1014 0.15 0.0819178
1015 0.05 0.05
1016 0.2 0.11698
1017 0.15 0.0819178
1018 0.15 0.0819178
1019 0.15 0.109424
1020 0.2 0.11698
1021 0.25 0.12301
1022 0.3 0.105131
1023 0.3 0.105131
1024 0.2 0.0917663
1025 0.2 0.0917663
1026 0.25 0.0993399
1027 0.2 0.11698
1028 0.25 0.12301
1029 0.2 0.11698
1030 0.25 0.14281
1031 0.2 0.11698
1032 0.2 0.11698
1033 0.2 0.11698
1034 0.2 0.11698
1035 0.35 0.131289
1036 0.35 0.131289
1037 0.25 0.12301
1038 0.3 0.127733
1039 0.2 0.0917663
1040 0.2 0.0917663
1041 0.15 0.0819178
1042 0.15 0.0819178
1043 0.2 0.0917663
1044 0.2 0.0917663
1045 0.2 0.0917663
1046 0.35 0.131289
1047 0.3 0.127733
1048 0.2 0.0917663
1049 0.25 0.0993399
1050 0.35 0.109424
1051 0.3 0.127733
1052 0.2 0.11698
1053 0.2 0.0917663
1054 0.1 0.0688247
1055 0.05 0.05
1056 0.05 0.05
1057 0 0
1058 0 0
1059 0.1 0.0688247
1060 0.1 0.0688247
1061 0 0
1062 0.1 0.0688247
1063 0.2 0.0917663
1064 0.2 0.0917663
1065 0.25 0.12301
1066 0.2 0.11698
1067 0.2 0.11698
1068 0.2 0.11698
1069 0.25 0.12301
1070 0.25 0.0993399
1071 0 0
1072 0.05 0.05
1073 0 0
1074 0.2 0.0917663
1075 0.2 0.0917663
1076 0.35 0.131289
1077 0.35 0.131289
1078 0.25 0.12301
1079 0.2 0.0917663
1080 0.2 0.0917663
1081 0.35 0.109424
1082 0.3 0.127733
1083 0.3 0.127733
1084 0.25 0.12301
1085 0.25 0.12301
1086 0.25 0.12301
1087 0.25 0.160181
1088 0.2 0.11698
1089 0.25 0.12301
1090 0.2 0.0917663
1091 0.35 0.15
1092 0.3 0.127733
1093 0.3 0.127733
1094 0.3 0.127733
1095 0.3 0.105131
1096 0.25 0.12301
1097 0.4 0.152177
1098 0.4 0.133771
1099 0.25 0.0993399
1100 0.3 0.105131
1101 0.25 0.0993399
1102 0.15 0.0819178
1103 0.15 0.0819178
1104 0.15 0.0819178
1105 0.05 0.05
1106 0 0
1107 0.05 0.05
1108 0.05 0.05
1109 0.1 0.0688247
1110 0 0
1111 0.05 0.05
1112 0.1 0.0688247
1113 0.2 0.0917663
1114 0.15 0.0819178
1115 0.2 0.11698
1116 0.2 0.11698
1117 0.2 0.11698
1118 0.15 0.109424
1119 0.2 0.11698
1120 0.1 0.0688247
1121 0.05 0.05
1122 0.1 0.0688247
1123 0.05 0.05
1124 0.05 0.05
1125 0.1 0.0688247
1126 0.15 0.0819178
1127 0.1 0.0688247
1128 0.1 0.0688247
1129 0.2 0.0917663
1130 0.2 0.0917663
1131 0.3 0.105131
1132 0.3 0.105131
1133 0.15 0.0819178
1134 0.15 0.0819178
1135 0.2 0.0917663
1136 0.2 0.0917663
1137 0.35 0.131289
1138 0.25 0.0993399
1139 0.2 0.0917663
1140 0.15 0.0819178
1141 0.1 0.0688247
1142 0.1 0.0688247
1143 0.1 0.0688247
1144 0.15 0.0819178
1145 0.15 0.0819178
1146 0.1 0.0688247
1147 0.1 0.0688247
1148 0.05 0.05
1149 0.1 0.0688247
1150 0.05 0.05
1151 0.1 0.0688247
1152 0.05 0.05
1153 0.15 0.0819178
1154 0.15 0.0819178
1155 0.2 0.0917663
1156 0.25 0.12301
1157 0.2 0.11698
1158 0.15 0.0819178
1159 0.1 0.0688247
1160 0.1 0.0688247
1161 0.15 0.109424
1162 0.15 0.109424
1163 0.15 0.109424
1164 0.15 0.109424
1165 0.1 0.1
1166 0.15 0.109424
1167 0.15 0.0819178
1168 0.15 0.0819178
1169 0.05 0.05
1170 0.1 0.0688247
1171 0.15 0.0819178
1172 0.1 0.0688247
1173 0.25 0.12301
1174 0.3 0.127733
1175 0.25 0.0993399
1176 0.1 0.0688247
1177 0.15 0.0819178
1178 0.1 0.0688247
1179 0.05 0.05
1180 0 0
1181 0.05 0.05
1182 0 0
1183 0 0
1184 0.05 0.05
1185 0.05 0.05
1186 0.05 0.05
1187 0.15 0.0819178
1188 0.15 0.0819178
1189 0.1 0.0688247
1190 0.2 0.11698
1191 0.1 0.0688247
1192 0.1 0.0688247
1193 0.15 0.0819178
1194 0.1 0.0688247
1195 0.1 0.0688247
1196 0.15 0.0819178
1197 0.2 0.0917663
1198 0.15 0.0819178
1199 0.2 0.0917663
1200 0.35 0.131289
1201 0.2 0.0917663
1202 0.25 0.0993399
1203 0.2 0.0917663
1204 0.35 0.131289
1205 0.35 0.109424
1206 0.4 0.133771
1207 0.25 0.12301
1208 0.25 0.12301
1209 0.15 0.109424
1210 0.15 0.0819178
1211 0.15 0.0819178
1212 0.15 0.0819178
1213 0.05 0.05
1214 0.05 0.05
1215 0.15 0.0819178
1216 0.1 0.0688247
1217 0.1 0.0688247
1218 0.1 0.1
1219 0.1 0.0688247
1220 0.05 0.05
1221 0.15 0.0819178
1222 0.2 0.0917663
1223 0.15 0.0819178
1224 0.1 0.0688247
1225 0.15 0.0819178
1226 0.15 0.0819178
1227 0.15 0.0819178
1228 0.15 0.0819178
1229 0.1 0.0688247
1230 0.1 0.0688247
1231 0.1 0.0688247
1232 0.1 0.0688247
1233 0.1 0.0688247
1234 0.15 0.0819178
1235 0.15 0.0819178
1236 0.15 0.0819178
1237 0.1 0.0688247
1238 0.05 0.05
1239 0 0
1240 0.05 0.05
1241 0.1 0.0688247
1242 0.15 0.0819178
1243 0.2 0.0917663
1244 0.15 0.0819178
1245 0.1 0.0688247
1246 0.1 0.0688247
1247 0.1 0.0688247
1248 0.1 0.0688247
1249 0.2 0.0917663
1250 0.1 0.0688247
1251 0.2 0.0917663
1252 0.15 0.0819178
1253 0.05 0.05
1254 0.05 0.05
1255 0.05 0.05
1256 0.05 0.05
1257 0.1 0.0688247
1258 0.1 0.0688247
1259 0.15 0.0819178
1260 0.2 0.11698
1261 0.3 0.163836
1262 0.3 0.163836
1263 0.2 0.11698
1264 0.05 0.05
1265 0.05 0.05
1266 0.1 0.0688247
1267 0.1 0.0688247
1268 0.1 0.0688247
1269 0 0
1270 0.1 0.0688247
1271 0.1 0.0688247
1272 0.15 0.0819178
1273 0.1 0.0688247
1274 0.1 0.0688247
1275 0.15 0.0819178
1276 0.2 0.0917663
1277 0.15 0.0819178
1278 0.2 0.0917663
1279 0.25 0.0993399
1280 0.25 0.0993399
1281 0.25 0.0993399
1282 0.3 0.127733
1283 0.25 0.0993399
1284 0.2 0.0917663
1285 0.2 0.0917663
1286 0.2 0.0917663
1287 0.15 0.0819178
1288 0.15 0.0819178
1289 0.1 0.0688247
1290 0.15 0.0819178
1291 0.15 0.0819178
1292 0.15 0.0819178
1293 0.15 0.0819178
1294 0.1 0.0688247
1295 0.1 0.0688247
1296 0.15 0.0819178
1297 0.4 0.152177
1298 0.3 0.127733
1299 0.2 0.11698
1300 0.2 0.11698
1301 0.3 0.127733
1302 0.2 0.0917663
1303 0.35 0.109424
1304 0.3 0.105131
1305 0.35 0.131289
1306 0.25 0.0993399
1307 0.3 0.105131
1308 0.3 0.105131
1309 0.35 0.131289
1310 0.3 0.127733
1311 0.35 0.166623
1312 0.3 0.163836
1313 0.3 0.163836
1314 0.35 0.166623
1315 0.45 0.169752
1316 0.45 0.169752
1317 0.4 0.168585
1318 0.35 0.166623
1319 0.25 0.12301
1320 0.2 0.11698
1321 0.15 0.0819178
1322 0.2 0.0917663
1323 0.15 0.0819178
1324 0.2 0.0917663
1325 0.2 0.0917663
1326 0.2 0.0917663
1327 0.3 0.105131
1328 0.25 0.0993399
1329 0.25 0.12301
1330 0.15 0.0819178
1331 0.2 0.0917663
1332 0.25 0.0993399
1333 0.25 0.0993399
1334 0.25 0.12301
1335 0.25 0.12301
1336 0.3 0.105131
1337 0.25 0.0993399
1338 0.15 0.0819178
1339 0.15 0.0819178
1340 0.15 0.0819178
1341 0.15 0.0819178
1342 0.15 0.0819178
1343 0.2 0.11698
1344 0.25 0.12301
1345 0.3 0.105131
1346 0.3 0.105131
1347 0.3 0.105131
1348 0.4 0.133771
1349 0.35 0.131289
1350 0.3 0.127733
1351 0.35 0.166623
1352 0.25 0.0993399
1353 0.2 0.0917663
1354 0.25 0.12301
1355 0.2 0.11698
1356 0.2 0.11698
1357 0.2 0.11698
1358 0.15 0.0819178
1359 0.2 0.11698
1360 0.2 0.11698
1361 0.15 0.0819178
1362 0.15 0.0819178
1363 0.2 0.11698
1364 0.2 0.11698
1365 0.2 0.11698
1366 0.2 0.11698
1367 0.15 0.0819178
1368 0.05 0.05
1369 0.2 0.11698
1370 0.15 0.0819178
1371 0.1 0.0688247
1372 0.1 0.0688247
1373 0.15 0.0819178
1374 0.25 0.12301
1375 0.2 0.0917663
1376 0.25 0.0993399
1377 0.3 0.105131
1378 0.3 0.105131
1379 0.2 0.0917663
1380 0.2 0.0917663
1381 0.2 0.0917663
1382 0.25 0.0993399
1383 0.25 0.12301
1384 0.25 0.12301
1385 0.2 0.11698
1386 0.3 0.127733
1387 0.25 0.0993399
1388 0.25 0.0993399
1389 0.3 0.105131
1390 0.35 0.131289
1391 0.3 0.127733
1392 0.25 0.12301
1393 0.3 0.127733
1394 0.3 0.127733
1395 0.3 0.105131
1396 0.3 0.105131
1397 0.4 0.133771
1398 0.35 0.15
1399 0.35 0.109424
1400 0.25 0.0993399
1401 0.2 0.0917663
1402 0.3 0.105131
1403 0.25 0.0993399
1404 0.3 0.105131
1405 0.3 0.127733
1406 0.3 0.127733
1407 0.35 0.131289
1408 0.3 0.127733
1409 0.1 0.0688247
1410 0.15 0.0819178
1411 0.15 0.0819178
1412 0.3 0.163836
1413 0.35 0.166623
1414 0.35 0.166623
1415 0.2 0.0917663
1416 0.3 0.105131
1417 0.25 0.0993399
1418 0.25 0.0993399
1419 0.2 0.0917663
1420 0.15 0.0819178
1421 0.05 0.05
1422 0.05 0.05
1423 0 0
1424 0 0
1425 0.05 0.05
1426 0.05 0.05
1427 0 0
1428 0.1 0.0688247
1429 0.15 0.0819178
1430 0.15 0.0819178
1431 0.1 0.0688247
1432 0.1 0.0688247
1433 0.05 0.05
1434 0.05 0.05
1435 0.2 0.0917663
1436 0.15 0.0819178
1437 0.25 0.0993399
1438 0.2 0.0917663
1439 0.3 0.127733
1440 0.45 0.135239
1441 0.5 0.135724
1442 0.25 0.0993399
1443 0.4 0.133771
1444 0.2 0.0917663
1445 0.2 0.0917663
1446 0.2 0.11698
1447 0.15 0.0819178
1448 0.2 0.0917663
1449 0.2 0.0917663
1450 0.15 0.0819178
1451 0.2 0.11698
1452 0.25 0.12301
1453 0.2 0.0917663
1454 0.2 0.0917663
1455 0.15 0.0819178
1456 0.2 0.0917663
1457 0.2 0.0917663
1458 0.15 0.0819178
1459 0.2 0.0917663
1460 0.1 0.0688247
1461 0.2 0.11698
1462 0.2 0.0917663
1463 0.2 0.0917663
1464 0.35 0.131289
1465 0.4 0.168585
1466 0.35 0.131289
1467 0.35 0.131289
1468 0.35 0.131289
1469 0.3 0.127733
1470 0.25 0.12301
1471 0.2 0.0917663
1472 0.2 0.0917663
1473 0.15 0.0819178
1474 0.2 0.11698
1475 0.2 0.0917663
1476 0.15 0.0819178
1477 0.2 0.0917663
1478 0.2 0.0917663
1479 0.15 0.0819178
1480 0.2 0.0917663
1481 0.2 0.0917663
1482 0.3 0.105131
1483 0.35 0.131289
1484 0.45 0.169752
1485 0.3 0.105131
1486 0.25 0.0993399
1487 0.2 0.0917663
1488 0.25 0.0993399
1489 0.25 0.0993399
1490 0.15 0.0819178
1491 0.15 0.0819178
1492 0.1 0.0688247
1493 0.05 0.05
1494 0.1 0.0688247
1495 0.1 0.0688247
1496 0.15 0.0819178
1497 0.2 0.0917663
1498 0.15 0.0819178
1499 0.1 0.0688247
1500 0.15 0.0819178
1501 0.15 0.0819178
1502 0.15 0.0819178
1503 0.25 0.12301
1504 0.15 0.0819178
1505 0.25 0.0993399
1506 0.25 0.0993399
1507 0.2 0.0917663
1508 0.15 0.0819178
1509 0.2 0.0917663
1510 0.2 0.0917663
1511 0.25 0.0993399
1512 0.15 0.0819178
1513 0.1 0.0688247
1514 0.1 0.0688247
1515 0.1 0.0688247
1516 0 0
1517 0 0
1518 0 0
1519 0.05 0.05
1520 0.05 0.05
1521 0 0
1522 0 0
1523 0.05 0.05
1524 0.1 0.0688247
1525 0.1 0.0688247
1526 0 0
1527 0 0
1528 0.1 0.0688247
1529 0.2 0.0917663
1530 0.25 0.0993399
1531 0.3 0.105131
1532 0.4 0.11239
1533 0.35 0.109424
1534 0.15 0.0819178
1535 0.2 0.0917663
1536 0.15 0.0819178
1537 0.1 0.0688247
1538 0.1 0.0688247
1539 0.05 0.05
1540 0.05 0.05
1541 0.05 0.05
1542 0.15 0.0819178
1543 0.15 0.0819178
1544 0.15 0.0819178
1545 0.1 0.0688247
1546 0.05 0.05
1547 0.15 0.0819178
1548 0.15 0.0819178
1549 0.2 0.0917663
1550 0.25 0.0993399
1551 0.25 0.0993399
1552 0.4 0.133771
1553 0.35 0.131289
1554 0.45 0.135239
1555 0.3 0.127733
1556 0.25 0.0993399
1557 0.15 0.0819178
1558 0.15 0.0819178
1559 0.15 0.0819178
1560 0.2 0.0917663
1561 0.15 0.0819178
1562 0.2 0.0917663
1563 0.15 0.0819178
1564 0.05 0.05
1565 0.05 0.05
1566 0.05 0.05
1567 0.15 0.0819178
1568 0.15 0.0819178
1569 0.2 0.0917663
1570 0.25 0.0993399
1571 0.25 0.0993399
1572 0.2 0.0917663
1573 0.2 0.0917663
1574 0.3 0.127733
1575 0.25 0.12301
1576 0.1 0.0688247
1577 0.1 0.0688247
1578 0.1 0.0688247
1579 0.15 0.0819178
1580 0.25 0.0993399
1581 0.15 0.0819178
1582 0.2 0.0917663
1583 0.2 0.0917663
1584 0.2 0.0917663
1585 0.2 0.0917663
1586 0.3 0.127733
1587 0.25 0.12301
1588 0.25 0.12301
1589 0.3 0.105131
1590 0.25 0.0993399
1591 0.25 0.0993399
1592 0.2 0.0917663
1593 0.2 0.0917663
1594 0.2 0.0917663
1595 0.2 0.0917663
1596 0.15 0.0819178
1597 0.15 0.0819178
1598 0.15 0.0819178
1599 0.15 0.0819178
1600 0.15 0.0819178
1601 0.1 0.0688247
1602 0.15 0.0819178
1603 0.1 0.0688247
1604 0.1 0.0688247
1605 0.1 0.0688247
1606 0.15 0.0819178
1607 0.1 0.0688247
1608 0.15 0.0819178
1609 0.15 0.0819178
1610 0.15 0.0819178
1611 0.15 0.0819178
1612 0.15 0.0819178
1613 0.2 0.0917663
1614 0.2 0.0917663
1615 0.2 0.0917663
1616 0.2 0.0917663
1617 0.2 0.0917663
1618 0.2 0.0917663
1619 0.2 0.0917663
1620 0.2 0.0917663
1621 0.15 0.0819178
1622 0.15 0.109424
1623 0.2 0.11698
1624 0.2 0.11698
1625 0.2 0.11698
1626 0.2 0.11698
1627 0.2 0.11698
1628 0.1 0.1
1629 0.2 0.0917663
1630 0.3 0.105131
1631 0.3 0.105131
1632 0.3 0.105131
1633 0.1 0.0688247
1634 0.15 0.0819178
1635 0.2 0.0917663
1636 0.25 0.12301
1637 0.15 0.0819178
1638 0.2 0.0917663
1639 0.2 0.0917663
1640 0.15 0.0819178
1641 0.15 0.0819178
1642 0.1 0.0688247
1643 0.2 0.0917663
1644 0.15 0.0819178
1645 0.15 0.0819178
1646 0.2 0.0917663
1647 0.15 0.0819178
1648 0.1 0.0688247
1649 0.15 0.0819178
1650 0.15 0.0819178
1651 0.2 0.0917663
1652 0.1 0.0688247
1653 0.15 0.0819178
1654 0.15 0.0819178
1655 0.15 0.0819178
1656 0.25 0.12301
1657 0.15 0.0819178
1658 0.15 0.0819178
1659 0.2 0.155597
1660 0.2 0.155597
1661 0.25 0.160181
1662 0.2 0.155597
1663 0.3 0.163836
1664 0.25 0.12301
1665 0.25 0.14281
1666 0.25 0.12301
1667 0.15 0.0819178
1668 0.25 0.0993399
1669 0.2 0.0917663
1670 0.2 0.0917663
1671 0.25 0.0993399
1672 0.35 0.109424
1673 0.2 0.0917663
1674 0.25 0.0993399
1675 0.2 0.0917663
1676 0.25 0.0993399
1677 0.25 0.0993399
1678 0.2 0.0917663
1679 0.2 0.0917663
1680 0.25 0.0993399
1681 0.15 0.0819178
1682 0.15 0.0819178
1683 0.05 0.05
1684 0.15 0.0819178
1685 0.2 0.0917663
1686 0.1 0.0688247
1687 0.05 0.05
1688 0.1 0.0688247
1689 0.1 0.0688247
1690 0.15 0.0819178
1691 0.15 0.0819178
1692 0.1 0.0688247
1693 0.05 0.05
1694 0.1 0.0688247
1695 0.1 0.0688247
1696 0.1 0.0688247
1697 0.1 0.0688247
1698 0.15 0.0819178
1699 0.2 0.0917663
1700 0.2 0.0917663
1701 0.15 0.0819178
1702 0.1 0.0688247
1703 0.1 0.0688247
1704 0.05 0.05
1705 0.15 0.109424
1706 0.05 0.05
1707 0.2 0.11698
1708 0.15 0.0819178
1709 0.15 0.0819178
1710 0.3 0.105131
1711 0.15 0.0819178
1712 0.15 0.109424
1713 0.2 0.11698
1714 0.2 0.11698
1715 0.3 0.127733
1716 0.3 0.127733
1717 0.25 0.0993399
1718 0.25 0.0993399
1719 0.3 0.105131
1720 0.3 0.105131
1721 0.35 0.131289
1722 0.45 0.135239
1723 0.45 0.135239
1724 0.4 0.133771
1725 0.4 0.133771
1726 0.35 0.131289
1727 0.3 0.127733
1728 0.3 0.127733
1729 0.25 0.12301
1730 0.25 0.160181
1731 0.3 0.146898
1732 0.1 0.0688247
1733 0.2 0.0917663
1734 0.25 0.0993399
1735 0.2 0.0917663
1736 0.2 0.0917663
1737 0.2 0.0917663
1738 0.2 0.0917663
1739 0.35 0.109424
1740 0.3 0.127733
1741 0.25 0.0993399
1742 0.2 0.0917663
1743 0.2 0.0917663
1744 0.2 0.0917663
1745 0.15 0.0819178
1746 0.15 0.0819178
1747 0.2 0.0917663
1748 0.3 0.105131
1749 0.3 0.105131
1750 0.3 0.105131
1751 0.15 0.0819178
1752 0.15 0.0819178
1753 0.15 0.0819178
1754 0.15 0.0819178
1755 0.2 0.0917663
1756 0.15 0.0819178
1757 0.2 0.0917663
1758 0.2 0.0917663
1759 0.15 0.0819178
1760 0.15 0.0819178
1761 0.2 0.0917663
1762 0.25 0.0993399
1763 0.2 0.0917663
1764 0.15 0.0819178
1765 0.1 0.0688247
1766 0.15 0.0819178
1767 0.2 0.0917663
1768 0.2 0.0917663
1769 0.2 0.0917663
1770 0.25 0.12301
1771 0.25 0.12301
1772 0.15 0.0819178
1773 0.05 0.05
1774 0.1 0.0688247
1775 0 0
1776 0 0
1777 0.05 0.05
1778 0.1 0.0688247
1779 0.2 0.0917663
1780 0.15 0.0819178
1781 0.1 0.0688247
1782 0.15 0.0819178
1783 0.15 0.0819178
1784 0.1 0.0688247
1785 0.15 0.0819178
1786 0.15 0.0819178
1787 0.25 0.12301
1788 0.3 0.163836
1789 0.2 0.155597
1790 0.1 0.1
1791 0.05 0.05
1792 0.1 0.0688247
1793 0.2 0.0917663
1794 0.15 0.0819178
1795 0.15 0.0819178
1796 0.15 0.0819178
1797 0.15 0.0819178
1798 0.15 0.0819178
1799 0.1 0.0688247
1800 0.05 0.05
1801 0.15 0.0819178
1802 0.1 0.0688247
1803 0.15 0.0819178
1804 0.25 0.0993399
1805 0.25 0.0993399
1806 0.15 0.0819178
1807 0.15 0.0819178
1808 0.15 0.0819178
1809 0.05 0.05
1810 0.15 0.0819178
1811 0.15 0.0819178
1812 0.05 0.05
1813 0.2 0.11698
1814 0.2 0.0917663
1815 0.2 0.0917663
1816 0.2 0.0917663
1817 0.2 0.0917663
1818 0.2 0.0917663
1819 0.2 0.0917663
1820 0.2 0.0917663
1821 0.2 0.11698
1822 0.2 0.0917663
1823 0.2 0.0917663
1824 0.3 0.127733
1825 0.2 0.0917663
1826 0.3 0.105131
1827 0.2 0.0917663
1828 0.2 0.0917663
1829 0.25 0.12301
1830 0.3 0.127733
1831 0.3 0.146898
1832 0.25 0.12301
1833 0.25 0.12301
1834 0.3 0.127733
1835 0.25 0.12301
1836 0.2 0.11698
1837 0.25 0.12301
1838 0.2 0.0917663
1839 0.1 0.0688247
1840 0.05 0.05
1841 0.1 0.0688247
1842 0.25 0.0993399
1843 0.25 0.0993399
1844 0.2 0.0917663
1845 0.1 0.0688247
1846 0.1 0.0688247
1847 0.2 0.11698
1848 0.25 0.0993399
1849 0.35 0.131289
1850 0.35 0.109424
1851 0.25 0.0993399
