0 0 0
1 2.35 0.264326
2 4.05 0.366168
3 5.15 0.385766
4 5.7 0.384571
5 5.65 0.392529
6 6.1 0.502101
7 6.35 0.493511
8 5.9 0.53262
9 5.7 0.49789
10 5.8 0.495241
11 5.5 0.510418
12 5.5 0.46169
13 5.1 0.434681
14 5.05 0.489226
15 5 0.512989
16 4.75 0.452333
17 4.55 0.525532
18 4.4 0.520121
19 4.3 0.523651
20 4.35 0.482728
21 4.3 0.45364
22 4.05 0.45581
23 4 0.497361
24 4 0.528155
25 4 0.528155
26 3.95 0.564171
27 3.9 0.547242
28 3.65 0.504062
29 3.6 0.488822
30 3.6 0.483409
31 3.65 0.488149
32 3.5 0.467355
33 3.45 0.419743
34 3.55 0.461548
35 3.4 0.488822
36 3.25 0.469462
37 3.15 0.424729
38 2.9 0.347169
39 2.9 0.390007
40 2.9 0.390007
41 2.7 0.423643
42 2.65 0.424729
43 2.6 0.425503
44 2.55 0.413426
45 2.55 0.413426
46 2.4 0.372756
47 2.4 0.372756
48 2.2 0.304354
49 2.25 0.323427
50 2.3 0.308647
51 2.3 0.262578
52 2.15 0.243602
53 2.25 0.25
54 2.35 0.28354
55 2.3 0.281911
56 2.2 0.304354
57 2.15 0.301531
58 2.25 0.315186
59 2.3 0.333246
60 2.3 0.3
61 2.3 0.325253
62 2.3 0.291096
63 2.3 0.291096
64 2.4 0.293795
65 2.4 0.293795
66 2.5 0.28562
67 2.4 0.255467
68 2.35 0.264326
69 2.35 0.274101
70 2.3 0.272416
71 2.3 0.272416
72 2.25 0.25
73 2.25 0.25
74 2.2 0.257519
75 2.2 0.257519
76 2.3 0.272416
77 2.3 0.272416
78 2.2 0.257519
79 2.2 0.247088
80 2.2 0.247088
81 2.1 0.270477
82 2.1 0.260566
83 2.1 0.250263
84 2.1 0.250263
85 2.05 0.28539
86 2.05 0.26631
87 2.05 0.26631
88 2.05 0.26631
89 2 0.261574
90 1.9 0.260566
91 1.8 0.267542
92 1.85 0.264326
93 1.85 0.264326
94 1.75 0.289055
95 1.65 0.292674
96 1.7 0.291096
97 1.75 0.29802
98 1.8 0.295581
99 1.7 0.281911
100 1.65 0.28354
101 1.8 0.295581
102 1.75 0.289055
103 1.7 0.3
104 1.65 0.301531
105 1.65 0.301531
106 1.6 0.311195
107 1.5 0.28562
108 1.45 0.276015
109 1.55 0.26631
110 1.4 0.197351
111 1.45 0.198348
112 1.45 0.234801
113 1.35 0.208693
114 1.4 0.233959
115 1.4 0.255467
116 1.4 0.255467
117 1.4 0.255467
118 1.4 0.255467
119 1.45 0.26631
120 1.5 0.29469
121 1.45 0.28539
122 1.4 0.284697
123 1.3 0.3
124 1.25 0.289055
125 1.25 0.289055
126 1.25 0.279803
127 1.2 0.247088
128 1.15 0.243602
129 1.2 0.236198
130 1.2 0.236198
131 1.2 0.257519
132 1.15 0.264326
133 1.1 0.270477
134 1.15 0.301531
135 1.1 0.289282
136 1 0.261574
137 1 0.261574
138 0.95 0.256238
139 0.9 0.250263
140 0.9 0.250263
141 0.85 0.243602
142 0.8 0.247088
143 0.9 0.239517
144 0.9 0.239517
145 0.9 0.239517
146 0.95 0.234801
147 0.95 0.234801
148 0.95 0.234801
149 1.05 0.234801
150 1.05 0.234801
151 1 0.205196
152 1 0.205196
153 0.95 0.184605
154 0.9 0.160591
155 0.9 0.160591
156 0.9 0.160591
157 0.85 0.15
158 0.8 0.155597
159 0.9 0.21643
160 1 0.229416
161 1.05 0.245753
162 1.05 0.245753
163 1.1 0.250263
164 1.1 0.239517
165 1.05 0.223312
166 1.05 0.223312
167 1.1 0.250263
168 1.1 0.239517
169 1 0.240613
170 0.9 0.190567
171 0.9 0.190567
172 0.9 0.190567
173 0.85 0.195677
174 0.9 0.190567
175 0.85 0.195677
176 0.85 0.195677
177 0.85 0.195677
178 0.85 0.195677
179 0.9 0.190567
180 1.05 0.2112
181 1.05 0.2112
182 1.05 0.2112
183 1.05 0.2112
184 1.1 0.203909
185 1.1 0.203909
186 1.1 0.203909
187 1.15 0.208693
188 1.15 0.208693
189 1.15 0.208693
190 1.15 0.208693
191 1.1 0.21643
192 1.1 0.21643
193 1.1 0.203909
194 1.1 0.203909
195 1.1 0.203909
196 1.15 0.208693
197 1.15 0.208693
198 1.15 0.208693
199 1.1 0.190567
200 1.1 0.190567
201 1.1 0.190567
202 1.1 0.190567
203 1.1 0.190567
204 1.1 0.190567
205 1.1 0.203909
206 1.05 0.2112
207 1.1 0.21643
208 1 0.205196
209 1.1 0.250263
210 1.05 0.245753
211 1 0.240613
212 0.95 0.2112
213 1 0.217643
214 0.95 0.223312
215 0.95 0.223312
216 1 0.229416
217 1.05 0.234801
218 0.95 0.2112
219 0.95 0.2112
220 0.95 0.2112
221 0.85 0.181731
222 0.85 0.181731
223 0.85 0.181731
224 0.95 0.198348
225 0.95 0.2112
226 0.95 0.2112
227 0.95 0.2112
228 1 0.217643
229 1 0.217643
230 0.95 0.2112
231 0.95 0.2112
232 0.9 0.21643
233 1.05 0.223312
234 1.05 0.223312
235 1.05 0.223312
236 1.1 0.239517
237 1.2 0.236198
238 1.1 0.228266
239 1.1 0.228266
240 1.15 0.243602
241 1.15 0.243602
242 1.15 0.243602
243 1.1 0.228266
244 1 0.205196
245 0.9 0.176218
246 0.9 0.190567
247 0.95 0.184605
248 0.9 0.176218
249 0.9 0.176218
250 0.9 0.176218
251 0.85 0.166623
252 0.8 0.171679
253 0.8 0.171679
254 0.8 0.171679
255 0.8 0.171679
256 0.9 0.176218
257 0.85 0.181731
258 0.95 0.184605
259 0.95 0.184605
260 0.95 0.184605
261 0.95 0.184605
262 0.95 0.184605
263 0.95 0.198348
264 0.9 0.190567
265 0.9 0.190567
266 0.95 0.2112
267 0.9 0.203909
268 0.95 0.234801
269 0.95 0.234801
270 0.95 0.234801
271 0.95 0.234801
272 0.95 0.234801
273 0.95 0.256238
274 0.95 0.256238
275 1 0.229416
276 1.05 0.234801
277 1.05 0.234801
278 1 0.217643
279 1 0.217643
280 1.05 0.223312
281 1 0.217643
282 1 0.217643
283 0.95 0.198348
284 0.9 0.190567
285 0.9 0.190567
286 0.9 0.190567
287 0.9 0.190567
288 0.85 0.181731
289 0.85 0.181731
290 0.85 0.181731
291 0.85 0.181731
292 0.85 0.181731
293 0.9 0.176218
294 0.9 0.176218
295 0.85 0.166623
296 0.9 0.160591
297 0.85 0.15
298 0.85 0.15
299 0.85 0.15
300 0.85 0.181731
301 0.85 0.181731
302 0.85 0.181731
303 0.85 0.181731
304 0.85 0.181731
305 0.8 0.186378
306 0.8 0.186378
307 0.8 0.186378
308 0.8 0.186378
309 0.8 0.186378
310 0.8 0.186378
311 0.8 0.186378
312 0.8 0.186378
313 0.85 0.195677
314 0.8 0.2
315 0.8 0.2
316 0.8 0.2
317 0.8 0.2
318 0.8 0.2
319 0.75 0.190221
320 0.7 0.163836
321 0.7 0.163836
322 0.8 0.186378
323 0.8 0.186378
324 0.8 0.186378
325 0.7 0.193309
326 0.7 0.193309
327 0.8 0.212751
328 0.8 0.212751
329 0.75 0.203586
330 0.7 0.179179
331 0.7 0.179179
332 0.65 0.15
333 0.65 0.15
334 0.7 0.163836
335 0.65 0.15
336 0.65 0.15
337 0.75 0.14281
338 0.8 0.155597
339 0.8 0.155597
340 0.85 0.166623
341 0.75 0.160181
342 0.8 0.171679
343 0.85 0.181731
344 0.95 0.184605
345 1 0.205196
346 0.95 0.198348
347 0.9 0.190567
348 0.85 0.181731
349 0.75 0.160181
350 0.85 0.195677
351 0.85 0.195677
352 0.85 0.195677
353 0.85 0.195677
354 0.85 0.195677
355 0.85 0.195677
356 0.75 0.160181
357 0.8 0.171679
358 0.8 0.171679
359 0.9 0.190567
360 0.9 0.190567
361 0.9 0.190567
362 1 0.191943
363 1.1 0.21643
364 1.15 0.232549
365 1.15 0.232549
366 1.2 0.247088
367 1.15 0.243602
368 1.1 0.228266
369 1.1 0.228266
370 1.2 0.224781
371 1.2 0.224781
372 1.1 0.21643
373 1.05 0.198348
374 1 0.191943
375 0.95 0.169752
376 1 0.177705
377 1.15 0.195677
378 1.15 0.195677
379 1.1 0.203909
380 1.1 0.203909
381 1.1 0.203909
382 1.15 0.195677
383 1.1 0.190567
384 1.1 0.190567
385 1.1 0.190567
386 1.05 0.198348
387 1.05 0.198348
388 1.05 0.198348
389 1.05 0.198348
390 1.05 0.198348
391 1.05 0.198348
392 1 0.177705
393 1 0.177705
394 1 0.177705
395 1 0.177705
396 1 0.177705
397 1.05 0.169752
398 1.05 0.169752
399 0.95 0.169752
400 0.95 0.169752
401 0.95 0.169752
402 0.9 0.176218
403 0.9 0.176218
404 0.85 0.181731
405 0.8 0.171679
406 0.85 0.195677
407 0.85 0.195677
408 0.9 0.190567
409 0.95 0.198348
410 0.95 0.198348
411 1 0.205196
412 1 0.205196
413 1 0.205196
414 1.05 0.2112
415 1.05 0.2112
416 1.05 0.2112
417 1.1 0.203909
418 1.1 0.203909
419 1.2 0.224781
420 1.3 0.262578
421 1.3 0.262578
422 1.2 0.277204
423 1.2 0.277204
424 1.2 0.277204
425 1.15 0.264326
426 1.15 0.232549
427 1.15 0.232549
428 1.1 0.21643
429 1.05 0.223312
430 1.05 0.223312
431 1.05 0.223312
432 1.05 0.223312
433 1.1 0.239517
434 1.1 0.239517
435 1.05 0.245753
436 1.05 0.245753
437 1.05 0.245753
438 1.05 0.245753
439 1.05 0.276015
440 1.25 0.323427
441 1.25 0.323427
442 1.15 0.301531
443 1.15 0.301531
444 1.15 0.301531
445 1.05 0.303272
446 1.1 0.29824
447 1.1 0.29824
448 1.1 0.29824
449 1.1 0.29824
450 1.1 0.29824
451 1.1 0.29824
452 1.05 0.294467
453 1 0.280976
454 0.95 0.276015
455 1.1 0.289282
456 1.05 0.294467
457 1.15 0.292674
458 1.15 0.310136
459 1.1 0.315394
460 1 0.271448
461 1 0.271448
462 0.95 0.276015
463 0.95 0.276015
464 0.95 0.276015
465 0.95 0.28539
466 0.9 0.289282
467 0.85 0.274101
468 0.85 0.274101
469 0.85 0.274101
470 0.75 0.270234
471 0.75 0.270234
472 0.7 0.252357
473 0.7 0.252357
474 0.7 0.252357
475 0.75 0.25
476 0.75 0.216126
477 0.8 0.212751
478 0.8 0.212751
479 0.85 0.243602
480 0.8 0.247088
481 0.75 0.216126
482 0.8 0.212751
483 0.85 0.220943
484 0.85 0.220943
485 0.85 0.220943
486 0.9 0.203909
487 0.9 0.203909
488 1 0.205196
489 1.05 0.2112
490 1.15 0.208693
491 1.15 0.208693
492 1.15 0.220943
493 1.15 0.220943
494 1.1 0.228266
495 1.1 0.203909
496 1.25 0.216126
497 1.25 0.216126
498 1.3 0.23056
499 1.3 0.23056
500 1.25 0.227977
501 1.25 0.239242
502 1.35 0.254176
503 1.3 0.252357
504 1.2 0.224781
505 1.3 0.218849
506 1.4 0.233959
507 1.35 0.220943
508 1.3 0.23056
509 1.3 0.23056
510 1.35 0.243602
511 1.35 0.232549
512 1.35 0.232549
513 1.35 0.232549
514 1.35 0.232549
515 1.35 0.232549
516 1.25 0.239242
517 1.25 0.239242
518 1.25 0.239242
519 1.25 0.239242
520 1.3 0.241704
521 1.4 0.233959
522 1.35 0.220943
523 1.25 0.227977
524 1.25 0.227977
525 1.25 0.227977
526 1.35 0.220943
527 1.4 0.233959
528 1.35 0.208693
529 1.35 0.208693
530 1.4 0.210263
531 1.4 0.233959
532 1.35 0.243602
533 1.4 0.244949
534 1.3 0.241704
535 1.3 0.241704
536 1.25 0.227977
537 1.3 0.23056
538 1.25 0.239242
539 1.25 0.239242
540 1.25 0.239242
541 1.35 0.232549
542 1.35 0.232549
543 1.35 0.232549
544 1.25 0.227977
545 1.25 0.227977
546 1.25 0.227977
547 1.25 0.239242
548 1.3 0.241704
549 1.2 0.224781
550 1.1 0.21643
551 1.05 0.223312
552 1 0.229416
553 1 0.229416
554 1.05 0.223312
555 1.05 0.223312
556 1.1 0.250263
557 1.1 0.250263
558 1 0.205196
559 1 0.205196
560 1.05 0.223312
561 1.05 0.223312
562 1.1 0.228266
563 1.15 0.220943
564 1.1 0.21643
565 1.1 0.21643
566 1 0.217643
567 0.95 0.198348
568 0.95 0.198348
569 0.95 0.198348
570 1 0.191943
571 1.05 0.184605
572 1.05 0.184605
573 1.05 0.184605
574 1.05 0.184605
575 1 0.217643
576 1 0.217643
577 0.9 0.190567
578 0.85 0.195677
579 0.9 0.203909
580 0.95 0.198348
581 1 0.240613
582 0.95 0.2112
583 1 0.205196
584 1 0.205196
585 0.95 0.198348
586 0.9 0.203909
587 0.9 0.203909
588 0.9 0.203909
589 0.9 0.203909
590 0.9 0.203909
591 0.9 0.203909
592 0.85 0.181731
593 0.85 0.166623
594 0.85 0.166623
595 0.85 0.166623
596 0.9 0.176218
597 0.9 0.176218
598 0.85 0.15
599 0.85 0.15
600 0.85 0.166623
601 0.8 0.155597
602 0.8 0.155597
603 0.8 0.155597
604 0.85 0.15
605 0.85 0.15
606 0.85 0.15
607 0.9 0.14327
608 0.95 0.135239
609 0.9 0.14327
610 0.9 0.14327
611 0.95 0.153469
612 0.95 0.153469
613 0.9 0.160591
614 0.9 0.160591
615 0.9 0.160591
616 0.85 0.15
617 0.8 0.155597
618 0.8 0.155597
619 0.75 0.160181
620 0.8 0.155597
621 0.75 0.14281
622 0.75 0.14281
623 0.8 0.155597
624 0.8 0.155597
625 0.85 0.166623
626 0.85 0.166623
627 0.85 0.15
628 0.85 0.15
629 0.85 0.15
630 0.8 0.155597
631 0.75 0.160181
632 0.8 0.171679
633 0.8 0.186378
634 0.75 0.175844
635 0.8 0.186378
636 0.75 0.175844
637 0.75 0.175844
638 0.75 0.175844
639 0.9 0.228266
640 0.95 0.234801
641 0.8 0.224781
642 0.85 0.220943
643 0.85 0.220943
644 0.9 0.228266
645 0.9 0.228266
646 0.85 0.195677
647 0.85 0.195677
648 0.85 0.195677
649 0.85 0.195677
650 0.85 0.195677
651 0.85 0.195677
652 0.85 0.195677
653 0.85 0.195677
654 0.85 0.195677
655 0.85 0.195677
656 0.9 0.21643
657 0.9 0.21643
658 0.9 0.21643
659 0.9 0.21643
660 0.95 0.198348
661 0.9 0.203909
662 0.9 0.190567
663 0.9 0.190567
664 0.95 0.198348
665 1.1 0.239517
666 1.3 0.252357
667 1.3 0.241704
668 1.3 0.241704
669 1.3 0.241704
670 1.35 0.243602
671 1.45 0.26631
672 1.45 0.26631
673 1.4 0.275299
674 1.45 0.28539
675 1.5 0.276253
676 1.45 0.28539
677 1.4 0.275299
678 1.4 0.293795
679 1.35 0.292674
680 1.4 0.284697
681 1.3 0.272416
682 1.35 0.28354
683 1.35 0.28354
684 1.25 0.270234
685 1.3 0.272416
686 1.2 0.212751
687 1.25 0.216126
688 1.2 0.224781
689 1.2 0.224781
690 1.2 0.224781
691 1.15 0.220943
692 1.15 0.220943
693 1.2 0.212751
694 1.2 0.212751
695 1.25 0.227977
696 1.25 0.227977
697 1.1 0.239517
698 1.1 0.239517
699 1.15 0.254176
700 1.15 0.254176
701 1.2 0.257519
702 1.3 0.272416
703 1.3 0.272416
704 1.35 0.274101
705 1.3 0.272416
706 1.2 0.277204
707 1.2 0.277204
708 1.2 0.277204
709 1.2 0.277204
710 1.2 0.277204
711 1.2 0.257519
712 1.2 0.257519
713 1.2 0.257519
714 1.1 0.270477
715 1.15 0.264326
716 1.15 0.264326
717 1.15 0.264326
718 1.2 0.257519
719 1.25 0.279803
720 1.3 0.272416
721 1.25 0.279803
722 1.25 0.279803
723 1.2 0.267542
724 1.25 0.279803
725 1.25 0.279803
726 1.25 0.279803
727 1.15 0.264326
728 1.1 0.250263
729 1 0.205196
730 0.95 0.184605
731 0.95 0.184605
732 1.05 0.2112
733 1.15 0.208693
734 1.2 0.2
735 1.2 0.2
736 1 0.191943
737 1.05 0.184605
738 1 0.177705
739 1.05 0.198348
740 1.05 0.198348
741 1.15 0.181731
742 1.15 0.181731
743 1.1 0.176218
744 1.1 0.176218
745 1.15 0.195677
746 1.2 0.2
747 1.15 0.220943
748 1.1 0.203909
749 1.05 0.2112
750 1.15 0.232549
751 1.2 0.236198
752 1.2 0.236198
753 1.2 0.236198
754 1.3 0.23056
755 1.25 0.216126
756 1.25 0.227977
757 1.25 0.227977
758 1.3 0.218849
759 1.3 0.218849
760 1.35 0.220943
761 1.3 0.218849
762 1.3 0.218849
763 1.3 0.218849
764 1.25 0.203586
765 1.25 0.216126
766 1.3 0.206474
767 1.25 0.190221
768 1.15 0.195677
769 1.15 0.195677
770 1.25 0.190221
771 1.25 0.190221
772 1.2 0.186378
773 1.1 0.190567
774 1 0.162221
775 0.95 0.169752
776 1 0.162221
777 1 0.162221
778 1 0.162221
779 1.05 0.169752
780 1.05 0.169752
781 1.05 0.169752
782 1.05 0.169752
783 1 0.162221
784 1.05 0.169752
785 0.95 0.169752
786 1 0.162221
787 1 0.162221
788 1.05 0.184605
789 0.95 0.153469
790 0.95 0.153469
791 1 0.162221
792 1 0.162221
793 0.95 0.169752
794 0.9 0.176218
795 0.8 0.155597
796 0.75 0.160181
797 0.85 0.15
798 0.9 0.14327
799 0.9 0.160591
800 0.9 0.160591
801 0.8 0.155597
802 0.8 0.155597
803 0.8 0.155597
804 0.85 0.181731
805 0.85 0.181731
806 0.9 0.176218
807 0.9 0.176218
808 0.9 0.176218
809 0.95 0.198348
810 0.95 0.198348
811 0.9 0.203909
812 0.9 0.203909
813 0.9 0.176218
814 0.9 0.176218
815 0.9 0.176218
816 0.95 0.184605
817 1 0.177705
818 0.9 0.176218
819 0.9 0.176218
820 0.95 0.169752
821 0.95 0.169752
822 0.9 0.176218
823 0.9 0.176218
824 0.95 0.169752
825 1.05 0.184605
826 1.05 0.184605
827 1 0.177705
828 1 0.177705
829 1 0.177705
830 1 0.177705
831 1 0.177705
832 1 0.177705
833 0.95 0.169752
834 0.95 0.169752
835 0.95 0.169752
836 0.95 0.169752
837 0.9 0.176218
838 0.85 0.166623
839 0.85 0.166623
840 0.9 0.160591
841 0.85 0.15
842 0.85 0.15
843 0.85 0.15
844 0.85 0.15
845 0.9 0.14327
846 0.9 0.14327
847 0.8 0.155597
848 0.7 0.163836
849 0.7 0.163836
850 0.65 0.166623
851 0.65 0.166623
852 0.65 0.166623
853 0.75 0.175844
854 0.8 0.186378
855 0.85 0.195677
856 0.85 0.195677
857 0.9 0.190567
858 0.95 0.2112
859 1.05 0.198348
860 1.15 0.195677
861 1.15 0.195677
862 1.25 0.216126
863 1.2 0.224781
864 1.25 0.227977
865 1.2 0.236198
866 1.05 0.234801
867 1.15 0.254176
868 1.05 0.234801
869 1.05 0.2112
870 1.05 0.2112
871 1.05 0.2112
872 1.05 0.2112
873 1 0.191943
874 0.95 0.198348
875 0.95 0.198348
876 0.8 0.2
877 0.8 0.2
878 0.75 0.190221
879 0.75 0.190221
880 0.7 0.163836
881 0.7 0.163836
882 0.75 0.175844
883 0.8 0.171679
884 0.8 0.171679
885 0.85 0.181731
886 0.85 0.181731
887 0.9 0.190567
888 0.8 0.186378
889 0.75 0.175844
890 0.85 0.208693
891 0.85 0.208693
892 1 0.229416
893 1.1 0.270477
894 1.1 0.270477
895 1.05 0.245753
896 1.05 0.245753
897 1.05 0.245753
898 1 0.251312
899 1 0.251312
900 1 0.251312
901 1 0.251312
902 1 0.251312
903 1.15 0.243602
904 1.1 0.239517
905 1.1 0.239517
906 1.05 0.245753
907 1 0.240613
908 1.05 0.276015
909 1.1 0.270477
910 1.1 0.270477
911 1.15 0.310136
912 1.05 0.276015
913 1.05 0.276015
914 1 0.280976
915 1 0.280976
916 1 0.280976
917 1 0.280976
918 0.95 0.276015
919 0.95 0.276015
920 1 0.280976
921 1 0.280976
922 0.95 0.276015
923 0.95 0.276015
924 0.9 0.280038
925 0.9 0.280038
926 0.85 0.292674
927 0.8 0.295581
928 0.75 0.279803
929 0.75 0.279803
930 0.65 0.274101
931 0.7 0.272416
932 0.65 0.264326
933 0.65 0.264326
934 0.7 0.262578
935 0.7 0.262578
936 0.75 0.279803
937 0.8 0.304354
938 0.8 0.304354
939 0.8 0.304354
940 0.75 0.306723
941 0.8 0.312881
942 0.8 0.312881
943 0.75 0.315186
944 0.8 0.312881
945 0.7 0.291096
946 0.7 0.291096
947 0.7 0.291096
948 0.65 0.28354
949 0.65 0.28354
950 0.7 0.308647
951 0.55 0.2112
952 0.55 0.2112
953 0.55 0.2112
954 0.65 0.220943
955 0.65 0.220943
956 0.75 0.25
957 0.85 0.243602
958 0.85 0.243602
959 0.8 0.247088
960 0.8 0.247088
961 0.8 0.247088
962 0.9 0.250263
963 0.8 0.247088
964 0.8 0.247088
965 0.8 0.247088
966 0.85 0.243602
967 0.8 0.224781
968 0.85 0.232549
969 0.85 0.232549
970 0.85 0.232549
971 0.8 0.236198
972 0.8 0.236198
973 0.8 0.236198
974 0.75 0.239242
975 0.7 0.241704
976 0.7 0.23056
977 0.7 0.23056
978 0.65 0.232549
979 0.7 0.241704
980 0.7 0.241704
981 0.65 0.232549
982 0.65 0.232549
983 0.65 0.232549
984 0.65 0.232549
985 0.65 0.232549
986 0.55 0.223312
987 0.5 0.223607
988 0.5 0.223607
989 0.55 0.223312
990 0.55 0.223312
991 0.55 0.223312
992 0.55 0.223312
993 0.55 0.223312
994 0.6 0.222427
995 0.6 0.222427
996 0.55 0.223312
997 0.55 0.184605
998 0.65 0.195677
999 0.65 0.195677
1000 0.65 0.195677
1001 0.65 0.195677
1002 0.6 0.168585
1003 0.6 0.168585
1004 0.6 0.168585
1005 0.6 0.168585
1006 0.6 0.168585
1007 0.7 0.206474
1008 0.75 0.216126
1009 0.75 0.216126
1010 0.75 0.216126
1011 0.75 0.216126
1012 0.75 0.216126
1013 0.75 0.216126
1014 0.8 0.224781
1015 0.75 0.203586
1016 0.7 0.206474
1017 0.7 0.206474
1018 0.7 0.206474
1019 0.7 0.206474
1020 0.7 0.206474
1021 0.7 0.206474
1022 0.7 0.206474
1023 0.75 0.203586
1024 0.75 0.203586
1025 0.8 0.2
1026 0.8 0.186378
1027 0.8 0.186378
1028 0.75 0.190221
1029 0.75 0.190221
1030 0.7 0.193309
1031 0.75 0.190221
1032 0.7 0.163836
1033 0.6 0.168585
1034 0.6 0.168585
1035 0.55 0.153469
1036 0.55 0.153469
1037 0.7 0.206474
1038 0.7 0.206474
1039 0.7 0.193309
1040 0.75 0.190221
1041 0.75 0.216126
1042 0.7 0.179179
1043 0.7 0.163836
1044 0.7 0.163836
1045 0.7 0.163836
1046 0.7 0.163836
1047 0.65 0.15
1048 0.7 0.163836
1049 0.75 0.190221
1050 0.8 0.212751
1051 0.85 0.208693
1052 0.85 0.208693
1053 0.85 0.208693
1054 0.8 0.212751
1055 0.85 0.208693
1056 0.8 0.186378
1057 0.8 0.186378
1058 0.9 0.228266
1059 0.9 0.228266
1060 0.95 0.223312
1061 1 0.217643
1062 1.05 0.2112
1063 1.05 0.2112
1064 1.1 0.228266
1065 1.1 0.228266
1066 1.05 0.234801
1067 1.1 0.228266
1068 1.05 0.234801
1069 1.05 0.234801
1070 1.05 0.234801
1071 1.05 0.234801
1072 1.05 0.245753
1073 1 0.229416
1074 0.85 0.195677
1075 0.85 0.208693
1076 0.85 0.208693
1077 0.85 0.208693
1078 0.85 0.208693
1079 0.85 0.208693
1080 0.85 0.208693
1081 0.75 0.203586
1082 0.75 0.203586
1083 0.8 0.2
1084 0.8 0.2
1085 0.75 0.203586
1086 0.75 0.203586
1087 0.75 0.203586
1088 0.75 0.203586
1089 0.75 0.203586
1090 0.75 0.203586
1091 0.7 0.206474
1092 0.7 0.206474
1093 0.75 0.216126
1094 0.8 0.212751
1095 0.8 0.212751
1096 0.95 0.276015
1097 0.95 0.276015
1098 0.9 0.280038
1099 0.9 0.280038
1100 0.9 0.280038
1101 1 0.280976
1102 1.05 0.28539
1103 1.05 0.28539
1104 1.05 0.28539
1105 1.05 0.28539
1106 1 0.280976
1107 1.1 0.270477
1108 1.1 0.270477
1109 1 0.251312
1110 1 0.251312
1111 1 0.251312
1112 1 0.251312
1113 1 0.251312
1114 1 0.251312
1115 1.05 0.256238
1116 1 0.229416
1117 1.05 0.223312
1118 0.95 0.2112
1119 0.9 0.203909
1120 0.95 0.2112
1121 0.95 0.2112
1122 0.95 0.2112
1123 0.95 0.2112
1124 0.95 0.2112
1125 0.9 0.203909
1126 0.9 0.203909
1127 0.85 0.208693
1128 0.8 0.212751
1129 0.85 0.220943
1130 0.75 0.227977
1131 0.65 0.220943
1132 0.6 0.222427
1133 0.6 0.222427
1134 0.6 0.222427
1135 0.55 0.2112
1136 0.65 0.220943
1137 0.7 0.23056
1138 0.75 0.227977
1139 0.75 0.227977
1140 0.75 0.227977
1141 0.75 0.227977
1142 0.75 0.227977
1143 0.7 0.23056
1144 0.7 0.23056
1145 0.75 0.227977
1146 0.75 0.227977
1147 0.75 0.227977
1148 0.75 0.227977
1149 0.75 0.227977
1150 0.75 0.227977
1151 0.75 0.227977
1152 0.7 0.218849
1153 0.75 0.216126
1154 0.75 0.216126
1155 0.75 0.203586
1156 0.75 0.203586
1157 0.75 0.216126
1158 0.8 0.236198
1159 0.75 0.216126
1160 0.75 0.216126
1161 0.8 0.212751
1162 0.8 0.212751
1163 0.75 0.216126
1164 0.7 0.206474
1165 0.7 0.206474
1166 0.7 0.206474
1167 0.7 0.206474
1168 0.7 0.206474
1169 0.75 0.203586
1170 0.75 0.203586
1171 0.8 0.2
1172 0.8 0.2
1173 0.8 0.2
1174 0.85 0.232549
1175 0.7 0.179179
1176 0.7 0.179179
1177 0.85 0.208693
1178 0.85 0.208693
1179 0.8 0.2
1180 0.75 0.190221
1181 0.75 0.190221
1182 0.75 0.190221
1183 0.75 0.190221
1184 0.65 0.166623
1185 0.65 0.166623
1186 0.7 0.193309
1187 0.7 0.193309
1188 0.75 0.216126
1189 0.75 0.216126
1190 0.75 0.216126
1191 0.75 0.216126
1192 0.75 0.216126
1193 0.8 0.247088
1194 0.8 0.247088
1195 0.75 0.25
1196 0.65 0.232549
1197 0.7 0.23056
1198 0.65 0.232549
1199 0.7 0.23056
1200 0.7 0.23056
1201 0.75 0.227977
1202 0.75 0.227977
1203 0.75 0.227977
1204 0.8 0.247088
1205 0.85 0.254176
1206 0.85 0.254176
1207 0.85 0.254176
1208 0.75 0.260314
1209 0.85 0.264326
1210 0.9 0.260566
1211 0.85 0.264326
1212 0.8 0.267542
1213 1.05 0.26631
1214 1.05 0.234801
1215 0.9 0.21643
1216 0.9 0.21643
1217 0.95 0.223312
1218 1 0.217643
1219 0.95 0.223312
1220 0.9 0.21643
1221 0.9 0.21643
1222 0.95 0.245753
1223 0.95 0.245753
1224 1 0.261574
1225 1 0.261574
1226 1 0.261574
1227 1.05 0.26631
1228 1.05 0.26631
1229 1.05 0.26631
1230 1.05 0.26631
1231 1.05 0.26631
1232 1.05 0.26631
1233 1 0.271448
1234 0.9 0.260566
1235 0.9 0.260566
1236 0.9 0.260566
1237 0.9 0.260566
1238 0.75 0.25
1239 0.75 0.25
1240 0.7 0.218849
1241 0.7 0.218849
1242 0.7 0.218849
1243 0.75 0.239242
1244 0.75 0.239242
1245 0.8 0.236198
1246 0.8 0.236198
1247 0.75 0.216126
1248 0.75 0.216126
1249 0.8 0.224781
1250 0.85 0.220943
1251 0.85 0.220943
1252 0.8 0.212751
1253 0.85 0.220943
1254 0.8 0.2
1255 0.8 0.2
1256 0.8 0.2
1257 0.75 0.175844
1258 0.75 0.175844
1259 0.75 0.203586
1260 0.75 0.203586
1261 0.75 0.203586
1262 0.85 0.208693
1263 0.85 0.208693
1264 0.85 0.208693
1265 0.85 0.208693
1266 0.85 0.208693
1267 0.85 0.208693
1268 0.85 0.208693
1269 0.8 0.2
1270 0.8 0.2
1271 0.8 0.2
1272 0.85 0.208693
1273 0.85 0.208693
1274 0.85 0.208693
1275 0.85 0.208693
1276 0.8 0.186378
1277 0.75 0.175844
1278 0.85 0.166623
1279 0.8 0.155597
1280 0.8 0.155597
1281 0.8 0.155597
1282 0.85 0.166623
1283 0.9 0.190567
1284 1 0.217643
1285 1.05 0.223312
1286 1 0.229416
1287 0.95 0.223312
1288 0.95 0.223312
1289 1.1 0.250263
1290 1.1 0.250263
1291 1.25 0.25
1292 1.25 0.25
1293 1.25 0.25
1294 1.25 0.25
1295 1.2 0.247088
1296 1.2 0.247088
1297 1.2 0.247088
1298 1.1 0.239517
1299 1.1 0.239517
1300 1 0.229416
1301 1.1 0.270477
1302 0.95 0.245753
1303 0.95 0.245753
1304 0.95 0.245753
1305 0.95 0.245753
1306 1.05 0.256238
1307 1.05 0.256238
1308 1.05 0.234801
1309 1.05 0.234801
1310 1 0.240613
1311 0.85 0.208693
1312 0.75 0.203586
1313 0.85 0.232549
1314 0.8 0.236198
1315 0.75 0.239242
1316 0.8 0.236198
1317 0.8 0.236198
1318 0.9 0.270477
1319 1 0.271448
1320 1 0.280976
1321 1 0.280976
1322 1 0.280976
1323 1 0.280976
1324 0.95 0.256238
1325 0.9 0.239517
1326 1 0.261574
1327 1 0.261574
1328 1 0.261574
1329 1 0.261574
1330 1.1 0.280038
1331 1.15 0.274101
1332 1.1 0.260566
1333 1.05 0.245753
1334 1.1 0.250263
1335 1.05 0.26631
1336 1.1 0.289282
1337 1.05 0.276015
1338 1.05 0.276015
1339 1.15 0.264326
1340 1.15 0.28354
1341 1.2 0.312881
1342 1.25 0.306723
1343 1.1 0.289282
1344 1.05 0.294467
1345 0.95 0.245753
1346 0.95 0.245753
1347 0.95 0.245753
1348 0.95 0.256238
1349 0.8 0.247088
1350 0.9 0.250263
1351 0.9 0.250263
1352 0.85 0.254176
1353 0.85 0.254176
1354 0.8 0.236198
1355 0.85 0.243602
1356 0.85 0.243602
1357 0.8 0.212751
1358 0.85 0.208693
1359 0.85 0.208693
1360 0.9 0.228266
1361 0.95 0.234801
1362 0.85 0.208693
1363 0.8 0.171679
1364 0.85 0.195677
1365 0.85 0.195677
1366 0.85 0.195677
1367 0.85 0.195677
1368 0.9 0.190567
1369 0.95 0.198348
1370 0.9 0.176218
1371 0.9 0.176218
1372 0.85 0.181731
1373 0.95 0.198348
1374 1.05 0.198348
1375 1.15 0.181731
1376 1.15 0.208693
1377 1.15 0.232549
1378 1.2 0.224781
1379 1.2 0.224781
1380 1.2 0.224781
1381 1.3 0.262578
1382 1.3 0.262578
1383 1.3 0.262578
1384 1.25 0.25
1385 1.25 0.25
1386 1.25 0.227977
1387 1.25 0.239242
1388 1.25 0.239242
1389 1.25 0.239242
1390 1.2 0.247088
1391 1.2 0.247088
1392 1.3 0.272416
1393 1.3 0.272416
1394 1.35 0.264326
1395 1.35 0.264326
1396 1.4 0.275299
1397 1.55 0.311828
1398 1.55 0.320156
1399 1.6 0.319539
1400 1.5 0.29469
1401 1.5 0.29469
1402 1.5 0.29469
1403 1.5 0.276253
1404 1.4 0.275299
1405 1.45 0.26631
1406 1.4 0.255467
1407 1.4 0.255467
1408 1.4 0.255467
1409 1.35 0.243602
1410 1.4 0.255467
1411 1.4 0.255467
1412 1.3 0.218849
1413 1.3 0.218849
1414 1.35 0.220943
1415 1.35 0.220943
1416 1.35 0.220943
1417 1.25 0.227977
1418 1.25 0.25
1419 1.15 0.232549
1420 1.15 0.232549
1421 1.1 0.228266
1422 1.1 0.228266
1423 1.05 0.234801
1424 1.05 0.234801
1425 0.9 0.239517
1426 1.1 0.250263
1427 1.15 0.254176
1428 1.15 0.254176
1429 1.2 0.267542
1430 1.25 0.270234
1431 1.35 0.254176
1432 1.3 0.262578
1433 1.3 0.262578
1434 1.4 0.265568
1435 1.4 0.265568
1436 1.3 0.262578
1437 1.15 0.220943
1438 1.15 0.220943
1439 1.2 0.224781
1440 1.25 0.216126
1441 1.25 0.216126
1442 1.35 0.208693
1443 1.35 0.208693
1444 1.35 0.208693
1445 1.4 0.222427
1446 1.35 0.220943
1447 1.35 0.220943
1448 1.35 0.232549
1449 1.35 0.243602
1450 1.4 0.244949
1451 1.4 0.244949
1452 1.45 0.234801
1453 1.35 0.232549
1454 1.25 0.239242
1455 1.25 0.239242
1456 1.2 0.247088
1457 1.25 0.239242
1458 1.25 0.239242
1459 1.2 0.247088
1460 1.15 0.254176
1461 1.15 0.254176
1462 1.15 0.254176
1463 1.15 0.208693
1464 1.15 0.208693
1465 1.15 0.208693
1466 1.15 0.208693
1467 1.15 0.208693
1468 1.1 0.203909
1469 1.05 0.198348
1470 1.1 0.203909
1471 1.15 0.208693
1472 1.15 0.208693
1473 1.15 0.195677
1474 1.2 0.212751
1475 1.15 0.208693
1476 1.1 0.203909
1477 1.05 0.2112
1478 1.05 0.2112
1479 1.1 0.21643
1480 1.1 0.21643
1481 1.05 0.2112
1482 1.05 0.2112
1483 1.15 0.208693
1484 1.25 0.203586
1485 1.15 0.208693
1486 1.2 0.224781
1487 1.15 0.220943
1488 1.1 0.239517
1489 1.1 0.239517
1490 1.1 0.239517
1491 1.1 0.270477
1492 1.1 0.270477
1493 1.05 0.26631
1494 1 0.240613
1495 1.05 0.2112
1496 1.05 0.2112
1497 1.05 0.2112
1498 1 0.217643
1499 1.05 0.223312
1500 0.95 0.2112
1501 0.95 0.2112
1502 0.9 0.190567
1503 0.95 0.223312
1504 1 0.217643
1505 1 0.217643
1506 0.9 0.21643
1507 0.85 0.220943
1508 0.95 0.223312
1509 1.05 0.223312
1510 1.1 0.239517
1511 1.15 0.243602
1512 1.1 0.239517
1513 1.1 0.239517
1514 1.1 0.239517
1515 1.1 0.239517
1516 1.1 0.239517
1517 1.05 0.223312
1518 1.05 0.223312
1519 1.1 0.228266
1520 1.1 0.228266
1521 1.15 0.208693
1522 1.05 0.198348
1523 1.05 0.198348
1524 1 0.191943
1525 1.05 0.2112
1526 1.05 0.198348
1527 1.05 0.198348
1528 0.95 0.198348
1529 0.95 0.198348
1530 0.95 0.198348
1531 0.95 0.198348
1532 0.9 0.203909
1533 0.85 0.208693
1534 0.8 0.212751
1535 0.75 0.190221
1536 0.8 0.2
1537 0.7 0.206474
1538 0.65 0.166623
1539 0.6 0.168585
1540 0.6 0.168585
1541 0.65 0.166623
1542 0.65 0.166623
1543 0.75 0.160181
1544 0.75 0.160181
1545 0.8 0.171679
1546 0.8 0.171679
1547 0.8 0.171679
1548 0.85 0.181731
1549 0.9 0.176218
1550 0.9 0.176218
1551 0.85 0.181731
1552 0.85 0.181731
1553 0.9 0.176218
1554 0.95 0.169752
1555 1.1 0.190567
1556 1.1 0.190567
1557 1.1 0.190567
1558 1 0.217643
1559 1.15 0.208693
1560 1.1 0.203909
1561 1.1 0.203909
1562 1.1 0.203909
1563 1.1 0.21643
1564 1.1 0.21643
1565 1.05 0.223312
1566 1.05 0.223312
1567 1 0.229416
1568 0.9 0.203909
1569 0.95 0.2112
1570 0.9 0.203909
1571 0.95 0.198348
1572 1 0.191943
1573 1 0.191943
1574 1.05 0.184605
1575 1 0.191943
1576 1.05 0.223312
1577 1.05 0.223312
1578 1.05 0.198348
1579 1.1 0.21643
1580 1.05 0.198348
1581 1.2 0.247088
1582 1.15 0.254176
1583 1.25 0.25
1584 1.3 0.281911
1585 1.3 0.281911
1586 1.3 0.241704
1587 1.35 0.254176
1588 1.35 0.254176
1589 1.35 0.254176
1590 1.35 0.254176
1591 1.35 0.264326
1592 1.25 0.270234
1593 1.3 0.272416
1594 1.35 0.264326
1595 1.35 0.264326
1596 1.3 0.272416
1597 1.35 0.264326
1598 1.3 0.206474
1599 1.3 0.206474
1600 1.3 0.206474
1601 1.25 0.216126
1602 1.3 0.23056
1603 1.3 0.23056
1604 1.3 0.23056
1605 1.25 0.227977
1606 1.25 0.227977
1607 1.3 0.218849
1608 1.25 0.227977
1609 1.3 0.23056
1610 1.3 0.23056
1611 1.3 0.23056
1612 1.25 0.239242
1613 1.35 0.220943
1614 1.3 0.206474
1615 1.3 0.206474
1616 1.3 0.206474
1617 1.35 0.208693
1618 1.4 0.210263
1619 1.4 0.210263
1620 1.35 0.208693
1621 1.45 0.223312
1622 1.35 0.232549
1623 1.4 0.222427
1624 1.4 0.222427
1625 1.35 0.232549
1626 1.3 0.23056
1627 1.3 0.23056
1628 1.35 0.232549
1629 1.3 0.23056
1630 1.35 0.243602
1631 1.35 0.243602
1632 1.35 0.243602
1633 1.35 0.243602
1634 1.4 0.222427
1635 1.3 0.193309
1636 1.25 0.203586
1637 1.35 0.208693
1638 1.4 0.233959
1639 1.4 0.233959
1640 1.4 0.233959
1641 1.45 0.245753
1642 1.4 0.233959
1643 1.45 0.245753
1644 1.45 0.245753
1645 1.35 0.254176
1646 1.3 0.252357
1647 1.25 0.25
1648 1.2 0.247088
1649 1.15 0.274101
1650 1.15 0.274101
1651 1.2 0.267542
1652 1.15 0.274101
1653 1.2 0.267542
1654 1.3 0.262578
1655 1.35 0.254176
1656 1.3 0.23056
1657 1.35 0.232549
1658 1.3 0.241704
1659 1.25 0.25
1660 1.3 0.241704
1661 1.25 0.227977
1662 1.15 0.208693
1663 1.05 0.184605
1664 1.05 0.184605
1665 1.15 0.166623
1666 1.15 0.166623
1667 1.15 0.181731
1668 1.1 0.190567
1669 1.1 0.190567
1670 1.25 0.203586
1671 1.25 0.203586
1672 1.25 0.203586
1673 1.2 0.186378
1674 1.15 0.181731
1675 1.25 0.203586
1676 1.15 0.195677
1677 1.1 0.160591
1678 1.15 0.166623
1679 1.15 0.232549
1680 1.15 0.232549
1681 1.2 0.224781
1682 1.2 0.224781
1683 1.2 0.224781
1684 1.1 0.190567
1685 1.2 0.2
1686 1.2 0.2
1687 1.2 0.2
1688 1.1 0.190567
1689 1.1 0.203909
1690 1.15 0.220943
1691 1.2 0.224781
1692 1.2 0.224781
1693 1.2 0.224781
1694 1.25 0.25
1695 1.25 0.25
1696 1.2 0.247088
1697 1.2 0.247088
1698 1.25 0.260314
1699 1.15 0.232549
1700 1.1 0.239517
1701 1.1 0.239517
1702 1.1 0.239517
1703 1.1 0.239517
1704 1.1 0.239517
1705 1.1 0.239517
1706 1.05 0.234801
1707 1.05 0.2112
1708 1 0.205196
1709 1.05 0.223312
1710 1.05 0.223312
1711 1.05 0.223312
1712 1 0.191943
1713 0.95 0.184605
1714 1 0.177705
1715 1.05 0.184605
1716 1.05 0.184605
1717 1.05 0.184605
1718 1.05 0.169752
1719 1 0.177705
1720 1.1 0.203909
1721 1.05 0.184605
1722 1.05 0.169752
1723 1 0.177705
1724 0.95 0.169752
1725 0.95 0.169752
1726 0.9 0.160591
1727 0.95 0.169752
1728 0.85 0.181731
1729 0.85 0.181731
1730 0.85 0.181731
1731 0.85 0.181731
1732 0.8 0.137649
1733 0.75 0.14281
1734 0.8 0.137649
1735 0.85 0.131289
1736 0.85 0.131289
1737 0.9 0.14327
1738 0.85 0.131289
1739 0.8 0.11698
1740 0.8 0.11698
1741 0.8 0.137649
1742 0.85 0.15
1743 0.8 0.155597
1744 0.8 0.155597
1745 0.75 0.160181
1746 0.75 0.160181
1747 0.7 0.146898
1748 0.7 0.146898
1749 0.7 0.146898
1750 0.8 0.171679
1751 0.8 0.171679
1752 0.75 0.160181
1753 0.8 0.186378
1754 0.75 0.190221
1755 0.75 0.190221
1756 0.75 0.190221
1757 0.75 0.190221
1758 0.75 0.190221
1759 0.75 0.190221
1760 0.75 0.190221
1761 0.9 0.203909
1762 0.9 0.203909
1763 0.95 0.234801
1764 0.9 0.239517
1765 0.9 0.239517
1766 0.9 0.228266
1767 0.95 0.223312
1768 0.95 0.26631
1769 1 0.271448
1770 1.05 0.28539
1771 1 0.290191
1772 1 0.290191
1773 1 0.307794
1774 1 0.307794
1775 1.05 0.320156
1776 1.05 0.320156
1777 0.95 0.28539
1778 1 0.316228
1779 0.9 0.280038
1780 0.85 0.28354
1781 0.85 0.28354
1782 0.85 0.28354
1783 0.8 0.28654
1784 0.8 0.28654
1785 0.8 0.28654
1786 0.85 0.292674
1787 0.85 0.292674
1788 0.75 0.270234
1789 0.75 0.270234
1790 0.8 0.267542
1791 0.8 0.267542
1792 0.65 0.166623
1793 0.7 0.163836
1794 0.75 0.175844
1795 0.8 0.186378
1796 0.85 0.195677
1797 0.8 0.2
1798 0.75 0.190221
1799 0.95 0.223312
1800 0.95 0.223312
1801 1 0.240613
1802 1 0.240613
1803 0.9 0.21643
1804 0.85 0.208693
1805 0.85 0.208693
1806 0.85 0.208693
1807 0.8 0.212751
1808 0.8 0.212751
1809 0.75 0.216126
1810 0.8 0.212751
1811 0.8 0.212751
1812 0.7 0.179179
1813 0.7 0.179179
1814 0.6 0.168585
1815 0.65 0.166623
1816 0.7 0.179179
1817 0.7 0.179179
1818 0.7 0.179179
1819 0.7 0.179179
1820 0.75 0.203586
1821 0.75 0.203586
1822 0.7 0.179179
1823 0.65 0.181731
1824 0.65 0.181731
1825 0.65 0.195677
1826 0.7 0.193309
1827 0.8 0.2
1828 0.85 0.195677
1829 0.9 0.203909
1830 0.9 0.203909
1831 0.85 0.208693
1832 0.85 0.208693
1833 0.9 0.239517
1834 0.9 0.239517
1835 0.85 0.232549
1836 0.85 0.232549
1837 0.8 0.247088
1838 0.9 0.270477
1839 0.95 0.28539
1840 0.9 0.260566
1841 0.9 0.260566
1842 0.85 0.264326
1843 0.95 0.276015
1844 0.95 0.276015
1845 0.95 0.276015
1846 0.95 0.276015
1847 1.05 0.294467
1848 1 0.290191
1849 0.8 0.247088
1850 0.8 0.247088
1851 0.8 0.236198
