0 0 0
1 0.15 0.0819178
2 0.5 0.153897
3 0.8 0.155597
4 0.85 0.15
5 1.05 0.198348
6 1.15 0.208693
7 1.2 0.212751
8 1.35 0.181731
9 1.5 0.19868
10 1.5 0.19868
11 1.45 0.198348
12 1.55 0.223312
13 1.55 0.223312
14 1.7 0.241704
15 1.7 0.241704
16 1.8 0.236198
17 1.85 0.232549
18 1.85 0.232549
19 1.9 0.239517
20 1.9 0.21643
21 1.95 0.223312
22 1.95 0.223312
23 1.9 0.228266
24 1.95 0.223312
25 2 0.240613
26 1.95 0.234801
27 2.05 0.234801
28 2.1 0.228266
29 2.15 0.232549
30 2.1 0.250263
31 2.1 0.228266
32 2.2 0.212751
33 2.15 0.195677
34 2.15 0.195677
35 2.2 0.212751
36 2.25 0.216126
37 2.25 0.227977
38 2.3 0.23056
39 2.3 0.23056
40 2.25 0.227977
41 2.3 0.23056
42 2.35 0.220943
43 2.45 0.234801
44 2.55 0.234801
45 2.55 0.234801
46 2.5 0.223607
47 2.6 0.233959
48 2.55 0.234801
49 2.55 0.234801
50 2.55 0.234801
51 2.65 0.232549
52 2.7 0.241704
53 2.75 0.25
54 2.85 0.220943
55 3.05 0.256238
56 3 0.251312
57 2.95 0.245753
58 2.95 0.245753
59 2.85 0.274101
60 2.9 0.280038
61 2.95 0.28539
62 3.05 0.294467
63 3.05 0.276015
64 3.05 0.276015
65 3.05 0.245753
66 3.05 0.245753
67 2.9 0.250263
68 2.95 0.245753
69 3 0.240613
70 3 0.240613
71 3 0.240613
72 3 0.240613
73 3 0.240613
74 2.95 0.245753
75 3 0.240613
76 3.1 0.260566
77 3.1 0.260566
78 3.1 0.260566
79 3.15 0.264326
80 3.15 0.264326
81 3.2 0.267542
82 3.2 0.267542
83 3.1 0.260566
84 3.15 0.254176
85 3.15 0.254176
86 3.05 0.256238
87 3 0.261574
88 3.1 0.228266
89 3.25 0.227977
90 3.25 0.25
91 3.3 0.272416
92 3.3 0.272416
93 3.3 0.272416
94 3.2 0.277204
95 3.25 0.279803
96 3.25 0.279803
97 3.15 0.274101
98 3.2 0.28654
99 3.25 0.289055
100 3.3 0.281911
101 3.3 0.281911
102 3.15 0.301531
103 3.2 0.295581
104 3.4 0.284697
105 3.3 0.281911
106 3.45 0.303272
107 3.45 0.303272
108 3.6 0.30262
109 3.5 0.312039
110 3.5 0.312039
111 3.55 0.311828
112 3.55 0.320156
113 3.65 0.326666
114 3.6 0.319539
115 3.7 0.325253
116 3.7 0.325253
117 3.7 0.325253
118 3.6 0.343358
119 3.55 0.320156
120 3.45 0.320156
121 3.55 0.311828
122 3.5 0.29469
123 3.5 0.28562
124 3.5 0.28562
125 3.55 0.294467
126 3.65 0.28354
127 3.65 0.301531
128 3.6 0.319539
129 3.65 0.301531
130 3.7 0.308647
131 3.7 0.308647
132 3.65 0.274101
133 3.85 0.28354
134 3.85 0.28354
135 3.9 0.29824
136 3.95 0.294467
137 3.8 0.304354
138 3.9 0.29824
139 3.95 0.303272
140 3.9 0.323631
141 4 0.316228
142 3.95 0.311828
143 3.95 0.328273
144 3.85 0.35744
145 3.85 0.35744
146 3.7 0.356149
147 3.75 0.36183
148 3.7 0.377666
149 3.7 0.370632
150 3.7 0.356149
151 3.65 0.326666
152 3.6 0.327671
153 3.65 0.326666
154 3.7 0.308647
155 3.65 0.326666
156 3.65 0.35744
157 3.7 0.363463
158 3.7 0.341051
159 3.65 0.342399
160 3.7 0.325253
161 3.7 0.325253
162 3.6 0.327671
163 3.65 0.318508
164 3.8 0.352435
165 3.85 0.35744
166 3.8 0.374166
167 3.85 0.35744
168 3.85 0.35744
169 3.9 0.36921
170 3.9 0.36921
171 3.85 0.371873
172 3.85 0.371873
173 3.9 0.36921
174 3.9 0.36921
175 3.9 0.36921
176 3.9 0.36921
177 3.85 0.378883
178 3.85 0.35744
179 3.8 0.344887
180 3.75 0.36183
181 3.7 0.325253
182 3.55 0.366168
183 3.65 0.342399
184 3.6 0.358359
185 3.6 0.365629
186 3.65 0.342399
187 3.7 0.356149
188 3.65 0.35744
189 3.7 0.356149
190 3.7 0.356149
191 3.75 0.33931
192 3.8 0.304354
193 3.8 0.329274
194 3.8 0.329274
195 3.8 0.329274
196 3.7 0.325253
197 3.7 0.341051
198 3.75 0.33931
199 3.85 0.35744
200 3.8 0.352435
201 3.8 0.359825
202 3.75 0.354483
203 3.75 0.346979
204 3.8 0.344887
205 3.8 0.344887
206 3.8 0.374166
207 3.8 0.394702
208 3.75 0.376095
209 3.75 0.376095
210 3.75 0.369031
211 3.8 0.359825
212 3.75 0.36183
213 3.7 0.348682
214 3.7 0.348682
215 3.65 0.334625
216 3.7 0.333246
217 3.75 0.346979
218 3.8 0.344887
219 3.8 0.344887
220 3.7 0.363463
221 3.7 0.341051
222 3.7 0.341051
223 3.7 0.341051
224 3.7 0.341051
225 3.7 0.341051
226 3.8 0.344887
227 3.85 0.342399
228 3.85 0.342399
229 3.9 0.347169
230 3.85 0.35
231 3.8 0.352435
232 3.8 0.352435
233 3.75 0.369031
234 3.7 0.363463
235 3.65 0.371873
236 3.7 0.377666
237 3.6 0.365629
238 3.6 0.365629
239 3.55 0.351501
240 3.6 0.365629
241 3.55 0.351501
242 3.45 0.336194
243 3.5 0.336389
244 3.55 0.328273
245 3.65 0.342399
246 3.7 0.341051
247 3.75 0.331464
248 3.7 0.333246
249 3.75 0.323427
250 3.85 0.342399
251 3.8 0.329274
252 3.8 0.329274
253 3.8 0.329274
254 3.75 0.323427
255 3.75 0.323427
256 3.75 0.323427
257 3.75 0.306723
258 3.75 0.306723
259 3.7 0.317059
260 3.8 0.312881
261 3.85 0.318508
262 3.8 0.312881
263 3.8 0.312881
264 3.75 0.29802
265 3.85 0.301531
266 3.85 0.301531
267 3.85 0.301531
268 3.85 0.301531
269 3.85 0.301531
270 3.75 0.315186
271 3.75 0.315186
272 3.65 0.318508
273 3.7 0.317059
274 3.7 0.325253
275 3.8 0.321182
276 3.85 0.326666
277 3.85 0.326666
278 3.85 0.326666
279 3.9 0.331662
280 3.9 0.339504
281 3.9 0.339504
282 3.95 0.343932
283 3.9 0.339504
284 3.9 0.339504
285 3.9 0.354668
286 3.9 0.354668
287 3.9 0.354668
288 3.95 0.343932
289 3.9 0.362012
290 3.95 0.303272
291 3.9 0.306937
292 3.95 0.294467
293 4 0.290191
294 4.05 0.276015
295 4.05 0.276015
296 4.1 0.270477
297 4.1 0.270477
298 4.1 0.270477
299 4.1 0.270477
300 4.05 0.26631
301 4.05 0.26631
302 4.2 0.277204
303 4.2 0.277204
304 4.15 0.264326
305 4.2 0.277204
306 4.2 0.277204
307 4.15 0.274101
308 4.15 0.28354
309 4.1 0.280038
310 4.15 0.274101
311 4.15 0.292674
312 4.2 0.277204
313 4.25 0.270234
314 4.15 0.28354
315 4.2 0.277204
316 4.2 0.28654
317 4.25 0.279803
318 4.25 0.289055
319 4.25 0.29802
320 4.2 0.312881
321 4.15 0.326666
322 4.2 0.321182
323 4.25 0.331464
324 4.25 0.331464
325 4.25 0.331464
326 4.3 0.317059
327 4.3 0.317059
328 4.3 0.317059
329 4.3 0.317059
330 4.3 0.317059
331 4.3 0.317059
332 4.3 0.317059
333 4.3 0.3
334 4.35 0.301531
335 4.3 0.291096
336 4.35 0.301531
337 4.35 0.301531
338 4.35 0.301531
339 4.25 0.29802
340 4.25 0.29802
341 4.1 0.315394
342 4.2 0.295581
343 4.25 0.306723
344 4.25 0.306723
345 4.25 0.306723
346 4.25 0.315186
347 4.15 0.326666
348 4.05 0.294467
349 4.15 0.326666
350 4.1 0.306937
351 4.1 0.315394
352 4.1 0.315394
353 4.15 0.310136
354 4.15 0.318508
355 4.1 0.315394
356 4.15 0.301531
357 4.3 0.3
358 4.2 0.329274
359 4.15 0.334625
360 4.15 0.318508
361 4.1 0.289282
362 4.2 0.295581
363 4.2 0.28654
364 4.15 0.292674
365 4.15 0.301531
366 4.2 0.28654
367 4.25 0.289055
368 4.2 0.277204
369 4.25 0.279803
370 4.3 0.3
371 4.35 0.292674
372 4.4 0.30262
373 4.35 0.292674
374 4.35 0.292674
375 4.4 0.293795
376 4.45 0.303272
377 4.45 0.303272
378 4.45 0.303272
379 4.4 0.30262
380 4.4 0.30262
381 4.3 0.308647
382 4.35 0.310136
383 4.4 0.319539
384 4.45 0.320156
385 4.5 0.328473
386 4.45 0.343932
387 4.45 0.343932
388 4.5 0.344124
389 4.45 0.343932
390 4.4 0.350939
391 4.4 0.350939
392 4.4 0.350939
393 4.4 0.350939
394 4.45 0.343932
395 4.45 0.336194
396 4.45 0.328273
397 4.5 0.320362
398 4.5 0.320362
399 4.55 0.320156
400 4.45 0.294467
401 4.5 0.303488
402 4.4 0.293795
403 4.35 0.28354
404 4.3 0.281911
405 4.35 0.292674
406 4.4 0.30262
407 4.4 0.30262
408 4.35 0.301531
409 4.35 0.310136
410 4.35 0.301531
411 4.35 0.292674
412 4.4 0.311195
413 4.3 0.333246
414 4.15 0.326666
415 4.25 0.33931
416 4.3 0.348682
417 4.25 0.346979
418 4.2 0.329274
419 4.15 0.318508
420 4.2 0.337171
421 4.2 0.321182
422 4.1 0.339504
423 4.1 0.339504
424 4.1 0.331662
425 4.15 0.334625
426 4.1 0.339504
427 4.15 0.334625
428 4.15 0.310136
429 4.15 0.301531
430 4.15 0.28354
431 4.2 0.295581
432 4.2 0.295581
433 4.2 0.312881
434 4.2 0.329274
435 4.2 0.329274
436 4.1 0.354668
437 4.1 0.354668
438 4.05 0.373286
439 4 0.362738
440 4.05 0.366168
441 4.1 0.362012
442 4.15 0.35
443 4.15 0.35
444 4.25 0.323427
445 4.1 0.362012
446 4.15 0.326666
447 4.2 0.329274
448 4.15 0.334625
449 4.15 0.326666
450 4.15 0.334625
451 4.15 0.301531
452 4.2 0.321182
453 4.2 0.321182
454 4.25 0.33931
455 4.25 0.33931
456 4.25 0.33931
457 4.3 0.325253
458 4.3 0.325253
459 4.3 0.317059
460 4.3 0.317059
461 4.25 0.315186
462 4.3 0.325253
463 4.35 0.326666
464 4.35 0.326666
465 4.25 0.29802
466 4.15 0.310136
467 4.15 0.310136
468 4.1 0.289282
469 4.05 0.28539
470 3.9 0.315394
471 3.85 0.318508
472 4 0.324443
473 4.05 0.311828
474 4 0.290191
475 4.1 0.323631
476 4.05 0.336194
477 4.05 0.336194
478 4 0.340279
479 4 0.324443
480 4 0.340279
481 4 0.355409
482 3.95 0.343932
483 3.85 0.342399
484 3.9 0.315394
485 3.85 0.318508
486 3.9 0.315394
487 3.75 0.323427
488 3.75 0.323427
489 3.75 0.323427
490 3.75 0.29802
491 3.85 0.292674
492 3.85 0.292674
493 3.8 0.304354
494 3.9 0.289282
495 3.95 0.28539
496 4 0.299122
497 4.05 0.28539
498 4.05 0.28539
499 3.95 0.28539
500 4.05 0.28539
501 4 0.290191
502 4.05 0.28539
503 3.9 0.289282
504 3.95 0.311828
505 3.9 0.323631
506 3.9 0.339504
507 3.95 0.351501
508 3.95 0.351501
509 3.95 0.351501
510 3.95 0.351501
511 3.95 0.351501
512 3.95 0.351501
513 3.95 0.351501
514 4 0.340279
515 4 0.340279
516 4.05 0.351501
517 3.95 0.328273
518 3.8 0.321182
519 3.95 0.336194
520 4.05 0.358909
521 4.05 0.358909
522 4 0.355409
523 4 0.355409
524 4 0.347926
525 3.95 0.343932
526 3.9 0.347169
527 3.9 0.339504
528 3.9 0.339504
529 4 0.332455
530 3.75 0.315186
531 3.7 0.308647
532 3.75 0.315186
533 3.8 0.321182
534 3.75 0.33931
535 3.9 0.347169
536 3.85 0.334625
537 3.7 0.325253
538 3.7 0.325253
539 3.7 0.317059
540 3.8 0.329274
541 3.85 0.342399
542 3.75 0.346979
543 3.7 0.348682
544 3.75 0.33931
545 3.7 0.356149
546 3.7 0.356149
547 3.8 0.337171
548 3.8 0.337171
549 3.8 0.352435
550 3.85 0.35
551 3.85 0.342399
552 3.85 0.342399
553 3.9 0.3832
554 3.8 0.367065
555 3.85 0.385766
556 3.9 0.36921
557 3.95 0.38027
558 3.9 0.36921
559 3.95 0.358909
560 3.9 0.339504
561 3.95 0.343932
562 4.05 0.343932
563 4.1 0.339504
564 4.1 0.339504
565 4 0.332455
566 4.05 0.320156
567 4.1 0.29824
568 4.15 0.326666
569 4.2 0.337171
570 4.25 0.33931
571 4.2 0.329274
572 4.3 0.333246
573 4.3 0.333246
574 4.25 0.346979
575 4.25 0.331464
576 4.25 0.354483
577 4.3 0.363463
578 4.35 0.364728
579 4.4 0.358359
580 4.35 0.35744
581 4.4 0.335606
582 4.25 0.36183
583 4.3 0.356149
584 4.3 0.356149
585 4.3 0.356149
586 4.3 0.356149
587 4.25 0.376095
588 4.3 0.363463
589 4.25 0.36183
590 4.2 0.374166
591 4.25 0.36183
592 4.2 0.337171
593 4.15 0.334625
594 4.15 0.334625
595 4.1 0.331662
596 4.2 0.337171
597 4.2 0.337171
598 4.15 0.364728
599 4.2 0.344887
600 4.2 0.344887
601 4.2 0.337171
602 4.25 0.33931
603 4.25 0.354483
604 4.25 0.354483
605 4.3 0.341051
606 4.35 0.35744
607 4.3 0.377666
608 4.3 0.333246
609 4.3 0.341051
610 4.2 0.359825
611 4.25 0.36183
612 4.25 0.36183
613 4.2 0.352435
614 4.15 0.334625
615 4.15 0.334625
616 4.15 0.334625
617 4.1 0.347169
618 4.05 0.373286
619 4.1 0.37627
620 4.1 0.37627
621 4.15 0.364728
622 4.15 0.364728
623 4.3 0.348682
624 4.3 0.348682
625 4.25 0.354483
626 4.3 0.348682
627 4.25 0.323427
628 4.3 0.333246
629 4.3 0.333246
630 4.25 0.346979
631 4.35 0.35744
632 4.25 0.331464
633 4.3 0.333246
634 4.35 0.35
635 4.35 0.35
636 4.2 0.381134
637 4.25 0.403113
638 4.25 0.403113
639 4.25 0.369031
640 4.3 0.404579
641 4.3 0.404579
642 4.3 0.384571
643 4.35 0.371873
644 4.3 0.363463
645 4.3 0.363463
646 4.3 0.363463
647 4.4 0.343358
648 4.35 0.35
649 4.4 0.350939
650 4.45 0.351501
651 4.5 0.394034
652 4.55 0.400493
653 4.5 0.413585
654 4.5 0.413585
655 4.6 0.379751
656 4.55 0.366168
657 4.6 0.365629
658 4.55 0.358909
659 4.4 0.350939
660 4.4 0.365629
661 4.35 0.385766
662 4.45 0.373286
663 4.45 0.38027
664 4.55 0.373286
665 4.55 0.351501
666 4.5 0.344124
667 4.4 0.358359
668 4.55 0.366168
669 4.45 0.358909
670 4.35 0.326666
671 4.25 0.306723
672 4.25 0.306723
673 4.3 0.3
674 4.3 0.317059
675 4.35 0.310136
676 4.25 0.315186
677 4.2 0.312881
678 4.35 0.318508
679 4.4 0.335606
680 4.35 0.364728
681 4.45 0.351501
682 4.6 0.327671
683 4.6 0.327671
684 4.7 0.325253
685 4.65 0.35
686 4.65 0.35
687 4.75 0.354483
688 4.75 0.354483
689 4.8 0.352435
690 4.8 0.352435
691 4.8 0.352435
692 4.65 0.318508
693 4.65 0.326666
694 4.6 0.319539
695 4.6 0.319539
696 4.6 0.319539
697 4.7 0.333246
698 4.7 0.333246
699 4.6 0.327671
700 4.65 0.334625
701 4.8 0.329274
702 4.75 0.323427
703 4.8 0.329274
704 4.75 0.331464
705 4.8 0.329274
706 4.8 0.329274
707 4.65 0.334625
708 4.6 0.319539
709 4.6 0.343358
710 4.55 0.311828
711 4.65 0.310136
712 4.65 0.310136
713 4.7 0.3
714 4.65 0.318508
715 4.7 0.333246
716 4.75 0.315186
717 4.65 0.318508
718 4.65 0.318508
719 4.7 0.317059
720 4.65 0.318508
721 4.6 0.311195
722 4.55 0.303272
723 4.55 0.303272
724 4.5 0.29469
725 4.5 0.29469
726 4.5 0.303488
727 4.5 0.303488
728 4.45 0.303272
729 4.5 0.303488
730 4.5 0.303488
731 4.4 0.293795
732 4.4 0.30262
733 4.3 0.325253
734 4.4 0.319539
735 4.35 0.310136
736 4.45 0.328273
737 4.55 0.343932
738 4.55 0.351501
739 4.55 0.336194
740 4.75 0.33931
741 4.75 0.33931
742 4.7 0.341051
743 4.7 0.348682
744 4.75 0.323427
745 4.7 0.308647
746 4.8 0.312881
747 4.85 0.326666
748 4.95 0.311828
749 4.95 0.311828
750 4.95 0.311828
751 4.95 0.311828
752 4.9 0.306937
753 4.85 0.310136
754 4.8 0.321182
755 4.75 0.323427
756 4.75 0.323427
757 4.7 0.341051
758 4.85 0.342399
759 4.85 0.342399
760 4.85 0.342399
761 4.75 0.346979
762 4.7 0.370632
763 4.65 0.378883
764 4.65 0.371873
765 4.7 0.377666
766 4.75 0.36183
767 4.75 0.369031
768 4.8 0.352435
769 4.8 0.352435
770 4.85 0.318508
771 4.85 0.318508
772 4.75 0.29802
773 4.7 0.3
774 4.7 0.291096
775 4.6 0.293795
776 4.7 0.317059
777 4.75 0.323427
778 4.75 0.323427
779 4.75 0.323427
780 4.7 0.325253
781 4.8 0.295581
782 4.7 0.308647
783 4.7 0.341051
784 4.7 0.341051
785 4.7 0.341051
786 4.7 0.341051
787 4.65 0.364728
788 4.7 0.363463
789 4.55 0.358909
790 4.55 0.366168
791 4.65 0.371873
792 4.65 0.364728
793 4.55 0.351501
794 4.55 0.38027
795 4.65 0.364728
796 4.65 0.364728
797 4.65 0.364728
798 4.6 0.365629
799 4.5 0.351688
800 4.45 0.373286
801 4.45 0.373286
802 4.35 0.364728
803 4.35 0.364728
804 4.4 0.335606
805 4.45 0.343932
806 4.45 0.343932
807 4.4 0.335606
808 4.55 0.328273
809 4.55 0.328273
810 4.45 0.343932
811 4.45 0.343932
812 4.45 0.343932
813 4.55 0.343932
814 4.55 0.343932
815 4.55 0.343932
816 4.6 0.350939
817 4.6 0.350939
818 4.6 0.343358
819 4.65 0.35
820 4.6 0.350939
821 4.65 0.35
822 4.6 0.343358
823 4.6 0.343358
824 4.6 0.343358
825 4.65 0.35
826 4.7 0.341051
827 4.7 0.341051
828 4.6 0.365629
829 4.6 0.365629
830 4.55 0.358909
831 4.45 0.351501
832 4.45 0.336194
833 4.4 0.343358
834 4.45 0.336194
835 4.5 0.336389
836 4.6 0.343358
837 4.65 0.35
838 4.75 0.354483
839 4.7 0.363463
840 4.7 0.341051
841 4.7 0.341051
842 4.7 0.348682
843 4.7 0.348682
844 4.65 0.35744
845 4.6 0.350939
846 4.6 0.358359
847 4.65 0.35744
848 4.65 0.35744
849 4.7 0.348682
850 4.7 0.348682
851 4.65 0.371873
852 4.7 0.363463
853 4.7 0.363463
854 4.6 0.343358
855 4.55 0.328273
856 4.6 0.343358
857 4.4 0.343358
858 4.5 0.336389
859 4.55 0.343932
860 4.6 0.350939
861 4.6 0.343358
862 4.6 0.327671
863 4.55 0.311828
864 4.6 0.327671
865 4.55 0.311828
866 4.55 0.320156
867 4.6 0.327671
868 4.6 0.327671
869 4.6 0.327671
870 4.6 0.327671
871 4.55 0.320156
872 4.4 0.335606
873 4.25 0.29802
874 4.25 0.306723
875 4.3 0.291096
876 4.25 0.289055
877 4.25 0.289055
878 4.25 0.289055
879 4.25 0.289055
880 4.2 0.295581
881 4.2 0.295581
882 4.15 0.292674
883 4.15 0.301531
884 4.2 0.295581
885 4.2 0.295581
886 4.25 0.29802
887 4.3 0.3
888 4.35 0.301531
889 4.35 0.301531
890 4.25 0.289055
891 4.15 0.301531
892 4.05 0.311828
893 4.05 0.311828
894 4.1 0.29824
895 4 0.299122
896 4.2 0.295581
897 4.25 0.29802
898 4.3 0.317059
899 4.35 0.310136
900 4.3 0.308647
901 4.3 0.317059
902 4.35 0.318508
903 4.35 0.318508
904 4.4 0.319539
905 4.4 0.319539
906 4.35 0.301531
907 4.35 0.292674
908 4.45 0.303272
909 4.45 0.303272
910 4.45 0.303272
911 4.4 0.293795
912 4.4 0.293795
913 4.4 0.293795
914 4.4 0.293795
915 4.45 0.303272
916 4.4 0.30262
917 4.35 0.292674
918 4.5 0.312039
919 4.45 0.311828
920 4.45 0.294467
921 4.35 0.301531
922 4.4 0.293795
923 4.35 0.28354
924 4.35 0.274101
925 4.25 0.260314
926 4.25 0.270234
927 4.25 0.239242
928 4.35 0.254176
929 4.4 0.265568
930 4.4 0.265568
931 4.4 0.311195
932 4.35 0.310136
933 4.4 0.284697
934 4.3 0.308647
935 4.3 0.308647
936 4.25 0.315186
937 4.35 0.310136
938 4.45 0.28539
939 4.45 0.303272
940 4.5 0.276253
941 4.5 0.276253
942 4.5 0.276253
943 4.5 0.276253
944 4.5 0.276253
945 4.45 0.294467
946 4.45 0.303272
947 4.45 0.303272
948 4.5 0.276253
949 4.55 0.294467
950 4.6 0.284697
951 4.55 0.303272
952 4.55 0.303272
953 4.5 0.312039
954 4.45 0.303272
955 4.45 0.303272
956 4.45 0.311828
957 4.45 0.294467
958 4.35 0.318508
959 4.4 0.319539
960 4.4 0.319539
961 4.45 0.303272
962 4.45 0.303272
963 4.35 0.301531
964 4.35 0.301531
965 4.35 0.301531
966 4.35 0.301531
967 4.35 0.301531
968 4.4 0.311195
969 4.4 0.30262
970 4.45 0.311828
971 4.45 0.311828
972 4.4 0.30262
973 4.35 0.301531
974 4.35 0.326666
975 4.3 0.325253
976 4.3 0.333246
977 4.4 0.30262
978 4.45 0.303272
979 4.4 0.293795
980 4.4 0.293795
981 4.4 0.293795
982 4.4 0.293795
983 4.35 0.301531
984 4.35 0.310136
985 4.3 0.333246
986 4.35 0.310136
987 4.2 0.295581
988 4.3 0.308647
989 4.4 0.311195
990 4.4 0.311195
991 4.45 0.311828
992 4.45 0.311828
993 4.4 0.311195
994 4.3 0.308647
995 4.45 0.311828
996 4.5 0.320362
997 4.45 0.28539
998 4.4 0.275299
999 4.4 0.284697
1000 4.35 0.274101
1001 4.45 0.28539
1002 4.5 0.29469
1003 4.45 0.311828
1004 4.45 0.311828
1005 4.45 0.311828
1006 4.4 0.293795
1007 4.45 0.311828
1008 4.35 0.301531
1009 4.4 0.311195
1010 4.35 0.318508
1011 4.35 0.310136
1012 4.35 0.310136
1013 4.4 0.319539
1014 4.4 0.319539
1015 4.25 0.289055
1016 4.3 0.291096
1017 4.4 0.311195
1018 4.35 0.310136
1019 4.35 0.310136
1020 4.4 0.311195
1021 4.4 0.311195
1022 4.35 0.326666
1023 4.35 0.326666
1024 4.35 0.318508
1025 4.35 0.310136
1026 4.35 0.310136
1027 4.35 0.310136
1028 4.5 0.328473
1029 4.5 0.320362
1030 4.45 0.336194
1031 4.5 0.328473
1032 4.35 0.301531
1033 4.4 0.293795
1034 4.4 0.293795
1035 4.4 0.30262
1036 4.3 0.308647
1037 4.4 0.319539
1038 4.45 0.320156
1039 4.4 0.311195
1040 4.45 0.320156
1041 4.5 0.312039
1042 4.55 0.311828
1043 4.5 0.303488
1044 4.45 0.28539
1045 4.5 0.28562
1046 4.5 0.28562
1047 4.55 0.320156
1048 4.6 0.327671
1049 4.5 0.336389
1050 4.55 0.328273
1051 4.55 0.328273
1052 4.55 0.328273
1053 4.55 0.328273
1054 4.45 0.294467
1055 4.55 0.336194
1056 4.6 0.311195
1057 4.6 0.311195
1058 4.5 0.351688
1059 4.55 0.351501
1060 4.5 0.351688
1061 4.5 0.351688
1062 4.45 0.351501
1063 4.5 0.344124
1064 4.45 0.351501
1065 4.45 0.351501
1066 4.45 0.351501
1067 4.4 0.343358
1068 4.4 0.350939
1069 4.4 0.350939
1070 4.4 0.350939
1071 4.35 0.35
1072 4.15 0.385766
1073 4.25 0.369031
1074 4.3 0.356149
1075 4.35 0.35744
1076 4.4 0.350939
1077 4.5 0.351688
1078 4.5 0.380443
1079 4.5 0.373462
1080 4.45 0.400493
1081 4.5 0.394034
1082 4.4 0.386618
1083 4.35 0.385766
1084 4.5 0.366348
1085 4.5 0.344124
1086 4.6 0.358359
1087 4.55 0.328273
1088 4.45 0.320156
1089 4.45 0.320156
1090 4.45 0.320156
1091 4.5 0.328473
1092 4.5 0.328473
1093 4.5 0.328473
1094 4.4 0.358359
1095 4.35 0.35
1096 4.25 0.354483
1097 4.4 0.365629
1098 4.3 0.370632
1099 4.4 0.350939
1100 4.3 0.348682
1101 4.3 0.370632
1102 4.3 0.370632
1103 4.3 0.370632
1104 4.25 0.36183
1105 4.25 0.376095
1106 4.2 0.381134
1107 4.25 0.383028
1108 4.2 0.381134
1109 4.25 0.383028
1110 4.15 0.364728
1111 4.15 0.364728
1112 4.2 0.374166
1113 4.2 0.374166
1114 4.3 0.356149
1115 4.2 0.367065
1116 4.25 0.36183
1117 4.25 0.36183
1118 4.35 0.364728
1119 4.4 0.372756
1120 4.4 0.372756
1121 4.45 0.366168
1122 4.4 0.358359
1123 4.4 0.358359
1124 4.3 0.363463
1125 4.3 0.363463
1126 4.3 0.356149
1127 4.35 0.364728
1128 4.35 0.364728
1129 4.3 0.363463
1130 4.2 0.367065
1131 4.2 0.344887
1132 4.2 0.344887
1133 4.25 0.354483
1134 4.3 0.341051
1135 4.3 0.341051
1136 4.2 0.344887
1137 4.3 0.370632
1138 4.25 0.354483
1139 4.35 0.35
1140 4.25 0.33931
1141 4.25 0.33931
1142 4.3 0.348682
1143 4.35 0.35
1144 4.25 0.36183
1145 4.25 0.36183
1146 4.25 0.354483
1147 4.3 0.333246
1148 4.35 0.326666
1149 4.4 0.319539
1150 4.4 0.335606
1151 4.4 0.350939
1152 4.35 0.342399
1153 4.45 0.328273
1154 4.35 0.318508
1155 4.4 0.293795
1156 4.4 0.293795
1157 4.3 0.3
1158 4.35 0.318508
1159 4.4 0.30262
1160 4.45 0.303272
1161 4.45 0.328273
1162 4.45 0.328273
1163 4.5 0.328473
1164 4.45 0.328273
1165 4.3 0.325253
1166 4.35 0.301531
1167 4.4 0.30262
1168 4.5 0.29469
1169 4.4 0.284697
1170 4.5 0.28562
1171 4.6 0.30262
1172 4.5 0.29469
1173 4.4 0.284697
1174 4.5 0.29469
1175 4.55 0.294467
1176 4.45 0.28539
1177 4.4 0.284697
1178 4.5 0.303488
1179 4.35 0.326666
1180 4.4 0.350939
1181 4.4 0.358359
1182 4.5 0.366348
1183 4.5 0.359092
1184 4.5 0.373462
1185 4.5 0.366348
1186 4.45 0.351501
1187 4.5 0.344124
1188 4.45 0.328273
1189 4.55 0.328273
1190 4.4 0.335606
1191 4.4 0.335606
1192 4.4 0.335606
1193 4.4 0.335606
1194 4.35 0.35
1195 4.4 0.350939
1196 4.4 0.350939
1197 4.4 0.350939
1198 4.4 0.350939
1199 4.35 0.35
1200 4.35 0.35
1201 4.5 0.344124
1202 4.5 0.328473
1203 4.65 0.326666
1204 4.65 0.326666
1205 4.65 0.326666
1206 4.6 0.327671
1207 4.6 0.327671
1208 4.65 0.326666
1209 4.6 0.327671
1210 4.65 0.326666
1211 4.55 0.320156
1212 4.55 0.320156
1213 4.55 0.336194
1214 4.5 0.336389
1215 4.5 0.336389
1216 4.55 0.343932
1217 4.55 0.343932
1218 4.65 0.310136
1219 4.55 0.303272
1220 4.55 0.303272
1221 4.55 0.303272
1222 4.5 0.303488
1223 4.55 0.303272
1224 4.5 0.312039
1225 4.6 0.311195
1226 4.5 0.312039
1227 4.55 0.311828
1228 4.6 0.293795
1229 4.7 0.281911
1230 4.6 0.284697
1231 4.55 0.26631
1232 4.55 0.26631
1233 4.6 0.265568
1234 4.6 0.265568
1235 4.65 0.28354
1236 4.6 0.30262
1237 4.6 0.30262
1238 4.65 0.301531
1239 4.55 0.294467
1240 4.35 0.318508
1241 4.35 0.326666
1242 4.3 0.325253
1243 4.25 0.331464
1244 4.25 0.323427
1245 4.4 0.319539
1246 4.45 0.343932
1247 4.35 0.35
1248 4.25 0.369031
1249 4.3 0.356149
1250 4.3 0.356149
1251 4.3 0.384571
1252 4.4 0.350939
1253 4.4 0.358359
1254 4.4 0.343358
1255 4.4 0.343358
1256 4.45 0.343932
1257 4.35 0.35
1258 4.45 0.343932
1259 4.5 0.351688
1260 4.45 0.358909
1261 4.5 0.351688
1262 4.45 0.366168
1263 4.45 0.366168
1264 4.45 0.366168
1265 4.45 0.366168
1266 4.4 0.358359
1267 4.35 0.371873
1268 4.4 0.379751
1269 4.4 0.358359
1270 4.45 0.351501
1271 4.4 0.350939
1272 4.45 0.336194
1273 4.5 0.320362
1274 4.45 0.311828
1275 4.55 0.303272
1276 4.45 0.311828
1277 4.45 0.320156
1278 4.3 0.3
1279 4.25 0.306723
1280 4.3 0.3
1281 4.2 0.28654
1282 4.2 0.28654
1283 4.35 0.274101
1284 4.4 0.265568
1285 4.4 0.265568
1286 4.35 0.264326
1287 4.35 0.254176
1288 4.35 0.254176
1289 4.25 0.25
1290 4.15 0.264326
1291 4.1 0.260566
1292 4.1 0.250263
1293 4.1 0.228266
1294 4.25 0.227977
1295 4.35 0.232549
1296 4.35 0.232549
1297 4.4 0.233959
1298 4.35 0.243602
1299 4.3 0.23056
1300 4.25 0.227977
1301 4.3 0.23056
1302 4.4 0.222427
1303 4.45 0.223312
1304 4.3 0.241704
1305 4.3 0.241704
1306 4.3 0.241704
1307 4.25 0.239242
1308 4.25 0.239242
1309 4.25 0.239242
1310 4.25 0.239242
1311 4.25 0.239242
1312 4.25 0.239242
1313 4.25 0.260314
1314 4.4 0.233959
1315 4.45 0.245753
1316 4.5 0.246021
1317 4.45 0.256238
1318 4.3 0.272416
1319 4.35 0.28354
1320 4.3 0.272416
1321 4.3 0.272416
1322 4.35 0.254176
1323 4.4 0.255467
1324 4.35 0.254176
1325 4.25 0.25
1326 4.25 0.25
1327 4.25 0.25
1328 4.25 0.227977
1329 4.35 0.254176
1330 4.35 0.254176
1331 4.4 0.244949
1332 4.35 0.274101
1333 4.4 0.255467
1334 4.5 0.235081
1335 4.5 0.235081
1336 4.5 0.235081
1337 4.5 0.223607
1338 4.45 0.223312
1339 4.4 0.244949
1340 4.3 0.241704
1341 4.35 0.232549
1342 4.4 0.233959
1343 4.3 0.241704
1344 4.2 0.224781
1345 4.15 0.243602
1346 4.2 0.2
1347 4.15 0.208693
1348 4.15 0.208693
1349 4.15 0.208693
1350 4.1 0.21643
1351 4.1 0.203909
1352 4.15 0.208693
1353 4.15 0.208693
1354 4.1 0.21643
1355 4.1 0.190567
1356 4.1 0.228266
1357 4.05 0.223312
1358 4.15 0.243602
1359 4.1 0.260566
1360 4.1 0.260566
1361 4.15 0.243602
1362 4.2 0.247088
1363 4.2 0.247088
1364 4.25 0.239242
1365 4.25 0.239242
1366 4.3 0.252357
1367 4.3 0.252357
1368 4.25 0.239242
1369 4.15 0.243602
1370 4.2 0.224781
1371 4.2 0.224781
1372 4.1 0.239517
1373 4.05 0.245753
1374 4 0.240613
1375 4.05 0.234801
1376 4 0.240613
1377 4 0.191943
1378 4 0.191943
1379 3.95 0.2112
1380 3.95 0.2112
1381 4 0.217643
1382 4.1 0.21643
1383 4.1 0.203909
1384 4.1 0.21643
1385 4.15 0.208693
1386 4.15 0.208693
1387 4.15 0.232549
1388 4.15 0.232549
1389 4.15 0.232549
1390 4.1 0.239517
1391 4.2 0.236198
1392 4.15 0.232549
1393 4.2 0.236198
1394 4.15 0.220943
1395 4.1 0.228266
1396 4.1 0.250263
1397 4.05 0.256238
1398 4.15 0.264326
1399 4.1 0.239517
1400 4.15 0.264326
1401 4.15 0.264326
1402 4.15 0.264326
1403 4.15 0.264326
1404 4 0.290191
1405 4.15 0.264326
1406 4.15 0.254176
1407 4.15 0.28354
1408 4.15 0.28354
1409 4.1 0.280038
1410 4.15 0.28354
1411 4 0.316228
1412 4.1 0.289282
1413 4.1 0.289282
1414 4.1 0.280038
1415 4.2 0.28654
1416 4.2 0.28654
1417 4.2 0.28654
1418 4.2 0.28654
1419 4.2 0.28654
1420 4.2 0.28654
1421 4.25 0.306723
1422 4.2 0.312881
1423 4.2 0.312881
1424 4.15 0.310136
1425 4.1 0.289282
1426 4.15 0.292674
1427 4.25 0.33931
1428 4.3 0.325253
1429 4.3 0.317059
1430 4.2 0.321182
1431 4.2 0.321182
1432 4.2 0.321182
1433 4.2 0.321182
1434 4.15 0.318508
1435 4.05 0.28539
1436 4.05 0.294467
1437 4 0.324443
1438 4.15 0.326666
1439 4.15 0.326666
1440 4.2 0.321182
1441 4.15 0.292674
1442 4.15 0.292674
1443 4.15 0.292674
1444 4.15 0.292674
1445 4.15 0.292674
1446 4.15 0.292674
1447 4.2 0.277204
1448 4.15 0.301531
1449 4.05 0.343932
1450 4.05 0.343932
1451 4.1 0.362012
1452 4.05 0.343932
1453 4 0.362738
1454 3.95 0.38027
1455 3.85 0.385766
1456 3.9 0.390007
1457 3.95 0.366168
1458 3.95 0.366168
1459 4.05 0.358909
1460 4.05 0.358909
1461 4.05 0.358909
1462 4 0.362738
1463 4 0.362738
1464 4 0.362738
1465 4 0.362738
1466 4 0.362738
1467 4 0.362738
1468 3.9 0.36921
1469 3.85 0.364728
1470 3.9 0.362012
1471 3.8 0.381134
1472 3.85 0.378883
1473 3.8 0.387977
1474 3.85 0.378883
1475 3.85 0.364728
1476 3.85 0.35744
1477 3.7 0.370632
1478 3.65 0.371873
1479 3.55 0.366168
1480 3.55 0.400493
1481 3.55 0.351501
1482 3.7 0.377666
1483 3.75 0.383028
1484 3.8 0.381134
1485 3.8 0.381134
1486 3.8 0.381134
1487 3.8 0.387977
1488 3.75 0.383028
1489 3.65 0.334625
1490 3.6 0.365629
1491 3.65 0.35
1492 3.7 0.377666
1493 3.75 0.396531
1494 3.8 0.401314
1495 3.8 0.401314
1496 3.85 0.385766
1497 3.8 0.381134
1498 3.85 0.371873
1499 3.9 0.37627
1500 3.9 0.37627
1501 3.95 0.38027
1502 3.95 0.38027
1503 4 0.376969
1504 4.05 0.38027
1505 4.1 0.36921
1506 4 0.362738
1507 3.95 0.358909
1508 3.8 0.367065
1509 3.9 0.36921
1510 3.9 0.36921
1511 3.85 0.364728
1512 3.85 0.371873
1513 4.05 0.366168
1514 4.05 0.366168
1515 4.05 0.366168
1516 4.05 0.366168
