0 0 0
1 0.25 0.0993399
2 0.8 0.212751
3 0.8 0.224781
4 0.95 0.234801
5 0.9 0.190567
6 1.15 0.243602
7 1.05 0.2112
8 1.1 0.203909
9 0.95 0.184605
10 0.75 0.175844
11 0.5 0.114708
12 0.4 0.133771
13 0.3 0.105131
14 0.25 0.0993399
15 0.35 0.131289
16 0.25 0.0993399
17 0.15 0.0819178
18 0.2 0.137649
19 0.3 0.127733
20 0.35 0.15
21 0.45 0.153469
22 0.4 0.152177
23 0.35 0.131289
24 0.35 0.109424
25 0.35 0.109424
26 0.3 0.105131
27 0.45 0.114133
28 0.2 0.0917663
29 0.2 0.0917663
30 0.25 0.0993399
31 0.1 0.0688247
32 0.1 0.0688247
33 0.1 0.0688247
34 0.15 0.0819178
35 0.15 0.0819178
36 0.1 0.0688247
37 0.1 0.0688247
38 0.1 0.0688247
39 0.15 0.0819178
40 0.05 0.05
41 0.15 0.0819178
42 0.3 0.127733
43 0.25 0.0993399
44 0.15 0.0819178
45 0.1 0.0688247
46 0.05 0.05
47 0.15 0.0819178
48 0.2 0.0917663
49 0.25 0.0993399
50 0.15 0.0819178
51 0.25 0.0993399
52 0.35 0.109424
53 0.35 0.109424
54 0.35 0.109424
55 0.3 0.105131
56 0.25 0.0993399
57 0.2 0.0917663
58 0.2 0.0917663
59 0.15 0.0819178
60 0.35 0.15
61 0.3 0.127733
62 0.25 0.12301
63 0.2 0.0917663
64 0.1 0.0688247
65 0.1 0.0688247
66 0.15 0.0819178
67 0.05 0.05
68 0 0
69 0.05 0.05
70 0 0
71 0.15 0.0819178
72 0.2 0.0917663
73 0.2 0.0917663
74 0.25 0.0993399
75 0.55 0.184605
76 0.35 0.109424
77 0.35 0.109424
78 0.2 0.0917663
79 0.1 0.0688247
80 0.15 0.0819178
81 0.1 0.0688247
82 0.05 0.05
83 0.15 0.0819178
84 0.2 0.0917663
85 0.1 0.0688247
86 0.15 0.0819178
87 0.05 0.05
88 0.05 0.05
89 0.1 0.0688247
90 0.05 0.05
91 0.25 0.12301
92 0.25 0.12301
93 0.2 0.11698
94 0.2 0.0917663
95 0.15 0.0819178
96 0.1 0.0688247
97 0.1 0.0688247
98 0.1 0.0688247
99 0.15 0.0819178
100 0.15 0.0819178
101 0.1 0.0688247
102 0.1 0.0688247
103 0.05 0.05
104 0.15 0.15
105 0.25 0.160181
106 0.25 0.12301
107 0.25 0.0993399
108 0.25 0.0993399
109 0.1 0.0688247
110 0.1 0.0688247
111 0.25 0.0993399
112 0.25 0.0993399
113 0.35 0.131289
114 0.3 0.127733
115 0.25 0.12301
116 0.15 0.0819178
117 0.15 0.0819178
118 0.15 0.0819178
119 0.1 0.0688247
120 0.1 0.0688247
121 0.15 0.0819178
122 0.15 0.0819178
123 0.15 0.0819178
124 0.25 0.0993399
125 0.25 0.0993399
126 0.25 0.0993399
127 0.2 0.0917663
128 0.3 0.105131
129 0.15 0.0819178
130 0.15 0.0819178
131 0.2 0.0917663
132 0.2 0.0917663
133 0.2 0.11698
134 0.15 0.0819178
135 0.15 0.0819178
136 0.15 0.0819178
137 0.15 0.0819178
138 0.1 0.0688247
139 0.05 0.05
140 0.2 0.0917663
141 0.15 0.0819178
142 0.15 0.0819178
143 0.1 0.0688247
144 0.1 0.0688247
145 0.1 0.0688247
146 0.1 0.0688247
147 0.15 0.0819178
148 0.2 0.0917663
149 0.25 0.0993399
150 0.15 0.0819178
151 0.1 0.0688247
152 0.2 0.0917663
153 0.05 0.05
154 0.05 0.05
155 0.25 0.0993399
156 0.2 0.0917663
157 0.35 0.109424
158 0.3 0.105131
159 0.25 0.0993399
160 0.25 0.0993399
161 0.25 0.0993399
162 0.3 0.105131
163 0.3 0.105131
164 0.25 0.0993399
165 0.2 0.0917663
166 0.2 0.0917663
167 0.15 0.0819178
168 0.25 0.12301
169 0.25 0.14281
170 0.3 0.146898
171 0.2 0.0917663
172 0.1 0.0688247
173 0 0
174 0 0
175 0.05 0.05
176 0.1 0.0688247
177 0.2 0.11698
178 0.2 0.11698
179 0.2 0.11698
180 0.15 0.109424
181 0.15 0.109424
182 0.15 0.109424
183 0.45 0.184605
184 0.3 0.163836
185 0.15 0.0819178
186 0.2 0.0917663
187 0.1 0.0688247
188 0.1 0.0688247
189 0.1 0.0688247
190 0.15 0.0819178
191 0.15 0.0819178
192 0.1 0.0688247
193 0.2 0.0917663
194 0.15 0.0819178
195 0.2 0.0917663
196 0.15 0.0819178
197 0.1 0.0688247
198 0.1 0.0688247
199 0.05 0.05
200 0.05 0.05
201 0.1 0.0688247
202 0.2 0.11698
203 0.3 0.127733
204 0.15 0.0819178
205 0.25 0.0993399
206 0.25 0.0993399
207 0.15 0.0819178
208 0.1 0.0688247
209 0.2 0.0917663
210 0.1 0.0688247
211 0.05 0.05
212 0.05 0.05
213 0.15 0.0819178
214 0.25 0.12301
215 0.2 0.0917663
216 0.2 0.0917663
217 0.2 0.0917663
218 0.1 0.0688247
219 0.1 0.0688247
220 0.15 0.0819178
221 0.1 0.0688247
222 0.1 0.0688247
223 0.15 0.0819178
224 0.15 0.0819178
225 0.1 0.0688247
226 0.1 0.0688247
227 0.15 0.0819178
228 0.2 0.0917663
229 0.2 0.0917663
230 0.2 0.0917663
231 0.05 0.05
232 0.1 0.0688247
233 0.15 0.109424
234 0.1 0.1
235 0.15 0.109424
236 0.2 0.11698
237 0.05 0.05
238 0.1 0.0688247
239 0.15 0.0819178
240 0.15 0.0819178
241 0.2 0.0917663
242 0.4 0.133771
243 0.3 0.105131
244 0.35 0.109424
245 0.3 0.127733
246 0.3 0.127733
247 0.4 0.133771
248 0.35 0.131289
249 0.35 0.131289
250 0.3 0.105131
251 0.3 0.127733
252 0.2 0.0917663
253 0.2 0.0917663
254 0.25 0.0993399
255 0.25 0.0993399
256 0.3 0.105131
257 0.1 0.0688247
258 0.25 0.12301
259 0.3 0.146898
260 0.3 0.127733
261 0.4 0.152177
262 0.2 0.0917663
263 0.15 0.0819178
264 0.2 0.0917663
265 0.25 0.0993399
266 0.2 0.0917663
267 0.15 0.0819178
268 0.25 0.0993399
269 0.25 0.0993399
270 0.3 0.105131
271 0.2 0.0917663
272 0.15 0.0819178
273 0.1 0.0688247
274 0.1 0.0688247
275 0.25 0.12301
276 0.25 0.0993399
277 0.35 0.109424
278 0.25 0.0993399
279 0.4 0.168585
280 0.4 0.133771
281 0.45 0.169752
282 0.35 0.131289
283 0.35 0.131289
284 0.25 0.12301
285 0.15 0.0819178
286 0.15 0.0819178
287 0.2 0.0917663
288 0.3 0.105131
289 0.35 0.109424
290 0.35 0.109424
291 0.25 0.0993399
292 0.3 0.127733
293 0.2 0.11698
294 0.3 0.146898
295 0.2 0.11698
296 0.1 0.0688247
297 0.3 0.127733
298 0.3 0.127733
299 0.25 0.12301
300 0.1 0.0688247
301 0.1 0.0688247
302 0.25 0.0993399
303 0.3 0.127733
304 0.3 0.127733
305 0.2 0.11698
306 0.2 0.0917663
307 0.3 0.105131
308 0.35 0.109424
309 0.25 0.0993399
310 0.4 0.11239
311 0.4 0.133771
312 0.3 0.127733
313 0.4 0.152177
314 0.3 0.105131
315 0.15 0.0819178
316 0.2 0.0917663
317 0.2 0.0917663
318 0.15 0.0819178
319 0.15 0.0819178
320 0.15 0.0819178
321 0.15 0.0819178
322 0.15 0.0819178
323 0.15 0.0819178
324 0.2 0.11698
325 0.25 0.12301
326 0.25 0.12301
327 0.45 0.153469
328 0.55 0.153469
329 0.45 0.135239
330 0.45 0.114133
331 0.45 0.135239
332 0.4 0.11239
333 0.3 0.105131
334 0.2 0.0917663
335 0.25 0.0993399
336 0.35 0.131289
337 0.3 0.105131
338 0.35 0.109424
339 0.25 0.0993399
340 0.25 0.0993399
341 0.25 0.0993399
342 0.3 0.105131
343 0.35 0.109424
344 0.35 0.109424
345 0.25 0.0993399
346 0.3 0.105131
347 0.3 0.127733
348 0.25 0.160181
349 0.4 0.168585
350 0.35 0.131289
351 0.25 0.12301
352 0.3 0.127733
353 0.2 0.0917663
354 0.3 0.127733
355 0.3 0.127733
356 0.3 0.127733
357 0.3 0.127733
358 0.2 0.11698
359 0.3 0.127733
360 0.35 0.15
361 0.35 0.15
362 0.55 0.135239
363 0.45 0.135239
364 0.45 0.135239
365 0.25 0.12301
366 0.35 0.15
367 0.2 0.0917663
368 0.25 0.0993399
369 0.2 0.0917663
370 0.15 0.0819178
371 0.05 0.05
372 0.1 0.0688247
373 0.15 0.0819178
374 0.2 0.0917663
375 0.25 0.0993399
376 0.25 0.0993399
377 0.25 0.0993399
378 0.15 0.0819178
379 0.25 0.12301
380 0.15 0.0819178
381 0.15 0.0819178
382 0.2 0.0917663
383 0.25 0.12301
384 0.25 0.0993399
385 0.2 0.0917663
386 0.3 0.105131
387 0.2 0.0917663
388 0.15 0.0819178
389 0.2 0.0917663
390 0.25 0.0993399
391 0.3 0.127733
392 0.4 0.133771
393 0.35 0.131289
394 0.3 0.127733
395 0.3 0.127733
396 0.35 0.166623
397 0.5 0.184961
398 0.35 0.131289
399 0.45 0.135239
400 0.5 0.135724
401 0.35 0.131289
402 0.4 0.152177
403 0.55 0.184605
404 0.35 0.15
405 0.35 0.15
406 0.35 0.15
407 0.35 0.15
408 0.3 0.146898
409 0.2 0.0917663
410 0.15 0.0819178
411 0.1 0.0688247
412 0.15 0.0819178
413 0.15 0.109424
414 0.15 0.0819178
415 0.2 0.0917663
416 0.1 0.0688247
417 0.2 0.0917663
418 0.25 0.0993399
419 0.2 0.0917663
420 0.1 0.0688247
421 0.15 0.0819178
422 0.1 0.0688247
423 0.1 0.0688247
424 0.05 0.05
425 0.05 0.05
426 0.1 0.0688247
427 0.3 0.105131
428 0.35 0.131289
429 0.25 0.12301
430 0.3 0.127733
431 0.25 0.12301
432 0.25 0.12301
433 0.15 0.109424
434 0.15 0.109424
435 0.2 0.11698
436 0.2 0.11698
437 0.25 0.12301
438 0.35 0.131289
439 0.3 0.127733
440 0.3 0.127733
441 0.25 0.12301
442 0.2 0.0917663
443 0.15 0.0819178
444 0.2 0.0917663
445 0.35 0.109424
446 0.2 0.0917663
447 0.3 0.105131
448 0.25 0.0993399
449 0.3 0.127733
450 0.2 0.0917663
451 0.25 0.0993399
452 0.2 0.0917663
453 0.2 0.0917663
454 0.25 0.0993399
455 0.2 0.0917663
456 0.3 0.127733
457 0.35 0.131289
458 0.4 0.11239
459 0.3 0.105131
460 0.4 0.133771
461 0.45 0.169752
462 0.55 0.184605
463 0.45 0.135239
464 0.3 0.105131
465 0.2 0.0917663
466 0.2 0.0917663
467 0.35 0.131289
468 0.3 0.127733
469 0.15 0.109424
470 0.2 0.11698
471 0.2 0.11698
472 0.3 0.127733
473 0.25 0.0993399
474 0.15 0.0819178
475 0.1 0.0688247
476 0.25 0.12301
477 0.25 0.12301
478 0.25 0.12301
479 0.25 0.12301
480 0.2 0.11698
481 0.15 0.0819178
482 0.25 0.0993399
483 0.35 0.131289
484 0.2 0.0917663
485 0.25 0.12301
486 0.3 0.127733
487 0.35 0.109424
488 0.3 0.127733
489 0.3 0.127733
490 0.2 0.11698
491 0.1 0.0688247
492 0.1 0.0688247
493 0.05 0.05
494 0.1 0.0688247
495 0.1 0.0688247
496 0.2 0.0917663
497 0.3 0.146898
498 0.2 0.11698
499 0.25 0.12301
500 0.3 0.146898
501 0.5 0.170139
502 0.55 0.2112
503 0.5 0.211511
504 0.45 0.2112
505 0.35 0.131289
506 0.45 0.169752
507 0.35 0.15
508 0.35 0.131289
509 0.35 0.15
510 0.4 0.168585
511 0.45 0.135239
512 0.35 0.131289
513 0.35 0.15
514 0.25 0.12301
515 0.35 0.166623
516 0.4 0.152177
517 0.3 0.127733
518 0.3 0.127733
519 0.25 0.0993399
520 0.35 0.166623
521 0.3 0.127733
522 0.25 0.12301
523 0.15 0.0819178
524 0.35 0.15
525 0.35 0.166623
526 0.35 0.15
527 0.25 0.12301
528 0.3 0.146898
529 0.25 0.14281
530 0.15 0.0819178
531 0.1 0.0688247
532 0.15 0.0819178
533 0.15 0.0819178
534 0.2 0.11698
535 0.2 0.0917663
536 0.2 0.0917663
537 0.2 0.11698
538 0.15 0.109424
539 0.15 0.0819178
540 0.15 0.0819178
541 0.2 0.11698
542 0.15 0.15
543 0.15 0.15
544 0.15 0.15
545 0.1 0.1
546 0.15 0.109424
547 0.15 0.109424
548 0.1 0.0688247
549 0.1 0.0688247
550 0.15 0.0819178
551 0.15 0.109424
552 0.15 0.0819178
553 0.2 0.0917663
554 0.25 0.12301
555 0.35 0.15
556 0.3 0.127733
557 0.35 0.15
558 0.4 0.152177
559 0.35 0.15
560 0.65 0.166623
561 0.65 0.166623
562 0.55 0.153469
563 0.45 0.169752
564 0.4 0.152177
565 0.3 0.127733
566 0.45 0.135239
567 0.45 0.135239
568 0.4 0.133771
569 0.5 0.135724
570 0.45 0.135239
571 0.5 0.114708
572 0.5 0.135724
573 0.5 0.153897
574 0.4 0.11239
575 0.4 0.152177
576 0.4 0.152177
577 0.35 0.131289
578 0.25 0.12301
579 0.35 0.15
580 0.35 0.15
581 0.35 0.15
582 0.3 0.127733
583 0.5 0.170139
584 0.35 0.109424
585 0.3 0.105131
586 0.25 0.0993399
587 0.2 0.0917663
588 0.15 0.0819178
589 0.15 0.0819178
590 0.1 0.0688247
591 0.15 0.0819178
592 0.1 0.0688247
593 0.2 0.0917663
594 0.15 0.0819178
595 0.15 0.0819178
596 0.25 0.0993399
597 0.15 0.0819178
598 0.15 0.0819178
599 0.15 0.0819178
600 0.2 0.0917663
601 0.15 0.0819178
602 0.1 0.0688247
603 0.2 0.0917663
604 0.2 0.0917663
605 0.15 0.0819178
606 0.2 0.0917663
607 0.25 0.0993399
608 0.4 0.11239
609 0.25 0.0993399
610 0.35 0.15
611 0.2 0.137649
612 0.2 0.137649
613 0.15 0.109424
614 0.3 0.146898
615 0.35 0.15
616 0.35 0.15
617 0.3 0.105131
618 0.25 0.0993399
619 0.25 0.0993399
620 0.25 0.0993399
621 0.2 0.0917663
622 0.2 0.0917663
623 0.2 0.0917663
624 0.1 0.0688247
625 0.25 0.12301
626 0.2 0.11698
627 0.15 0.0819178
628 0.25 0.12301
629 0.25 0.12301
630 0.25 0.0993399
631 0.25 0.0993399
632 0.05 0.05
633 0.1 0.0688247
634 0.25 0.0993399
635 0.1 0.0688247
636 0.2 0.0917663
637 0.25 0.0993399
638 0.3 0.105131
639 0.4 0.11239
640 0.45 0.135239
641 0.4 0.11239
642 0.35 0.109424
643 0.3 0.105131
644 0.2 0.0917663
645 0.2 0.0917663
646 0.25 0.12301
647 0.25 0.14281
648 0.4 0.133771
649 0.45 0.135239
650 0.45 0.114133
651 0.35 0.109424
652 0.4 0.11239
653 0.3 0.105131
654 0.3 0.105131
655 0.3 0.105131
656 0.35 0.131289
657 0.35 0.131289
658 0.3 0.127733
659 0.2 0.11698
660 0.2 0.11698
661 0.3 0.163836
662 0.25 0.0993399
663 0.25 0.0993399
664 0.25 0.0993399
665 0.2 0.11698
666 0.2 0.0917663
667 0.25 0.0993399
668 0.2 0.0917663
669 0.4 0.152177
670 0.35 0.15
671 0.4 0.152177
672 0.4 0.152177
673 0.4 0.152177
674 0.35 0.131289
675 0.4 0.152177
676 0.35 0.109424
677 0.4 0.11239
678 0.4 0.11239
679 0.25 0.0993399
680 0.35 0.109424
681 0.2 0.0917663
682 0.1 0.0688247
683 0.25 0.0993399
684 0.2 0.0917663
685 0.25 0.0993399
686 0.3 0.105131
687 0.25 0.0993399
688 0.2 0.0917663
689 0.25 0.0993399
690 0.3 0.105131
691 0.4 0.11239
692 0.35 0.109424
693 0.3 0.105131
694 0.3 0.105131
695 0.15 0.0819178
696 0.3 0.127733
697 0.3 0.127733
698 0.2 0.0917663
699 0.1 0.0688247
700 0.1 0.0688247
701 0.15 0.0819178
702 0.3 0.127733
703 0.4 0.152177
704 0.45 0.153469
705 0.4 0.133771
706 0.35 0.131289
707 0.45 0.153469
708 0.45 0.135239
709 0.4 0.133771
710 0.4 0.11239
711 0.35 0.109424
712 0.25 0.0993399
713 0.2 0.0917663
714 0.25 0.0993399
715 0.15 0.0819178
716 0.05 0.05
717 0.25 0.0993399
718 0.15 0.0819178
719 0.2 0.0917663
720 0.1 0.0688247
721 0.1 0.0688247
722 0.15 0.0819178
723 0.15 0.0819178
724 0.2 0.0917663
725 0.3 0.127733
726 0.3 0.105131
727 0.25 0.0993399
728 0.1 0.0688247
729 0.25 0.12301
730 0.2 0.11698
731 0.2 0.11698
732 0.15 0.109424
733 0.15 0.0819178
734 0.15 0.0819178
735 0.15 0.0819178
736 0.1 0.0688247
737 0.05 0.05
738 0.05 0.05
739 0 0
740 0 0
741 0.05 0.05
742 0.15 0.0819178
743 0.25 0.0993399
744 0.3 0.127733
745 0.25 0.0993399
746 0.35 0.109424
747 0.2 0.0917663
748 0.3 0.105131
749 0.35 0.109424
750 0.45 0.135239
751 0.35 0.131289
752 0.2 0.0917663
753 0.2 0.0917663
754 0.2 0.0917663
755 0.35 0.15
756 0.5 0.170139
757 0.45 0.153469
758 0.5 0.153897
759 0.4 0.11239
760 0.3 0.105131
761 0.35 0.109424
762 0.4 0.11239
763 0.25 0.0993399
764 0.25 0.0993399
765 0.3 0.105131
766 0.35 0.109424
767 0.35 0.109424
768 0.3 0.105131
769 0.45 0.135239
770 0.3 0.127733
771 0.25 0.0993399
772 0.35 0.131289
773 0.2 0.11698
774 0.25 0.0993399
775 0.3 0.127733
776 0.35 0.109424
777 0.45 0.135239
778 0.55 0.135239
779 0.5 0.114708
780 0.35 0.131289
781 0.35 0.131289
782 0.2 0.0917663
783 0.35 0.109424
784 0.35 0.131289
785 0.25 0.12301
786 0.3 0.127733
787 0.3 0.105131
788 0.2 0.0917663
789 0.25 0.0993399
790 0.2 0.0917663
791 0.35 0.131289
792 0.3 0.105131
793 0.25 0.0993399
794 0.35 0.109424
795 0.35 0.109424
796 0.4 0.133771
797 0.35 0.109424
798 0.5 0.114708
799 0.3 0.105131
800 0.3 0.105131
801 0.3 0.146898
802 0.2 0.0917663
803 0.2 0.0917663
804 0.2 0.0917663
805 0.3 0.127733
806 0.45 0.135239
807 0.25 0.0993399
808 0.2 0.0917663
809 0.15 0.0819178
810 0.15 0.0819178
811 0.15 0.0819178
812 0.2 0.0917663
813 0.2 0.0917663
814 0.15 0.0819178
815 0.15 0.0819178
816 0.2 0.11698
817 0.15 0.0819178
818 0.25 0.0993399
819 0.2 0.0917663
820 0.2 0.0917663
821 0.3 0.127733
822 0.25 0.12301
823 0.25 0.12301
824 0.2 0.11698
825 0.2 0.11698
826 0.25 0.0993399
827 0.2 0.0917663
828 0.05 0.05
829 0.05 0.05
830 0.1 0.0688247
831 0.3 0.105131
832 0.5 0.114708
833 0.45 0.114133
834 0.55 0.135239
835 0.65 0.208693
836 0.6 0.168585
837 0.45 0.135239
838 0.45 0.114133
839 0.4 0.11239
840 0.2 0.0917663
841 0.2 0.0917663
842 0.15 0.0819178
843 0.2 0.0917663
844 0.2 0.0917663
845 0.2 0.0917663
846 0.25 0.0993399
847 0.15 0.0819178
848 0.1 0.0688247
849 0.15 0.0819178
850 0.35 0.131289
851 0.3 0.105131
852 0.35 0.109424
853 0.3 0.105131
854 0.35 0.131289
855 0.2 0.0917663
856 0.2 0.0917663
857 0.15 0.0819178
858 0.1 0.0688247
859 0.1 0.0688247
860 0.05 0.05
861 0.15 0.109424
862 0.1 0.1
863 0.15 0.109424
864 0.2 0.11698
865 0.15 0.109424
866 0.15 0.109424
867 0.25 0.0993399
868 0.2 0.0917663
869 0.2 0.0917663
870 0.3 0.105131
871 0.4 0.11239
872 0.4 0.11239
873 0.3 0.105131
874 0.25 0.0993399
875 0.2 0.0917663
876 0.2 0.0917663
877 0.2 0.0917663
878 0.2 0.0917663
879 0.2 0.0917663
880 0.25 0.0993399
881 0.25 0.0993399
882 0.25 0.12301
883 0.2 0.0917663
884 0.3 0.105131
885 0.3 0.127733
886 0.25 0.12301
887 0.3 0.127733
888 0.25 0.12301
889 0.35 0.15
890 0.2 0.0917663
891 0.3 0.179179
892 0.2 0.11698
893 0.2 0.11698
894 0.25 0.12301
895 0.25 0.12301
896 0.3 0.163836
897 0.2 0.11698
898 0.2 0.11698
899 0.25 0.12301
900 0.3 0.105131
901 0.3 0.105131
902 0.5 0.153897
903 0.45 0.135239
904 0.4 0.11239
905 0.35 0.15
906 0.15 0.0819178
907 0.15 0.0819178
908 0.15 0.0819178
909 0.15 0.0819178
910 0.15 0.0819178
911 0.1 0.0688247
912 0.05 0.05
913 0.15 0.0819178
914 0.2 0.0917663
915 0.1 0.0688247
916 0.15 0.109424
917 0.15 0.109424
918 0.25 0.175844
919 0.3 0.179179
920 0.3 0.179179
921 0.4 0.183533
922 0.35 0.166623
923 0.25 0.160181
924 0.2 0.155597
925 0.2 0.155597
926 0.2 0.155597
927 0.25 0.160181
928 0.2 0.11698
929 0.2 0.11698
930 0.2 0.11698
931 0.2 0.11698
932 0.25 0.0993399
933 0.25 0.0993399
934 0.25 0.12301
935 0.3 0.146898
936 0.35 0.166623
937 0.35 0.181731
938 0.35 0.131289
939 0.35 0.15
940 0.35 0.15
941 0.25 0.12301
942 0.25 0.12301
943 0.25 0.12301
944 0.3 0.127733
945 0.2 0.0917663
946 0.2 0.0917663
947 0.25 0.0993399
948 0.3 0.105131
949 0.35 0.109424
950 0.45 0.114133
951 0.35 0.109424
952 0.2 0.0917663
953 0.2 0.0917663
954 0.25 0.0993399
955 0.35 0.109424
956 0.3 0.105131
957 0.3 0.105131
958 0.2 0.0917663
959 0.25 0.0993399
960 0.15 0.0819178
961 0.25 0.12301
962 0.3 0.146898
963 0.2 0.11698
964 0.2 0.11698
965 0.1 0.0688247
966 0.1 0.0688247
967 0.3 0.105131
968 0.35 0.131289
969 0.3 0.127733
970 0.3 0.127733
971 0.3 0.127733
972 0.25 0.12301
973 0.25 0.12301
974 0.25 0.12301
975 0.25 0.160181
976 0.3 0.105131
977 0.35 0.131289
978 0.2 0.0917663
979 0.2 0.0917663
980 0.25 0.0993399
981 0.25 0.0993399
982 0.25 0.0993399
983 0.25 0.0993399
984 0.2 0.11698
985 0.1 0.0688247
986 0.05 0.05
987 0.15 0.0819178
988 0.15 0.0819178
989 0.25 0.0993399
990 0.2 0.0917663
991 0.1 0.0688247
992 0.1 0.0688247
993 0.2 0.0917663
994 0.2 0.0917663
995 0.25 0.0993399
996 0.1 0.0688247
997 0.1 0.0688247
998 0.1 0.0688247
999 0.05 0.05
1000 0.05 0.05
1001 0.1 0.0688247
1002 0.2 0.0917663
1003 0.2 0.0917663
1004 0.25 0.0993399
1005 0.25 0.0993399
1006 0.25 0.12301
1007 0.2 0.11698
1008 0.25 0.0993399
1009 0.3 0.105131
1010 0.35 0.109424
1011 0.35 0.109424
1012 0.4 0.152177
1013 0.45 0.184605
1014 0.35 0.131289
1015 0.4 0.133771
1016 0.35 0.131289
1017 0.35 0.166623
1018 0.3 0.127733
1019 0.4 0.152177
1020 0.4 0.152177
1021 0.4 0.133771
1022 0.35 0.131289
1023 0.25 0.0993399
1024 0.25 0.0993399
1025 0.3 0.105131
1026 0.25 0.0993399
1027 0.25 0.0993399
1028 0.25 0.12301
1029 0.25 0.12301
1030 0.15 0.0819178
1031 0.2 0.0917663
1032 0.2 0.0917663
1033 0.15 0.0819178
1034 0.15 0.0819178
1035 0.2 0.0917663
1036 0.3 0.127733
1037 0.35 0.15
1038 0.25 0.12301
1039 0.25 0.12301
1040 0.3 0.127733
1041 0.3 0.127733
1042 0.25 0.12301
1043 0.2 0.0917663
1044 0.15 0.0819178
1045 0.05 0.05
1046 0.05 0.05
1047 0.15 0.109424
1048 0.3 0.146898
1049 0.4 0.152177
1050 0.4 0.152177
1051 0.35 0.131289
1052 0.3 0.105131
1053 0.4 0.11239
1054 0.3 0.105131
1055 0.35 0.131289
1056 0.3 0.127733
1057 0.3 0.127733
1058 0.3 0.127733
1059 0.25 0.12301
1060 0.25 0.0993399
1061 0.25 0.0993399
1062 0.25 0.0993399
1063 0.2 0.0917663
1064 0.3 0.105131
1065 0.4 0.133771
1066 0.4 0.152177
1067 0.2 0.11698
1068 0.2 0.0917663
1069 0.25 0.12301
1070 0.3 0.127733
1071 0.25 0.0993399
1072 0.15 0.0819178
1073 0.15 0.109424
1074 0.2 0.137649
1075 0.15 0.0819178
1076 0.15 0.0819178
1077 0.15 0.0819178
1078 0.2 0.0917663
1079 0.2 0.0917663
1080 0.25 0.0993399
1081 0.35 0.109424
1082 0.3 0.105131
1083 0.2 0.0917663
1084 0.2 0.0917663
1085 0.2 0.0917663
1086 0.05 0.05
1087 0.05 0.05
1088 0.2 0.0917663
1089 0.2 0.0917663
1090 0.25 0.0993399
1091 0.25 0.0993399
1092 0.1 0.0688247
1093 0.1 0.0688247
1094 0.2 0.0917663
1095 0.2 0.0917663
1096 0.2 0.0917663
1097 0.1 0.0688247
1098 0.2 0.0917663
1099 0.05 0.05
1100 0.1 0.0688247
1101 0.15 0.0819178
1102 0.2 0.0917663
1103 0.2 0.0917663
1104 0.1 0.0688247
1105 0.2 0.0917663
1106 0.1 0.0688247
1107 0.15 0.0819178
1108 0.2 0.0917663
1109 0.25 0.0993399
1110 0.2 0.0917663
1111 0.2 0.0917663
1112 0.15 0.0819178
1113 0.15 0.0819178
1114 0.15 0.0819178
1115 0.2 0.0917663
1116 0.2 0.0917663
1117 0.15 0.0819178
1118 0.2 0.0917663
1119 0.2 0.0917663
1120 0.25 0.12301
1121 0.2 0.0917663
1122 0.2 0.0917663
1123 0.25 0.0993399
1124 0.2 0.0917663
1125 0.25 0.12301
1126 0.3 0.127733
1127 0.25 0.12301
1128 0.2 0.0917663
1129 0.2 0.0917663
1130 0.2 0.11698
1131 0.15 0.109424
1132 0.1 0.0688247
1133 0.1 0.0688247
1134 0.2 0.11698
1135 0.15 0.0819178
1136 0.15 0.0819178
1137 0.05 0.05
1138 0.05 0.05
1139 0.05 0.05
1140 0.15 0.0819178
1141 0.25 0.0993399
1142 0.25 0.0993399
1143 0.2 0.0917663
1144 0.2 0.0917663
1145 0.2 0.0917663
1146 0.15 0.0819178
1147 0.15 0.0819178
1148 0.1 0.0688247
1149 0.05 0.05
1150 0.05 0.05
1151 0.15 0.109424
1152 0.25 0.12301
1153 0.3 0.146898
1154 0.2 0.11698
1155 0.25 0.12301
1156 0.2 0.0917663
1157 0.15 0.0819178
1158 0.2 0.0917663
1159 0.2 0.0917663
1160 0.2 0.0917663
1161 0.15 0.0819178
1162 0.15 0.0819178
1163 0.2 0.0917663
1164 0.05 0.05
1165 0.05 0.05
1166 0.15 0.0819178
1167 0.1 0.0688247
1168 0.2 0.0917663
1169 0.2 0.0917663
1170 0.2 0.0917663
1171 0.25 0.0993399
1172 0.2 0.0917663
1173 0.25 0.12301
1174 0.2 0.0917663
1175 0.2 0.0917663
1176 0.2 0.0917663
1177 0.3 0.146898
1178 0.15 0.0819178
1179 0.15 0.0819178
1180 0.2 0.0917663
1181 0.1 0.0688247
1182 0.1 0.0688247
1183 0.1 0.0688247
1184 0.05 0.05
1185 0.1 0.0688247
1186 0.1 0.0688247
1187 0.05 0.05
1188 0.05 0.05
1189 0 0
1190 0.05 0.05
1191 0.05 0.05
1192 0.1 0.0688247
1193 0.05 0.05
1194 0.05 0.05
1195 0.15 0.0819178
1196 0.3 0.146898
1197 0.3 0.146898
1198 0.2 0.11698
1199 0.15 0.0819178
1200 0.25 0.0993399
1201 0.25 0.0993399
1202 0.15 0.0819178
1203 0.1 0.0688247
1204 0.1 0.0688247
1205 0.15 0.0819178
1206 0.2 0.0917663
1207 0.15 0.0819178
1208 0.1 0.0688247
1209 0.3 0.127733
1210 0.15 0.109424
1211 0.1 0.0688247
1212 0.2 0.11698
1213 0.1 0.0688247
1214 0.1 0.0688247
1215 0.1 0.0688247
1216 0.15 0.0819178
1217 0.2 0.0917663
1218 0.25 0.0993399
1219 0.2 0.0917663
1220 0.2 0.0917663
1221 0.3 0.127733
1222 0.25 0.0993399
1223 0.3 0.105131
1224 0.3 0.105131
1225 0.35 0.109424
1226 0.45 0.135239
1227 0.35 0.131289
1228 0.35 0.109424
1229 0.3 0.105131
1230 0.2 0.0917663
1231 0.3 0.105131
1232 0.15 0.0819178
1233 0.2 0.0917663
1234 0.4 0.133771
1235 0.35 0.131289
1236 0.35 0.109424
1237 0.4 0.11239
1238 0.3 0.105131
1239 0.25 0.0993399
1240 0.25 0.0993399
1241 0.25 0.0993399
1242 0.1 0.0688247
1243 0.1 0.0688247
1244 0.15 0.0819178
1245 0.15 0.0819178
1246 0.25 0.12301
1247 0.1 0.0688247
1248 0.05 0.05
1249 0 0
1250 0.1 0.0688247
1251 0.15 0.0819178
1252 0.15 0.0819178
1253 0.35 0.131289
1254 0.3 0.127733
1255 0.35 0.166623
1256 0.4 0.133771
1257 0.4 0.152177
1258 0.4 0.152177
1259 0.35 0.131289
1260 0.3 0.127733
1261 0.3 0.127733
1262 0.4 0.133771
1263 0.35 0.131289
1264 0.25 0.0993399
1265 0.25 0.0993399
1266 0.15 0.0819178
1267 0.3 0.127733
1268 0.25 0.12301
1269 0.25 0.12301
1270 0.25 0.12301
1271 0.2 0.11698
1272 0.25 0.12301
1273 0.2 0.0917663
1274 0.3 0.105131
1275 0.2 0.0917663
1276 0.3 0.105131
1277 0.3 0.105131
1278 0.2 0.0917663
1279 0.3 0.105131
1280 0.4 0.11239
1281 0.4 0.11239
1282 0.25 0.0993399
1283 0.2 0.11698
1284 0.25 0.12301
1285 0.2 0.0917663
1286 0.25 0.0993399
1287 0.25 0.0993399
1288 0.15 0.0819178
1289 0.05 0.05
1290 0.05 0.05
1291 0.05 0.05
1292 0.1 0.0688247
1293 0.1 0.0688247
1294 0.15 0.0819178
1295 0.2 0.0917663
1296 0.15 0.0819178
1297 0.2 0.11698
1298 0.25 0.12301
1299 0.2 0.0917663
1300 0.05 0.05
1301 0.15 0.109424
1302 0.2 0.0917663
1303 0.25 0.0993399
1304 0.35 0.109424
1305 0.35 0.109424
1306 0.35 0.131289
1307 0.3 0.127733
1308 0.25 0.0993399
1309 0.35 0.131289
1310 0.35 0.131289
1311 0.4 0.133771
1312 0.35 0.131289
1313 0.35 0.109424
1314 0.3 0.105131
1315 0.3 0.105131
1316 0.2 0.0917663
1317 0.2 0.0917663
1318 0.1 0.0688247
1319 0.1 0.0688247
1320 0.1 0.0688247
1321 0.15 0.0819178
1322 0.05 0.05
1323 0.05 0.05
1324 0.1 0.0688247
1325 0.05 0.05
1326 0.05 0.05
1327 0.1 0.0688247
1328 0.1 0.0688247
1329 0.2 0.0917663
1330 0.15 0.0819178
1331 0.3 0.105131
1332 0.3 0.105131
1333 0.2 0.0917663
1334 0.1 0.0688247
1335 0.15 0.0819178
1336 0.2 0.0917663
1337 0.15 0.0819178
1338 0.1 0.0688247
1339 0.1 0.0688247
1340 0.2 0.0917663
1341 0.25 0.0993399
1342 0.25 0.0993399
1343 0.25 0.0993399
1344 0.2 0.0917663
1345 0.15 0.0819178
1346 0.1 0.0688247
1347 0.1 0.0688247
1348 0.2 0.0917663
1349 0.25 0.0993399
1350 0.25 0.0993399
1351 0.3 0.105131
1352 0.35 0.15
1353 0.25 0.0993399
1354 0.3 0.127733
1355 0.3 0.127733
1356 0.2 0.11698
1357 0.2 0.11698
1358 0.2 0.11698
1359 0.1 0.0688247
1360 0.15 0.0819178
1361 0.3 0.105131
1362 0.2 0.0917663
1363 0.25 0.0993399
1364 0.2 0.0917663
1365 0.2 0.0917663
1366 0.2 0.0917663
1367 0.1 0.0688247
1368 0.1 0.0688247
1369 0.15 0.0819178
1370 0.2 0.0917663
1371 0.15 0.0819178
1372 0.1 0.0688247
1373 0.3 0.105131
1374 0.4 0.11239
1375 0.4 0.11239
1376 0.4 0.133771
1377 0.3 0.105131
1378 0.35 0.131289
1379 0.3 0.127733
1380 0.2 0.0917663
1381 0.15 0.0819178
1382 0.15 0.0819178
1383 0.15 0.109424
1384 0.1 0.0688247
1385 0.05 0.05
1386 0.1 0.0688247
1387 0.05 0.05
1388 0.15 0.0819178
1389 0.1 0.0688247
1390 0.25 0.0993399
1391 0.25 0.0993399
1392 0.3 0.105131
1393 0.3 0.105131
1394 0.25 0.0993399
1395 0.3 0.127733
1396 0.15 0.0819178
1397 0.2 0.0917663
1398 0.2 0.0917663
1399 0.2 0.0917663
1400 0.3 0.105131
1401 0.4 0.133771
1402 0.4 0.11239
1403 0.4 0.11239
1404 0.3 0.105131
1405 0.25 0.12301
1406 0.2 0.11698
1407 0.25 0.0993399
1408 0.2 0.0917663
1409 0.2 0.0917663
1410 0.2 0.0917663
1411 0.2 0.0917663
1412 0.15 0.0819178
1413 0.25 0.0993399
1414 0.35 0.109424
1415 0.35 0.109424
1416 0.25 0.0993399
1417 0.2 0.0917663
1418 0.3 0.105131
1419 0.35 0.109424
1420 0.35 0.109424
1421 0.3 0.105131
1422 0.25 0.0993399
1423 0.2 0.0917663
1424 0.25 0.0993399
1425 0.3 0.105131
1426 0.3 0.127733
1427 0.5 0.153897
1428 0.4 0.133771
1429 0.4 0.133771
1430 0.45 0.153469
1431 0.35 0.109424
1432 0.25 0.0993399
1433 0.15 0.0819178
1434 0.3 0.105131
1435 0.2 0.0917663
1436 0.15 0.0819178
1437 0.3 0.105131
1438 0.45 0.135239
1439 0.4 0.11239
1440 0.15 0.0819178
1441 0.25 0.0993399
1442 0.2 0.0917663
1443 0.25 0.12301
1444 0.25 0.0993399
1445 0.2 0.0917663
1446 0.3 0.105131
1447 0.45 0.114133
1448 0.4 0.11239
1449 0.45 0.114133
1450 0.3 0.105131
1451 0.35 0.131289
1452 0.3 0.127733
1453 0.25 0.12301
1454 0.15 0.0819178
1455 0.1 0.0688247
1456 0.15 0.0819178
1457 0.15 0.0819178
1458 0.2 0.0917663
1459 0.3 0.127733
1460 0.25 0.12301
1461 0.25 0.12301
1462 0.3 0.127733
1463 0.35 0.131289
1464 0.4 0.133771
1465 0.4 0.133771
1466 0.45 0.153469
1467 0.3 0.127733
1468 0.3 0.127733
1469 0.3 0.105131
1470 0.25 0.0993399
1471 0.1 0.0688247
1472 0.05 0.05
1473 0.05 0.05
1474 0.1 0.0688247
1475 0.25 0.0993399
1476 0.25 0.0993399
1477 0.25 0.0993399
1478 0.35 0.109424
1479 0.25 0.0993399
1480 0.3 0.163836
1481 0.25 0.12301
1482 0.3 0.127733
1483 0.3 0.127733
1484 0.3 0.127733
1485 0.4 0.133771
1486 0.4 0.152177
1487 0.35 0.15
1488 0.35 0.131289
1489 0.4 0.133771
1490 0.35 0.131289
1491 0.4 0.133771
1492 0.35 0.131289
1493 0.15 0.109424
1494 0.2 0.11698
1495 0.15 0.109424
1496 0.4 0.152177
1497 0.45 0.153469
1498 0.5 0.135724
1499 0.35 0.109424
1500 0.4 0.11239
1501 0.3 0.105131
1502 0.3 0.163836
1503 0.3 0.127733
1504 0.3 0.127733
1505 0.35 0.131289
1506 0.35 0.131289
1507 0.45 0.153469
1508 0.45 0.153469
1509 0.45 0.153469
1510 0.2 0.0917663
1511 0.2 0.0917663
1512 0.15 0.0819178
1513 0.3 0.105131
1514 0.35 0.131289
1515 0.4 0.133771
1516 0.45 0.135239
1517 0.2 0.0917663
1518 0.25 0.0993399
1519 0.25 0.0993399
1520 0.35 0.131289
1521 0.35 0.166623
1522 0.2 0.155597
1523 0.25 0.12301
1524 0.2 0.11698
1525 0.25 0.12301
1526 0.1 0.1
1527 0.2 0.11698
1528 0.2 0.11698
1529 0.25 0.12301
1530 0.2 0.11698
1531 0.2 0.11698
1532 0.2 0.11698
1533 0.2 0.0917663
1534 0.25 0.0993399
1535 0.15 0.0819178
1536 0.1 0.0688247
1537 0.1 0.0688247
1538 0.1 0.0688247
1539 0.15 0.109424
1540 0.05 0.05
1541 0.05 0.05
1542 0.05 0.05
1543 0.05 0.05
1544 0.05 0.05
1545 0.05 0.05
1546 0.1 0.0688247
1547 0.05 0.05
1548 0.05 0.05
1549 0.05 0.05
1550 0.05 0.05
1551 0.15 0.0819178
1552 0.15 0.0819178
1553 0.25 0.0993399
1554 0.25 0.12301
1555 0.35 0.131289
1556 0.3 0.127733
1557 0.3 0.127733
1558 0.15 0.0819178
1559 0.15 0.0819178
1560 0.25 0.12301
1561 0.35 0.131289
1562 0.35 0.166623
1563 0.3 0.127733
1564 0.3 0.127733
1565 0.3 0.105131
1566 0.3 0.105131
1567 0.25 0.0993399
1568 0.25 0.0993399
1569 0.3 0.105131
1570 0.25 0.0993399
1571 0.3 0.127733
1572 0.25 0.12301
1573 0.25 0.12301
1574 0.3 0.127733
1575 0.2 0.0917663
1576 0.15 0.0819178
1577 0.1 0.0688247
1578 0.2 0.0917663
1579 0.15 0.0819178
1580 0.2 0.0917663
1581 0.35 0.166623
1582 0.25 0.12301
1583 0.2 0.0917663
1584 0.25 0.0993399
1585 0.35 0.131289
1586 0.3 0.127733
1587 0.35 0.131289
1588 0.2 0.0917663
1589 0.2 0.0917663
1590 0.35 0.131289
1591 0.3 0.105131
1592 0.15 0.0819178
1593 0.15 0.0819178
1594 0.15 0.0819178
1595 0.15 0.0819178
1596 0.15 0.0819178
1597 0.25 0.0993399
1598 0.25 0.12301
1599 0.2 0.0917663
1600 0.2 0.0917663
1601 0.1 0.0688247
1602 0.15 0.0819178
1603 0.25 0.0993399
1604 0.2 0.0917663
1605 0.1 0.0688247
1606 0.15 0.0819178
1607 0.2 0.0917663
1608 0.2 0.0917663
1609 0.25 0.0993399
1610 0.2 0.0917663
1611 0.1 0.0688247
1612 0.1 0.0688247
1613 0.15 0.0819178
1614 0.1 0.0688247
1615 0.05 0.05
1616 0.15 0.0819178
1617 0.05 0.05
1618 0.1 0.0688247
1619 0.15 0.0819178
1620 0.1 0.0688247
1621 0.2 0.11698
1622 0.05 0.05
1623 0.1 0.0688247
1624 0.1 0.0688247
1625 0.1 0.0688247
1626 0.15 0.0819178
1627 0.1 0.0688247
1628 0.1 0.0688247
1629 0.1 0.0688247
1630 0.1 0.0688247
1631 0.05 0.05
1632 0.05 0.05
1633 0.05 0.05
1634 0.05 0.05
1635 0.1 0.0688247
1636 0.15 0.0819178
1637 0.2 0.0917663
1638 0.15 0.0819178
1639 0.05 0.05
1640 0.05 0.05
1641 0.15 0.0819178
1642 0.2 0.0917663
1643 0.2 0.0917663
1644 0.25 0.12301
1645 0.2 0.0917663
1646 0.1 0.0688247
1647 0.2 0.0917663
1648 0.3 0.127733
1649 0.25 0.12301
1650 0.25 0.12301
1651 0.25 0.12301
1652 0.25 0.12301
1653 0.45 0.169752
1654 0.45 0.153469
1655 0.4 0.133771
1656 0.5 0.135724
1657 0.35 0.109424
1658 0.2 0.11698
1659 0.1 0.0688247
1660 0.05 0.05
1661 0.05 0.05
1662 0.05 0.05
1663 0.2 0.0917663
1664 0.15 0.0819178
1665 0.4 0.133771
1666 0.5 0.153897
1667 0.5 0.153897
1668 0.5 0.153897
1669 0.45 0.135239
1670 0.4 0.133771
1671 0.4 0.133771
1672 0.45 0.135239
1673 0.45 0.114133
1674 0.5 0.114708
1675 0.5 0.135724
1676 0.45 0.114133
1677 0.45 0.114133
1678 0.3 0.105131
1679 0.35 0.131289
1680 0.35 0.131289
1681 0.45 0.153469
1682 0.55 0.169752
1683 0.5 0.153897
1684 0.4 0.133771
1685 0.25 0.0993399
1686 0.2 0.0917663
1687 0.25 0.12301
1688 0.2 0.0917663
1689 0.25 0.0993399
1690 0.35 0.131289
1691 0.25 0.0993399
1692 0.15 0.0819178
1693 0.05 0.05
1694 0.15 0.0819178
1695 0.25 0.14281
1696 0.25 0.14281
1697 0.2 0.11698
1698 0.15 0.109424
1699 0.25 0.12301
1700 0.25 0.14281
1701 0.25 0.12301
1702 0.35 0.15
1703 0.4 0.152177
1704 0.4 0.152177
1705 0.25 0.0993399
1706 0.15 0.0819178
1707 0.15 0.0819178
1708 0.25 0.12301
1709 0.15 0.0819178
1710 0.15 0.0819178
1711 0.1 0.0688247
1712 0.1 0.0688247
1713 0.1 0.0688247
1714 0.05 0.05
1715 0.1 0.0688247
1716 0.15 0.0819178
1717 0.2 0.0917663
1718 0.15 0.109424
1719 0.1 0.0688247
1720 0.1 0.0688247
1721 0.1 0.0688247
1722 0.1 0.1
1723 0.15 0.0819178
1724 0.15 0.0819178
1725 0.2 0.0917663
1726 0.25 0.12301
1727 0.25 0.12301
1728 0.15 0.0819178
1729 0.2 0.11698
1730 0.15 0.0819178
1731 0.15 0.0819178
1732 0.25 0.0993399
1733 0.3 0.105131
1734 0.25 0.0993399
1735 0.3 0.146898
1736 0.3 0.146898
1737 0.25 0.12301
1738 0.25 0.12301
1739 0.25 0.12301
1740 0.25 0.12301
1741 0.15 0.0819178
1742 0.1 0.0688247
1743 0.1 0.0688247
1744 0.15 0.0819178
1745 0.1 0.0688247
1746 0.1 0.0688247
1747 0.15 0.0819178
1748 0.2 0.0917663
1749 0.25 0.0993399
1750 0.3 0.127733
1751 0.25 0.0993399
1752 0.2 0.0917663
1753 0.2 0.0917663
1754 0.2 0.0917663
1755 0.2 0.0917663
1756 0.2 0.0917663
1757 0.2 0.11698
1758 0.2 0.11698
1759 0.35 0.166623
1760 0.35 0.181731
1761 0.25 0.12301
1762 0.1 0.0688247
1763 0.05 0.05
1764 0.05 0.05
1765 0.1 0.0688247
1766 0.15 0.0819178
1767 0.2 0.11698
1768 0.15 0.0819178
1769 0.25 0.0993399
1770 0.15 0.0819178
1771 0.15 0.0819178
1772 0.1 0.0688247
1773 0.15 0.0819178
1774 0.25 0.0993399
1775 0.25 0.0993399
1776 0.3 0.105131
1777 0.25 0.0993399
1778 0.2 0.0917663
1779 0.2 0.0917663
1780 0.2 0.0917663
1781 0.2 0.11698
1782 0.25 0.12301
1783 0.35 0.131289
1784 0.35 0.131289
1785 0.3 0.127733
1786 0.15 0.109424
1787 0.25 0.12301
1788 0.1 0.0688247
1789 0.1 0.0688247
1790 0 0
1791 0.05 0.05
1792 0.1 0.1
1793 0.15 0.0819178
1794 0.25 0.0993399
1795 0.3 0.105131
1796 0.2 0.0917663
1797 0.15 0.0819178
1798 0.15 0.0819178
1799 0.15 0.0819178
1800 0.15 0.0819178
1801 0.3 0.105131
1802 0.15 0.0819178
1803 0.25 0.0993399
1804 0.25 0.12301
1805 0.3 0.127733
1806 0.25 0.12301
1807 0.35 0.131289
1808 0.35 0.131289
1809 0.35 0.15
1810 0.3 0.127733
1811 0.3 0.127733
1812 0.2 0.0917663
1813 0.15 0.0819178
1814 0.2 0.0917663
1815 0.15 0.0819178
1816 0.15 0.0819178
1817 0.1 0.0688247
1818 0.15 0.0819178
1819 0.15 0.0819178
1820 0.1 0.0688247
1821 0.05 0.05
1822 0.1 0.0688247
1823 0.1 0.0688247
1824 0.05 0.05
1825 0.1 0.0688247
1826 0.1 0.0688247
1827 0.1 0.0688247
1828 0.15 0.0819178
1829 0.15 0.0819178
1830 0.1 0.0688247
1831 0.15 0.0819178
1832 0.15 0.0819178
1833 0.1 0.0688247
1834 0.2 0.0917663
1835 0.1 0.0688247
1836 0.15 0.0819178
1837 0.1 0.0688247
1838 0.15 0.109424
1839 0.2 0.11698
1840 0.2 0.0917663
1841 0.2 0.0917663
1842 0.15 0.0819178
1843 0.15 0.0819178
1844 0.15 0.0819178
1845 0.2 0.0917663
1846 0.1 0.0688247
1847 0.15 0.0819178
1848 0.15 0.0819178
1849 0.15 0.0819178
1850 0.15 0.0819178
1851 0.05 0.05
1852 0.05 0.05
1853 0.05 0.05
1854 0.05 0.05
1855 0.15 0.0819178
1856 0.15 0.0819178
1857 0.15 0.0819178
1858 0.15 0.0819178
1859 0.05 0.05
1860 0.05 0.05
1861 0.1 0.0688247
1862 0.35 0.131289
1863 0.3 0.127733
1864 0.3 0.127733
1865 0.2 0.0917663
1866 0.15 0.109424
1867 0.2 0.155597
1868 0.15 0.0819178
1869 0.2 0.0917663
1870 0.1 0.0688247
1871 0.1 0.0688247
1872 0.15 0.0819178
1873 0.1 0.0688247
1874 0.05 0.05
1875 0.05 0.05
1876 0.05 0.05
1877 0 0
1878 0.1 0.0688247
1879 0.2 0.0917663
1880 0.3 0.127733
1881 0.3 0.127733
1882 0.25 0.0993399
1883 0.3 0.105131
1884 0.2 0.0917663
1885 0.15 0.0819178
1886 0.1 0.0688247
1887 0.05 0.05
1888 0.05 0.05
1889 0.15 0.0819178
1890 0.2 0.0917663
1891 0.2 0.0917663
1892 0.25 0.0993399
1893 0.2 0.0917663
1894 0.2 0.0917663
1895 0.25 0.0993399
1896 0.15 0.0819178
1897 0.2 0.0917663
1898 0.2 0.0917663
1899 0.3 0.105131
1900 0.25 0.12301
1901 0.2 0.11698
1902 0.1 0.0688247
1903 0.1 0.0688247
1904 0.15 0.0819178
1905 0.15 0.0819178
1906 0.2 0.11698
1907 0.25 0.12301
1908 0.35 0.109424
1909 0.4 0.11239
1910 0.35 0.109424
1911 0.35 0.109424
1912 0.35 0.109424
1913 0.35 0.109424
1914 0.3 0.105131
1915 0.3 0.105131
1916 0.35 0.109424
1917 0.35 0.109424
1918 0.3 0.105131
1919 0.3 0.105131
1920 0.3 0.105131
1921 0.35 0.109424
1922 0.4 0.11239
1923 0.3 0.105131
1924 0.3 0.105131
1925 0.3 0.105131
1926 0.3 0.105131
1927 0.2 0.0917663
1928 0.2 0.0917663
1929 0.15 0.0819178
1930 0.05 0.05
1931 0.1 0.0688247
1932 0.2 0.0917663
1933 0.3 0.127733
1934 0.3 0.163836
1935 0.25 0.160181
1936 0.35 0.181731
1937 0.2 0.0917663
1938 0.25 0.0993399
1939 0.1 0.0688247
1940 0.15 0.0819178
1941 0.2 0.0917663
1942 0.2 0.0917663
1943 0.1 0.0688247
1944 0.1 0.0688247
1945 0.15 0.0819178
