0 0 0
1 6.55 0.478347
2 6.1 0.434681
3 5.1 0.446625
4 3.7 0.417385
5 2.9 0.422399
6 2.65 0.424729
7 2.25 0.376095
8 2.05 0.303272
9 1.95 0.303272
10 1.6 0.30262
11 1.4 0.275299
12 1.2 0.247088
13 1.3 0.241704
14 1.35 0.264326
15 1.2 0.212751
16 1.15 0.208693
17 1.25 0.203586
18 1.15 0.195677
19 1.1 0.176218
20 1.05 0.184605
21 1.05 0.198348
22 1.05 0.2112
23 1 0.205196
24 0.9 0.203909
25 0.85 0.195677
26 0.9 0.228266
27 0.9 0.228266
28 1 0.217643
29 0.95 0.223312
30 1 0.217643
31 0.9 0.190567
32 1 0.205196
33 0.95 0.2112
34 0.95 0.198348
35 1.05 0.184605
36 0.95 0.184605
37 1 0.177705
38 1.05 0.169752
39 1.05 0.169752
40 1 0.177705
41 1 0.177705
42 1 0.177705
43 1.05 0.198348
44 1 0.191943
45 1 0.191943
46 0.95 0.198348
47 1 0.217643
48 1 0.217643
49 1.05 0.2112
50 0.95 0.198348
51 0.9 0.176218
52 0.85 0.166623
53 0.8 0.155597
54 0.9 0.160591
55 0.9 0.176218
56 0.85 0.181731
57 0.75 0.190221
58 0.75 0.175844
59 0.75 0.175844
60 0.75 0.175844
61 0.75 0.175844
62 0.7 0.163836
63 0.7 0.146898
64 0.65 0.15
65 0.65 0.15
66 0.6 0.152177
67 0.6 0.152177
68 0.65 0.15
69 0.7 0.146898
70 0.7 0.146898
71 0.65 0.15
72 0.6 0.152177
73 0.6 0.152177
74 0.65 0.15
75 0.6 0.152177
76 0.6 0.152177
77 0.65 0.15
78 0.7 0.146898
79 0.7 0.146898
80 0.65 0.15
81 0.65 0.15
82 0.7 0.146898
83 0.65 0.166623
84 0.75 0.190221
85 0.7 0.179179
86 0.65 0.181731
87 0.65 0.166623
88 0.65 0.166623
89 0.8 0.155597
90 0.75 0.14281
91 0.7 0.127733
92 0.7 0.127733
93 0.7 0.127733
94 0.65 0.15
95 0.7 0.163836
96 0.75 0.160181
97 0.75 0.175844
98 0.8 0.2
99 0.85 0.195677
100 0.85 0.195677
101 0.75 0.190221
102 0.7 0.193309
103 0.65 0.166623
104 0.75 0.160181
105 0.75 0.160181
106 0.8 0.155597
107 0.85 0.181731
108 0.9 0.190567
109 0.85 0.195677
110 0.85 0.195677
111 0.8 0.171679
112 0.7 0.146898
113 0.65 0.131289
114 0.75 0.175844
115 0.75 0.175844
116 0.8 0.171679
117 0.8 0.171679
118 0.75 0.175844
119 0.55 0.135239
120 0.6 0.152177
121 0.6 0.168585
122 0.6 0.168585
123 0.6 0.168585
124 0.65 0.166623
125 0.7 0.163836
126 0.75 0.160181
127 0.75 0.14281
128 0.8 0.155597
129 0.85 0.181731
130 0.85 0.181731
131 0.8 0.155597
132 0.7 0.146898
133 0.7 0.146898
134 0.75 0.160181
135 0.8 0.171679
136 0.8 0.186378
137 0.75 0.190221
138 0.75 0.203586
139 0.75 0.203586
140 0.7 0.193309
141 0.7 0.193309
142 0.65 0.181731
143 0.6 0.152177
144 0.65 0.15
145 0.65 0.15
146 0.6 0.152177
147 0.5 0.153897
148 0.55 0.153469
149 0.6 0.168585
150 0.65 0.166623
151 0.75 0.175844
152 0.75 0.175844
153 0.7 0.163836
154 0.7 0.193309
155 0.65 0.181731
156 0.65 0.181731
157 0.7 0.193309
158 0.8 0.2
159 0.8 0.2
160 0.85 0.232549
161 0.8 0.236198
162 0.75 0.227977
163 0.75 0.175844
164 0.65 0.166623
165 0.65 0.166623
166 0.6 0.152177
167 0.6 0.152177
168 0.75 0.175844
169 0.7 0.163836
170 0.8 0.186378
171 0.8 0.186378
172 0.75 0.175844
173 0.75 0.175844
174 0.65 0.181731
175 0.65 0.181731
176 0.7 0.193309
177 0.75 0.203586
178 0.9 0.203909
179 0.95 0.198348
180 1 0.205196
181 1 0.205196
182 0.85 0.195677
183 0.75 0.190221
184 0.7 0.179179
185 0.75 0.216126
186 0.75 0.216126
187 0.7 0.206474
188 0.65 0.195677
189 0.6 0.183533
190 0.7 0.179179
191 0.7 0.179179
192 0.75 0.190221
193 0.7 0.193309
194 0.7 0.193309
195 0.7 0.193309
196 0.7 0.193309
197 0.65 0.181731
198 0.7 0.179179
199 0.65 0.166623
200 0.7 0.163836
201 0.7 0.163836
202 0.7 0.163836
203 0.7 0.163836
204 0.7 0.163836
205 0.7 0.163836
206 0.7 0.163836
207 0.65 0.15
208 0.6 0.133771
209 0.6 0.133771
210 0.6 0.133771
211 0.6 0.152177
212 0.6 0.152177
213 0.65 0.15
214 0.7 0.163836
215 0.75 0.175844
216 0.75 0.175844
217 0.7 0.163836
218 0.65 0.166623
219 0.7 0.179179
220 0.7 0.179179
221 0.7 0.179179
222 0.65 0.166623
223 0.6 0.152177
224 0.75 0.160181
225 1 0.191943
226 1 0.191943
227 1 0.191943
228 1 0.191943
229 0.95 0.184605
230 0.85 0.181731
231 0.95 0.2112
232 0.95 0.223312
233 0.95 0.223312
234 0.85 0.181731
235 0.9 0.176218
236 0.8 0.171679
237 0.85 0.166623
238 0.85 0.166623
239 0.8 0.155597
240 0.7 0.146898
241 0.75 0.160181
242 0.65 0.181731
243 0.65 0.181731
244 0.65 0.181731
245 0.55 0.135239
246 0.55 0.135239
247 0.55 0.135239
248 0.6 0.133771
249 0.7 0.179179
250 0.7 0.127733
251 0.65 0.131289
252 0.7 0.163836
253 0.7 0.179179
254 0.65 0.181731
255 0.7 0.193309
256 0.75 0.175844
257 0.7 0.146898
258 0.7 0.146898
259 0.75 0.160181
260 0.8 0.155597
261 0.95 0.169752
262 0.95 0.169752
263 0.9 0.14327
264 1 0.162221
265 0.9 0.160591
266 0.9 0.160591
267 0.8 0.171679
268 0.85 0.208693
269 0.8 0.171679
270 0.8 0.171679
271 0.85 0.166623
272 0.7 0.163836
273 0.7 0.163836
274 0.65 0.131289
275 0.65 0.131289
276 0.65 0.131289
277 0.7 0.179179
278 0.85 0.208693
279 0.9 0.190567
280 0.9 0.190567
281 0.95 0.198348
282 1 0.217643
283 1.1 0.21643
284 1.05 0.2112
285 1 0.205196
286 1 0.205196
287 1 0.205196
288 0.9 0.190567
289 1 0.191943
290 1 0.191943
291 1.05 0.2112
292 1 0.217643
293 1 0.217643
294 1 0.251312
295 1 0.251312
296 1 0.251312
297 0.9 0.203909
298 0.9 0.203909
299 0.85 0.208693
300 0.9 0.228266
301 0.85 0.208693
302 0.9 0.203909
303 0.85 0.181731
304 0.75 0.160181
305 0.75 0.160181
306 0.8 0.155597
307 0.8 0.155597
308 0.8 0.155597
309 0.8 0.155597
310 0.8 0.137649
311 0.8 0.137649
312 0.8 0.137649
313 0.85 0.131289
314 0.95 0.169752
315 0.95 0.169752
316 0.9 0.176218
317 0.9 0.176218
318 0.9 0.176218
319 0.9 0.176218
320 0.9 0.176218
321 0.9 0.176218
322 0.9 0.176218
323 0.85 0.181731
324 0.85 0.181731
325 0.85 0.181731
326 0.8 0.171679
327 0.8 0.171679
328 0.75 0.175844
329 0.75 0.175844
330 0.75 0.175844
331 0.75 0.175844
332 0.75 0.175844
333 0.75 0.175844
334 0.95 0.184605
335 0.9 0.190567
336 0.65 0.15
337 0.65 0.15
338 0.65 0.15
339 0.65 0.15
340 0.75 0.216126
341 0.75 0.216126
342 0.75 0.216126
343 0.65 0.208693
344 0.65 0.208693
345 0.6 0.210263
346 0.6 0.183533
347 0.5 0.135724
348 0.5 0.135724
349 0.5 0.135724
350 0.45 0.114133
351 0.45 0.114133
352 0.4 0.11239
353 0.4 0.11239
354 0.4 0.11239
355 0.55 0.135239
356 0.55 0.135239
357 0.55 0.135239
358 0.6 0.133771
359 0.6 0.133771
360 0.6 0.133771
361 0.6 0.133771
362 0.7 0.179179
363 0.7 0.179179
364 0.7 0.179179
365 0.7 0.179179
366 0.7 0.179179
367 0.7 0.179179
368 0.75 0.190221
369 0.75 0.190221
370 0.65 0.181731
371 0.65 0.181731
372 0.75 0.190221
373 0.75 0.190221
374 0.75 0.190221
375 0.75 0.190221
376 0.7 0.193309
377 0.7 0.193309
378 0.65 0.181731
379 0.65 0.181731
380 0.65 0.181731
381 0.55 0.184605
382 0.55 0.184605
383 0.55 0.184605
384 0.55 0.184605
385 0.55 0.184605
386 0.55 0.184605
387 0.55 0.184605
388 0.5 0.184961
389 0.55 0.184605
390 0.55 0.184605
391 0.45 0.135239
392 0.4 0.11239
393 0.4 0.11239
394 0.35 0.109424
395 0.35 0.109424
396 0.35 0.109424
397 0.3 0.105131
398 0.35 0.109424
399 0.35 0.109424
400 0.4 0.11239
401 0.35 0.109424
402 0.4 0.133771
403 0.45 0.135239
404 0.4 0.133771
405 0.4 0.133771
406 0.4 0.133771
407 0.4 0.133771
408 0.4 0.133771
409 0.35 0.131289
410 0.35 0.131289
411 0.45 0.135239
412 0.45 0.135239
413 0.45 0.135239
414 0.45 0.135239
415 0.35 0.109424
416 0.35 0.109424
417 0.35 0.109424
418 0.35 0.109424
419 0.35 0.109424
420 0.45 0.153469
421 0.5 0.153897
422 0.5 0.153897
423 0.5 0.153897
424 0.45 0.153469
425 0.4 0.133771
426 0.4 0.133771
427 0.4 0.133771
428 0.4 0.133771
429 0.4 0.133771
430 0.35 0.131289
431 0.3 0.127733
432 0.35 0.131289
433 0.35 0.131289
434 0.3 0.105131
435 0.35 0.131289
436 0.35 0.131289
437 0.35 0.131289
438 0.35 0.131289
439 0.5 0.184961
440 0.55 0.198348
441 0.5 0.170139
442 0.55 0.184605
443 0.55 0.184605
444 0.45 0.135239
445 0.45 0.114133
446 0.45 0.114133
447 0.45 0.114133
448 0.4 0.11239
449 0.4 0.11239
450 0.4 0.11239
451 0.4 0.11239
452 0.4 0.11239
453 0.35 0.109424
454 0.3 0.105131
455 0.35 0.109424
456 0.35 0.109424
457 0.35 0.109424
458 0.4 0.11239
459 0.35 0.109424
460 0.35 0.109424
461 0.35 0.131289
462 0.4 0.152177
463 0.4 0.152177
464 0.35 0.131289
465 0.3 0.127733
466 0.35 0.131289
467 0.25 0.0993399
468 0.3 0.105131
469 0.3 0.105131
470 0.25 0.0993399
471 0.2 0.0917663
472 0.2 0.0917663
473 0.3 0.127733
474 0.3 0.127733
475 0.3 0.127733
476 0.3 0.127733
477 0.25 0.0993399
478 0.25 0.0993399
479 0.3 0.105131
480 0.25 0.0993399
481 0.3 0.127733
482 0.35 0.131289
483 0.35 0.131289
484 0.35 0.131289
485 0.4 0.133771
486 0.4 0.133771
487 0.35 0.131289
488 0.35 0.131289
489 0.35 0.131289
490 0.4 0.133771
491 0.4 0.133771
492 0.4 0.133771
493 0.4 0.133771
494 0.45 0.135239
495 0.45 0.153469
496 0.5 0.153897
497 0.5 0.153897
498 0.5 0.153897
499 0.5 0.153897
500 0.5 0.153897
501 0.45 0.153469
502 0.3 0.146898
503 0.4 0.152177
504 0.4 0.133771
505 0.45 0.135239
506 0.5 0.153897
507 0.45 0.135239
508 0.5 0.135724
509 0.45 0.135239
510 0.5 0.135724
511 0.55 0.153469
512 0.6 0.168585
513 0.6 0.152177
514 0.6 0.152177
515 0.7 0.179179
516 0.8 0.2
517 0.75 0.175844
518 0.8 0.2
519 0.75 0.203586
520 0.75 0.203586
521 0.85 0.232549
522 0.8 0.212751
523 0.85 0.208693
524 0.8 0.212751
525 0.75 0.203586
526 0.75 0.203586
527 0.7 0.193309
528 0.7 0.193309
529 0.65 0.195677
530 0.65 0.195677
531 0.6 0.197351
532 0.65 0.195677
533 0.6 0.183533
534 0.65 0.220943
535 0.6 0.222427
536 0.45 0.184605
537 0.45 0.184605
538 0.5 0.184961
539 0.45 0.184605
540 0.5 0.184961
541 0.45 0.184605
542 0.5 0.184961
543 0.55 0.184605
544 0.55 0.184605
545 0.6 0.183533
546 0.6 0.183533
547 0.65 0.181731
548 0.55 0.135239
549 0.6 0.152177
550 0.6 0.152177
551 0.6 0.152177
552 0.6 0.152177
553 0.65 0.166623
554 0.6 0.152177
555 0.65 0.15
556 0.65 0.15
557 0.65 0.15
558 0.6 0.152177
559 0.6 0.152177
560 0.65 0.166623
561 0.6 0.168585
562 0.6 0.168585
563 0.55 0.153469
564 0.55 0.153469
565 0.55 0.153469
566 0.6 0.168585
567 0.6 0.168585
568 0.65 0.166623
569 0.7 0.163836
570 0.65 0.166623
571 0.7 0.163836
572 0.7 0.163836
573 0.7 0.163836
574 0.7 0.163836
575 0.7 0.163836
576 0.65 0.166623
577 0.65 0.166623
578 0.75 0.175844
579 0.7 0.179179
580 0.7 0.179179
581 0.7 0.179179
582 0.8 0.2
583 0.8 0.2
584 0.7 0.163836
585 0.65 0.15
586 0.65 0.15
587 0.6 0.152177
588 0.6 0.152177
589 0.6 0.152177
590 0.6 0.152177
591 0.6 0.152177
592 0.65 0.166623
593 0.65 0.166623
594 0.65 0.166623
595 0.7 0.163836
596 0.7 0.163836
597 0.75 0.175844
598 0.75 0.175844
599 0.75 0.175844
600 0.7 0.163836
601 0.65 0.166623
602 0.65 0.166623
603 0.55 0.153469
604 0.6 0.152177
605 0.65 0.166623
606 0.55 0.153469
607 0.6 0.152177
608 0.65 0.166623
609 0.6 0.168585
610 0.6 0.168585
611 0.65 0.181731
612 0.7 0.206474
613 0.7 0.206474
614 0.65 0.195677
615 0.55 0.184605
616 0.55 0.184605
617 0.6 0.183533
618 0.6 0.183533
619 0.6 0.183533
620 0.6 0.183533
621 0.6 0.183533
622 0.6 0.183533
623 0.55 0.184605
624 0.5 0.184961
625 0.55 0.198348
626 0.55 0.198348
627 0.55 0.198348
628 0.55 0.198348
629 0.5 0.19868
630 0.5 0.19868
631 0.55 0.223312
632 0.55 0.223312
633 0.55 0.223312
634 0.55 0.223312
635 0.55 0.223312
636 0.55 0.223312
637 0.55 0.223312
638 0.55 0.223312
639 0.6 0.222427
640 0.55 0.223312
641 0.6 0.233959
642 0.6 0.233959
643 0.55 0.2112
644 0.55 0.2112
645 0.45 0.169752
646 0.45 0.169752
647 0.45 0.169752
648 0.4 0.152177
649 0.4 0.152177
650 0.4 0.152177
651 0.25 0.12301
652 0.25 0.12301
653 0.25 0.12301
654 0.25 0.12301
655 0.25 0.12301
656 0.3 0.127733
657 0.4 0.152177
658 0.4 0.152177
659 0.4 0.152177
660 0.5 0.170139
661 0.5 0.170139
662 0.5 0.170139
663 0.55 0.184605
664 0.45 0.169752
665 0.45 0.169752
666 0.4 0.168585
667 0.4 0.168585
668 0.4 0.168585
669 0.35 0.15
670 0.35 0.15
671 0.35 0.15
672 0.35 0.15
673 0.25 0.14281
674 0.25 0.14281
675 0.3 0.146898
676 0.35 0.15
677 0.35 0.15
678 0.35 0.15
679 0.4 0.152177
680 0.4 0.152177
681 0.4 0.152177
682 0.4 0.152177
683 0.4 0.152177
684 0.4 0.152177
685 0.45 0.153469
686 0.45 0.153469
687 0.45 0.153469
688 0.45 0.153469
689 0.45 0.153469
690 0.45 0.153469
691 0.45 0.153469
692 0.45 0.153469
693 0.45 0.153469
694 0.45 0.153469
695 0.5 0.170139
696 0.5 0.170139
697 0.5 0.170139
698 0.5 0.170139
699 0.5 0.170139
700 0.45 0.169752
701 0.45 0.169752
702 0.45 0.169752
703 0.45 0.169752
704 0.45 0.169752
705 0.45 0.169752
706 0.45 0.169752
707 0.45 0.169752
708 0.45 0.169752
709 0.45 0.169752
710 0.45 0.169752
711 0.45 0.153469
712 0.5 0.19868
713 0.5 0.19868
714 0.5 0.19868
715 0.55 0.198348
716 0.55 0.198348
717 0.55 0.198348
718 0.5 0.19868
719 0.4 0.152177
720 0.35 0.15
721 0.35 0.15
722 0.35 0.15
723 0.35 0.15
724 0.35 0.15
725 0.45 0.153469
726 0.5 0.153897
727 0.45 0.153469
728 0.4 0.152177
729 0.45 0.169752
730 0.5 0.170139
731 0.5 0.170139
732 0.5 0.153897
733 0.4 0.133771
734 0.45 0.169752
735 0.45 0.169752
736 0.45 0.169752
737 0.45 0.169752
738 0.45 0.169752
739 0.45 0.169752
740 0.45 0.169752
741 0.5 0.170139
742 0.45 0.169752
743 0.45 0.169752
744 0.35 0.109424
745 0.35 0.109424
746 0.3 0.105131
747 0.35 0.131289
748 0.3 0.105131
749 0.3 0.105131
750 0.3 0.105131
751 0.3 0.105131
752 0.3 0.105131
753 0.3 0.105131
754 0.4 0.11239
755 0.4 0.11239
756 0.5 0.135724
757 0.5 0.135724
758 0.55 0.169752
759 0.5 0.170139
760 0.6 0.210263
761 0.6 0.210263
762 0.6 0.210263
763 0.7 0.206474
764 0.7 0.206474
765 0.7 0.206474
766 0.7 0.206474
767 0.65 0.195677
768 0.65 0.195677
769 0.6 0.183533
770 0.6 0.183533
771 0.6 0.183533
772 0.6 0.168585
773 0.55 0.169752
774 0.55 0.169752
775 0.55 0.135239
776 0.5 0.135724
777 0.55 0.135239
778 0.55 0.135239
779 0.55 0.135239
780 0.5 0.114708
781 0.5 0.114708
782 0.45 0.114133
783 0.45 0.114133
784 0.5 0.114708
785 0.55 0.169752
786 0.5 0.135724
787 0.5 0.135724
788 0.4 0.133771
789 0.4 0.133771
790 0.4 0.133771
791 0.45 0.135239
792 0.3 0.105131
793 0.3 0.105131
794 0.3 0.105131
795 0.3 0.105131
796 0.25 0.0993399
797 0.25 0.0993399
798 0.3 0.105131
799 0.35 0.131289
800 0.35 0.131289
801 0.25 0.12301
802 0.4 0.152177
803 0.5 0.170139
804 0.45 0.169752
805 0.45 0.169752
806 0.45 0.169752
807 0.35 0.15
808 0.35 0.15
809 0.4 0.152177
810 0.4 0.152177
811 0.4 0.152177
812 0.4 0.152177
813 0.45 0.153469
814 0.5 0.153897
815 0.45 0.135239
816 0.5 0.153897
817 0.5 0.153897
818 0.45 0.135239
819 0.45 0.135239
820 0.35 0.109424
821 0.35 0.109424
822 0.35 0.109424
823 0.35 0.109424
824 0.4 0.11239
825 0.4 0.11239
826 0.5 0.135724
827 0.5 0.135724
828 0.45 0.135239
829 0.4 0.133771
830 0.35 0.166623
831 0.4 0.183533
832 0.4 0.183533
833 0.45 0.184605
834 0.5 0.153897
835 0.4 0.133771
836 0.45 0.135239
837 0.45 0.114133
838 0.45 0.114133
839 0.45 0.114133
840 0.45 0.114133
841 0.45 0.114133
842 0.45 0.114133
843 0.4 0.11239
844 0.35 0.109424
845 0.4 0.133771
846 0.45 0.153469
847 0.45 0.153469
848 0.4 0.152177
849 0.4 0.152177
850 0.4 0.152177
851 0.35 0.15
852 0.35 0.15
853 0.25 0.12301
854 0.25 0.12301
855 0.25 0.12301
856 0.25 0.12301
857 0.25 0.12301
858 0.25 0.12301
859 0.3 0.127733
860 0.3 0.127733
861 0.3 0.127733
862 0.35 0.131289
863 0.4 0.133771
864 0.45 0.153469
865 0.4 0.152177
866 0.45 0.184605
867 0.45 0.184605
868 0.4 0.152177
869 0.4 0.168585
870 0.4 0.168585
871 0.4 0.168585
872 0.35 0.15
873 0.4 0.152177
874 0.35 0.15
875 0.3 0.146898
876 0.3 0.146898
877 0.3 0.146898
878 0.35 0.15
879 0.4 0.152177
880 0.4 0.152177
881 0.5 0.170139
882 0.4 0.152177
883 0.5 0.19868
884 0.5 0.19868
885 0.5 0.19868
886 0.45 0.169752
887 0.5 0.184961
888 0.55 0.223312
889 0.5 0.19868
890 0.45 0.184605
891 0.45 0.184605
892 0.4 0.168585
893 0.4 0.168585
894 0.4 0.168585
895 0.4 0.168585
896 0.5 0.184961
897 0.6 0.183533
898 0.6 0.183533
899 0.6 0.183533
900 0.65 0.181731
901 0.65 0.181731
902 0.55 0.135239
903 0.5 0.135724
904 0.5 0.135724
905 0.45 0.135239
906 0.4 0.133771
907 0.3 0.127733
908 0.35 0.131289
909 0.45 0.153469
910 0.65 0.181731
911 0.6 0.168585
912 0.65 0.166623
913 0.5 0.153897
914 0.5 0.153897
915 0.35 0.131289
916 0.4 0.152177
917 0.5 0.19868
918 0.35 0.131289
919 0.3 0.127733
920 0.15 0.0819178
921 0.15 0.0819178
922 0.2 0.0917663
923 0.25 0.0993399
924 0.2 0.0917663
925 0.2 0.0917663
926 0.2 0.0917663
927 0.2 0.0917663
928 0.2 0.0917663
929 0.2 0.0917663
930 0.25 0.12301
931 0.25 0.12301
932 0.15 0.0819178
933 0.15 0.0819178
934 0.15 0.0819178
935 0.15 0.0819178
936 0.2 0.0917663
937 0.3 0.105131
938 0.35 0.109424
939 0.35 0.109424
940 0.35 0.109424
941 0.4 0.133771
942 0.35 0.109424
943 0.3 0.105131
944 0.45 0.114133
945 0.45 0.114133
946 0.45 0.114133
947 0.45 0.114133
948 0.55 0.135239
949 0.5 0.135724
950 0.5 0.135724
951 0.5 0.135724
952 0.55 0.153469
953 0.55 0.153469
954 0.5 0.153897
955 0.5 0.153897
956 0.5 0.153897
957 0.5 0.153897
958 0.45 0.135239
959 0.4 0.133771
960 0.45 0.153469
961 0.55 0.169752
962 0.6 0.168585
963 0.65 0.166623
964 0.65 0.166623
965 0.65 0.166623
966 0.6 0.152177
967 0.6 0.152177
968 0.65 0.166623
969 0.65 0.166623
970 0.6 0.152177
971 0.6 0.152177
972 0.6 0.152177
973 0.6 0.152177
974 0.6 0.152177
975 0.6 0.152177
976 0.55 0.153469
977 0.55 0.153469
978 0.55 0.153469
979 0.55 0.153469
980 0.55 0.153469
981 0.4 0.133771
982 0.4 0.133771
983 0.35 0.131289
984 0.45 0.153469
985 0.4 0.133771
986 0.4 0.133771
987 0.4 0.133771
988 0.3 0.127733
989 0.4 0.133771
990 0.4 0.133771
991 0.4 0.133771
992 0.45 0.135239
993 0.4 0.133771
994 0.4 0.133771
995 0.4 0.133771
996 0.4 0.133771
997 0.55 0.135239
998 0.55 0.135239
999 0.5 0.135724
1000 0.35 0.131289
1001 0.3 0.127733
1002 0.25 0.12301
1003 0.35 0.131289
1004 0.3 0.127733
1005 0.45 0.153469
1006 0.55 0.169752
1007 0.6 0.183533
1008 0.65 0.195677
1009 0.6 0.197351
1010 0.55 0.169752
1011 0.55 0.153469
1012 0.55 0.153469
1013 0.5 0.135724
1014 0.5 0.135724
1015 0.4 0.11239
1016 0.4 0.11239
1017 0.35 0.109424
1018 0.35 0.109424
1019 0.35 0.109424
1020 0.35 0.109424
1021 0.35 0.109424
1022 0.3 0.105131
1023 0.25 0.0993399
1024 0.25 0.0993399
1025 0.25 0.0993399
1026 0.25 0.0993399
1027 0.35 0.109424
1028 0.35 0.109424
1029 0.35 0.109424
1030 0.4 0.133771
1031 0.4 0.133771
1032 0.4 0.133771
1033 0.45 0.135239
1034 0.5 0.153897
1035 0.55 0.169752
1036 0.5 0.153897
1037 0.5 0.153897
1038 0.45 0.153469
1039 0.45 0.153469
1040 0.4 0.152177
1041 0.35 0.131289
1042 0.35 0.131289
1043 0.35 0.131289
1044 0.3 0.127733
1045 0.3 0.127733
1046 0.3 0.127733
1047 0.2 0.0917663
1048 0.25 0.0993399
1049 0.2 0.0917663
1050 0.2 0.0917663
1051 0.2 0.0917663
1052 0.3 0.127733
1053 0.4 0.133771
1054 0.4 0.133771
1055 0.35 0.109424
1056 0.5 0.184961
1057 0.5 0.184961
1058 0.55 0.198348
1059 0.55 0.184605
1060 0.65 0.195677
1061 0.65 0.195677
1062 0.75 0.216126
1063 0.7 0.218849
1064 0.65 0.208693
1065 0.7 0.23056
1066 0.7 0.23056
1067 0.7 0.218849
1068 0.7 0.218849
1069 0.7 0.218849
1070 0.65 0.220943
1071 0.65 0.220943
1072 0.65 0.220943
1073 0.55 0.198348
1074 0.6 0.197351
1075 0.6 0.197351
1076 0.65 0.195677
1077 0.65 0.195677
1078 0.6 0.197351
1079 0.6 0.197351
1080 0.6 0.197351
1081 0.5 0.170139
1082 0.55 0.234801
1083 0.7 0.241704
1084 0.65 0.232549
1085 0.65 0.243602
1086 0.6 0.233959
1087 0.6 0.233959
1088 0.45 0.169752
1089 0.45 0.169752
1090 0.4 0.152177
1091 0.45 0.169752
1092 0.45 0.153469
1093 0.45 0.153469
1094 0.45 0.153469
1095 0.45 0.153469
1096 0.4 0.152177
1097 0.4 0.152177
1098 0.4 0.152177
1099 0.45 0.153469
1100 0.4 0.133771
1101 0.4 0.133771
1102 0.35 0.109424
1103 0.35 0.109424
1104 0.35 0.109424
1105 0.35 0.109424
1106 0.3 0.105131
1107 0.3 0.105131
1108 0.3 0.105131
1109 0.3 0.105131
1110 0.3 0.105131
1111 0.3 0.105131
1112 0.3 0.105131
1113 0.25 0.0993399
1114 0.3 0.127733
1115 0.3 0.127733
1116 0.3 0.127733
1117 0.3 0.127733
1118 0.3 0.127733
1119 0.3 0.127733
1120 0.3 0.127733
1121 0.3 0.127733
1122 0.3 0.127733
1123 0.4 0.152177
1124 0.35 0.15
1125 0.35 0.15
1126 0.35 0.15
1127 0.3 0.146898
1128 0.3 0.146898
1129 0.35 0.15
1130 0.25 0.12301
1131 0.25 0.12301
1132 0.3 0.127733
1133 0.35 0.131289
1134 0.35 0.131289
1135 0.35 0.131289
1136 0.35 0.131289
1137 0.3 0.146898
1138 0.4 0.168585
1139 0.5 0.170139
1140 0.6 0.222427
1141 0.55 0.223312
1142 0.55 0.223312
1143 0.5 0.223607
1144 0.4 0.183533
1145 0.35 0.15
1146 0.25 0.12301
1147 0.3 0.127733
1148 0.35 0.15
1149 0.3 0.127733
1150 0.3 0.127733
1151 0.3 0.127733
1152 0.35 0.131289
1153 0.35 0.131289
1154 0.25 0.12301
1155 0.2 0.11698
1156 0.2 0.11698
1157 0.2 0.11698
1158 0.2 0.11698
1159 0.2 0.11698
1160 0.15 0.0819178
1161 0.15 0.0819178
1162 0.15 0.0819178
1163 0.15 0.0819178
1164 0.25 0.12301
1165 0.35 0.15
1166 0.4 0.183533
1167 0.4 0.183533
1168 0.35 0.15
1169 0.35 0.15
1170 0.35 0.131289
1171 0.35 0.131289
1172 0.45 0.184605
1173 0.45 0.184605
1174 0.45 0.184605
1175 0.4 0.152177
1176 0.4 0.152177
1177 0.3 0.146898
1178 0.3 0.146898
1179 0.3 0.146898
1180 0.3 0.146898
1181 0.3 0.146898
1182 0.3 0.146898
1183 0.35 0.181731
1184 0.35 0.181731
1185 0.35 0.181731
1186 0.35 0.181731
1187 0.25 0.14281
1188 0.25 0.14281
1189 0.25 0.14281
1190 0.25 0.14281
1191 0.25 0.14281
1192 0.25 0.14281
1193 0.25 0.14281
1194 0.25 0.14281
1195 0.3 0.146898
1196 0.4 0.168585
1197 0.35 0.15
1198 0.35 0.15
1199 0.35 0.15
1200 0.35 0.15
1201 0.35 0.15
1202 0.35 0.15
1203 0.35 0.15
1204 0.3 0.146898
1205 0.15 0.109424
1206 0.2 0.11698
1207 0.25 0.12301
1208 0.25 0.12301
1209 0.25 0.12301
1210 0.3 0.127733
1211 0.25 0.12301
1212 0.25 0.12301
1213 0.25 0.12301
1214 0.35 0.131289
1215 0.35 0.131289
1216 0.3 0.105131
1217 0.25 0.0993399
1218 0.3 0.105131
1219 0.3 0.105131
1220 0.3 0.105131
1221 0.3 0.105131
1222 0.35 0.109424
1223 0.3 0.105131
1224 0.4 0.133771
1225 0.35 0.131289
1226 0.3 0.127733
1227 0.3 0.127733
1228 0.3 0.127733
1229 0.3 0.127733
1230 0.4 0.133771
1231 0.4 0.133771
1232 0.5 0.184961
1233 0.45 0.184605
1234 0.45 0.153469
1235 0.5 0.153897
1236 0.45 0.135239
1237 0.45 0.135239
1238 0.5 0.153897
1239 0.6 0.152177
1240 0.7 0.163836
1241 0.6 0.152177
1242 0.65 0.15
1243 0.65 0.15
1244 0.6 0.152177
1245 0.55 0.153469
1246 0.5 0.153897
1247 0.6 0.168585
1248 0.55 0.169752
1249 0.5 0.170139
1250 0.55 0.198348
1251 0.5 0.170139
1252 0.5 0.170139
1253 0.5 0.170139
1254 0.5 0.170139
1255 0.5 0.170139
1256 0.4 0.152177
1257 0.4 0.152177
1258 0.5 0.19868
1259 0.5 0.19868
1260 0.5 0.19868
1261 0.5 0.19868
1262 0.45 0.184605
1263 0.45 0.184605
1264 0.45 0.184605
1265 0.45 0.184605
1266 0.45 0.184605
1267 0.5 0.184961
1268 0.45 0.169752
1269 0.5 0.170139
1270 0.5 0.170139
1271 0.45 0.169752
1272 0.45 0.169752
1273 0.45 0.169752
1274 0.4 0.183533
1275 0.45 0.184605
1276 0.45 0.184605
1277 0.45 0.184605
1278 0.5 0.184961
1279 0.4 0.133771
1280 0.4 0.133771
1281 0.4 0.133771
1282 0.5 0.153897
1283 0.6 0.168585
1284 0.55 0.169752
1285 0.55 0.169752
1286 0.5 0.153897
1287 0.55 0.153469
1288 0.55 0.153469
1289 0.5 0.153897
1290 0.5 0.153897
1291 0.55 0.153469
1292 0.55 0.153469
1293 0.65 0.195677
1294 0.65 0.195677
1295 0.75 0.190221
1296 0.75 0.190221
1297 0.65 0.15
1298 0.7 0.163836
1299 0.7 0.163836
1300 0.75 0.190221
1301 0.7 0.218849
1302 0.6 0.222427
1303 0.6 0.222427
1304 0.6 0.222427
1305 0.6 0.222427
1306 0.6 0.222427
1307 0.6 0.222427
1308 0.65 0.220943
1309 0.65 0.220943
1310 0.75 0.227977
1311 0.75 0.227977
1312 0.65 0.15
1313 0.55 0.153469
1314 0.55 0.153469
1315 0.5 0.153897
1316 0.5 0.153897
1317 0.5 0.153897
1318 0.45 0.135239
1319 0.45 0.135239
1320 0.45 0.153469
1321 0.55 0.184605
1322 0.65 0.195677
1323 0.7 0.193309
1324 0.7 0.193309
1325 0.65 0.166623
1326 0.65 0.166623
1327 0.7 0.163836
1328 0.6 0.168585
1329 0.6 0.168585
1330 0.6 0.168585
1331 0.65 0.181731
1332 0.65 0.181731
1333 0.65 0.181731
1334 0.65 0.181731
1335 0.6 0.183533
1336 0.6 0.183533
1337 0.65 0.181731
1338 0.6 0.168585
1339 0.6 0.168585
1340 0.6 0.168585
1341 0.55 0.153469
1342 0.5 0.153897
1343 0.5 0.153897
1344 0.5 0.153897
1345 0.55 0.153469
1346 0.55 0.153469
1347 0.6 0.152177
1348 0.65 0.166623
1349 0.7 0.179179
1350 0.75 0.175844
1351 0.8 0.171679
1352 0.7 0.163836
1353 0.6 0.168585
1354 0.65 0.166623
1355 0.6 0.152177
1356 0.6 0.152177
1357 0.55 0.153469
1358 0.55 0.153469
1359 0.55 0.153469
1360 0.6 0.168585
1361 0.55 0.153469
1362 0.55 0.153469
1363 0.55 0.153469
1364 0.55 0.153469
1365 0.55 0.153469
1366 0.6 0.152177
1367 0.6 0.133771
1368 0.55 0.135239
1369 0.55 0.135239
1370 0.55 0.135239
1371 0.6 0.133771
1372 0.6 0.133771
1373 0.55 0.135239
1374 0.6 0.152177
1375 0.55 0.135239
1376 0.65 0.166623
1377 0.65 0.166623
1378 0.75 0.175844
1379 0.75 0.203586
1380 0.75 0.203586
1381 0.75 0.203586
1382 0.75 0.203586
1383 0.75 0.190221
1384 0.8 0.186378
1385 0.7 0.179179
1386 0.7 0.163836
1387 0.7 0.163836
1388 0.65 0.166623
1389 0.65 0.166623
1390 0.75 0.25
1391 0.7 0.206474
1392 0.7 0.206474
1393 0.75 0.203586
1394 0.75 0.203586
1395 0.7 0.179179
1396 0.8 0.186378
1397 0.85 0.181731
1398 0.8 0.186378
1399 0.85 0.181731
1400 0.85 0.181731
1401 0.75 0.175844
1402 0.75 0.175844
1403 0.8 0.171679
1404 0.85 0.166623
1405 0.85 0.166623
1406 0.8 0.155597
1407 0.6 0.152177
1408 0.6 0.168585
1409 0.6 0.168585
1410 0.7 0.146898
1411 0.7 0.146898
1412 0.7 0.146898
1413 0.75 0.160181
1414 0.7 0.163836
1415 0.7 0.163836
1416 0.7 0.163836
1417 0.6 0.168585
1418 0.55 0.169752
1419 0.6 0.183533
1420 0.6 0.183533
1421 0.65 0.181731
1422 0.65 0.181731
1423 0.65 0.166623
1424 0.6 0.168585
1425 0.55 0.169752
1426 0.55 0.184605
1427 0.55 0.184605
1428 0.6 0.183533
1429 0.55 0.198348
1430 0.55 0.184605
1431 0.55 0.184605
1432 0.55 0.184605
1433 0.4 0.133771
1434 0.4 0.133771
1435 0.45 0.135239
1436 0.5 0.153897
1437 0.4 0.152177
1438 0.45 0.153469
1439 0.55 0.169752
1440 0.55 0.169752
1441 0.55 0.169752
1442 0.45 0.153469
1443 0.5 0.184961
1444 0.4 0.133771
1445 0.35 0.131289
1446 0.45 0.153469
1447 0.45 0.153469
1448 0.45 0.153469
1449 0.35 0.131289
1450 0.55 0.184605
1451 0.55 0.184605
1452 0.55 0.198348
1453 0.55 0.198348
1454 0.5 0.170139
1455 0.5 0.170139
1456 0.5 0.170139
1457 0.5 0.170139
1458 0.55 0.169752
1459 0.55 0.169752
1460 0.55 0.169752
1461 0.55 0.153469
1462 0.6 0.152177
1463 0.55 0.153469
1464 0.55 0.153469
1465 0.55 0.153469
1466 0.6 0.152177
1467 0.6 0.152177
1468 0.6 0.152177
1469 0.6 0.168585
1470 0.6 0.168585
1471 0.4 0.168585
1472 0.45 0.184605
1473 0.4 0.168585
1474 0.35 0.131289
1475 0.4 0.152177
1476 0.3 0.127733
1477 0.3 0.127733
1478 0.25 0.0993399
1479 0.25 0.0993399
1480 0.3 0.127733
1481 0.2 0.0917663
1482 0.2 0.0917663
1483 0.2 0.0917663
1484 0.2 0.0917663
1485 0.3 0.127733
1486 0.2 0.0917663
1487 0.2 0.0917663
1488 0.3 0.127733
1489 0.25 0.0993399
1490 0.25 0.0993399
1491 0.25 0.0993399
1492 0.3 0.127733
1493 0.3 0.127733
1494 0.3 0.127733
1495 0.3 0.105131
1496 0.3 0.105131
1497 0.5 0.153897
1498 0.55 0.153469
1499 0.5 0.153897
1500 0.55 0.153469
1501 0.5 0.153897
1502 0.5 0.153897
1503 0.45 0.135239
1504 0.5 0.153897
1505 0.5 0.153897
1506 0.55 0.153469
1507 0.45 0.135239
1508 0.4 0.133771
1509 0.4 0.133771
1510 0.4 0.133771
1511 0.4 0.133771
1512 0.4 0.133771
1513 0.4 0.133771
1514 0.4 0.133771
1515 0.4 0.133771
1516 0.4 0.133771
1517 0.45 0.153469
1518 0.45 0.153469
1519 0.45 0.153469
1520 0.35 0.131289
1521 0.35 0.131289
1522 0.35 0.131289
1523 0.3 0.105131
1524 0.3 0.105131
1525 0.35 0.109424
1526 0.4 0.11239
1527 0.4 0.11239
1528 0.4 0.11239
1529 0.45 0.135239
1530 0.6 0.168585
1531 0.6 0.152177
1532 0.65 0.15
1533 0.65 0.15
1534 0.55 0.135239
1535 0.7 0.179179
1536 0.7 0.179179
1537 0.65 0.166623
1538 0.6 0.168585
1539 0.55 0.135239
1540 0.65 0.166623
1541 0.65 0.166623
1542 0.7 0.163836
1543 0.65 0.166623
1544 0.65 0.166623
1545 0.7 0.179179
1546 0.7 0.179179
1547 0.75 0.190221
1548 0.8 0.2
1549 0.75 0.190221
1550 0.75 0.190221
1551 0.7 0.163836
1552 0.75 0.190221
1553 0.75 0.190221
1554 0.75 0.190221
1555 0.75 0.190221
1556 0.75 0.190221
1557 0.7 0.163836
1558 0.65 0.166623
1559 0.65 0.166623
1560 0.75 0.175844
1561 0.7 0.179179
1562 0.6 0.168585
1563 0.65 0.166623
1564 0.65 0.166623
1565 0.65 0.181731
1566 0.65 0.181731
1567 0.65 0.181731
1568 0.6 0.168585
1569 0.55 0.153469
1570 0.6 0.152177
1571 0.65 0.166623
1572 0.6 0.152177
1573 0.6 0.152177
1574 0.6 0.152177
1575 0.6 0.152177
1576 0.65 0.166623
1577 0.55 0.169752
1578 0.45 0.153469
1579 0.55 0.223312
1580 0.5 0.211511
1581 0.55 0.2112
1582 0.6 0.210263
1583 0.6 0.210263
1584 0.8 0.236198
1585 0.8 0.236198
1586 0.85 0.254176
1587 0.8 0.247088
1588 0.6 0.183533
1589 0.65 0.181731
1590 0.8 0.212751
1591 0.75 0.190221
1592 0.85 0.243602
1593 0.75 0.25
1594 0.75 0.25
1595 0.75 0.25
1596 0.65 0.232549
1597 0.7 0.252357
1598 0.7 0.252357
1599 0.65 0.220943
1600 0.75 0.227977
1601 0.8 0.212751
1602 0.75 0.203586
1603 0.65 0.195677
1604 0.65 0.195677
1605 0.65 0.195677
1606 0.65 0.195677
1607 0.65 0.195677
1608 0.7 0.206474
1609 0.65 0.181731
1610 0.5 0.153897
1611 0.45 0.153469
1612 0.4 0.152177
1613 0.4 0.152177
1614 0.4 0.152177
1615 0.45 0.153469
1616 0.45 0.153469
1617 0.45 0.153469
1618 0.4 0.152177
1619 0.35 0.15
1620 0.3 0.127733
1621 0.3 0.127733
1622 0.3 0.127733
1623 0.25 0.0993399
1624 0.3 0.127733
1625 0.25 0.12301
1626 0.25 0.12301
1627 0.3 0.127733
1628 0.35 0.15
1629 0.35 0.15
1630 0.35 0.15
1631 0.3 0.146898
1632 0.3 0.146898
1633 0.25 0.12301
1634 0.25 0.0993399
1635 0.3 0.127733
1636 0.3 0.127733
1637 0.25 0.12301
1638 0.25 0.12301
1639 0.25 0.12301
1640 0.25 0.12301
1641 0.25 0.12301
1642 0.3 0.127733
1643 0.25 0.0993399
1644 0.25 0.0993399
1645 0.2 0.0917663
1646 0.2 0.0917663
1647 0.2 0.0917663
1648 0.15 0.0819178
1649 0.15 0.0819178
1650 0.15 0.0819178
1651 0.2 0.0917663
1652 0.2 0.0917663
1653 0.25 0.12301
1654 0.3 0.163836
1655 0.3 0.163836
1656 0.3 0.163836
1657 0.3 0.163836
1658 0.3 0.163836
1659 0.3 0.163836
1660 0.3 0.163836
1661 0.35 0.166623
1662 0.45 0.184605
1663 0.35 0.15
1664 0.4 0.133771
1665 0.45 0.135239
1666 0.4 0.11239
1667 0.35 0.109424
1668 0.35 0.109424
1669 0.3 0.105131
1670 0.35 0.109424
1671 0.35 0.109424
1672 0.3 0.105131
1673 0.25 0.0993399
1674 0.2 0.0917663
1675 0.2 0.0917663
1676 0.15 0.0819178
1677 0.15 0.0819178
1678 0.2 0.0917663
1679 0.2 0.0917663
1680 0.25 0.0993399
1681 0.3 0.127733
1682 0.4 0.152177
1683 0.4 0.152177
1684 0.4 0.152177
1685 0.4 0.152177
1686 0.4 0.152177
1687 0.35 0.131289
1688 0.4 0.133771
1689 0.4 0.133771
1690 0.45 0.153469
1691 0.4 0.152177
1692 0.5 0.184961
1693 0.5 0.184961
1694 0.45 0.153469
1695 0.5 0.170139
1696 0.45 0.169752
1697 0.45 0.169752
1698 0.6 0.210263
1699 0.6 0.210263
1700 0.55 0.198348
1701 0.55 0.198348
1702 0.7 0.23056
1703 0.6 0.197351
1704 0.55 0.198348
1705 0.55 0.198348
1706 0.5 0.184961
1707 0.5 0.184961
1708 0.5 0.19868
1709 0.55 0.198348
1710 0.55 0.198348
1711 0.5 0.19868
1712 0.5 0.19868
1713 0.45 0.184605
1714 0.45 0.184605
1715 0.45 0.184605
1716 0.45 0.184605
1717 0.45 0.184605
1718 0.4 0.168585
1719 0.5 0.170139
1720 0.5 0.170139
1721 0.5 0.170139
1722 0.45 0.169752
1723 0.45 0.169752
1724 0.4 0.168585
1725 0.35 0.15
1726 0.35 0.15
1727 0.4 0.152177
1728 0.45 0.169752
1729 0.45 0.153469
1730 0.5 0.170139
1731 0.45 0.169752
1732 0.5 0.184961
1733 0.5 0.184961
1734 0.6 0.183533
1735 0.65 0.208693
1736 0.6 0.183533
1737 0.55 0.184605
1738 0.55 0.184605
1739 0.55 0.184605
1740 0.55 0.184605
1741 0.55 0.184605
1742 0.55 0.184605
1743 0.55 0.184605
1744 0.55 0.184605
1745 0.65 0.195677
1746 0.65 0.195677
1747 0.65 0.220943
1748 0.75 0.216126
1749 0.7 0.206474
1750 0.7 0.206474
1751 0.65 0.195677
1752 0.65 0.195677
1753 0.75 0.203586
1754 0.65 0.208693
1755 0.65 0.208693
1756 0.65 0.208693
1757 0.6 0.183533
1758 0.6 0.183533
1759 0.65 0.181731
1760 0.75 0.190221
1761 0.75 0.216126
1762 0.75 0.216126
1763 0.75 0.216126
1764 0.7 0.206474
1765 0.55 0.153469
1766 0.55 0.153469
1767 0.6 0.168585
1768 0.55 0.153469
1769 0.55 0.153469
1770 0.55 0.153469
1771 0.55 0.184605
1772 0.55 0.184605
1773 0.6 0.183533
1774 0.6 0.183533
1775 0.65 0.208693
1776 0.65 0.208693
1777 0.6 0.183533
1778 0.7 0.206474
1779 0.75 0.239242
1780 0.8 0.247088
1781 0.9 0.250263
1782 0.85 0.220943
1783 0.8 0.212751
1784 0.75 0.216126
1785 0.8 0.212751
1786 0.75 0.175844
1787 0.65 0.131289
1788 0.75 0.190221
1789 0.5 0.153897
1790 0.55 0.169752
1791 0.55 0.169752
1792 0.6 0.168585
1793 0.6 0.168585
1794 0.65 0.181731
1795 0.7 0.206474
1796 0.7 0.206474
1797 0.7 0.206474
1798 0.6 0.197351
1799 0.5 0.184961
1800 0.55 0.184605
1801 0.65 0.195677
1802 0.65 0.195677
1803 0.65 0.195677
1804 0.6 0.183533
1805 0.6 0.183533
1806 0.65 0.181731
1807 0.65 0.181731
1808 0.55 0.184605
1809 0.5 0.153897
1810 0.5 0.153897
1811 0.5 0.153897
1812 0.5 0.153897
1813 0.45 0.135239
1814 0.5 0.135724
1815 0.5 0.135724
1816 0.5 0.135724
1817 0.55 0.153469
1818 0.55 0.153469
1819 0.45 0.135239
1820 0.45 0.135239
1821 0.45 0.135239
1822 0.5 0.153897
1823 0.55 0.153469
1824 0.55 0.153469
1825 0.55 0.153469
1826 0.5 0.135724
1827 0.5 0.135724
1828 0.5 0.135724
1829 0.5 0.135724
1830 0.5 0.135724
1831 0.5 0.135724
1832 0.45 0.135239
1833 0.45 0.135239
1834 0.45 0.135239
1835 0.45 0.135239
1836 0.45 0.135239
1837 0.5 0.153897
1838 0.5 0.153897
1839 0.5 0.153897
1840 0.6 0.168585
1841 0.6 0.168585
1842 0.6 0.168585
1843 0.55 0.169752
1844 0.5 0.153897
1845 0.45 0.135239
1846 0.5 0.153897
1847 0.45 0.153469
1848 0.45 0.153469
1849 0.4 0.133771
1850 0.35 0.131289
1851 0.35 0.131289
1852 0.4 0.168585
1853 0.45 0.184605
1854 0.5 0.184961
1855 0.5 0.184961
1856 0.5 0.184961
1857 0.45 0.169752
1858 0.3 0.105131
1859 0.3 0.105131
1860 0.3 0.105131
1861 0.3 0.105131
1862 0.35 0.131289
1863 0.3 0.127733
1864 0.3 0.127733
1865 0.3 0.127733
1866 0.3 0.127733
1867 0.3 0.127733
1868 0.3 0.127733
1869 0.3 0.127733
1870 0.25 0.12301
1871 0.2 0.0917663
1872 0.2 0.0917663
1873 0.2 0.0917663
1874 0.2 0.0917663
1875 0.25 0.0993399
1876 0.25 0.0993399
1877 0.3 0.127733
1878 0.3 0.127733
1879 0.3 0.127733
1880 0.3 0.127733
1881 0.3 0.127733
1882 0.3 0.127733
1883 0.3 0.127733
1884 0.25 0.12301
1885 0.3 0.105131
1886 0.25 0.0993399
1887 0.35 0.131289
1888 0.4 0.152177
1889 0.35 0.131289
1890 0.35 0.131289
1891 0.35 0.131289
1892 0.4 0.152177
1893 0.35 0.131289
1894 0.35 0.131289
1895 0.35 0.131289
1896 0.25 0.0993399
1897 0.35 0.131289
1898 0.4 0.133771
1899 0.4 0.133771
1900 0.4 0.133771
1901 0.4 0.133771
1902 0.35 0.131289
1903 0.35 0.131289
1904 0.35 0.131289
1905 0.35 0.131289
1906 0.4 0.133771
1907 0.25 0.0993399
1908 0.25 0.0993399
1909 0.3 0.127733
1910 0.35 0.15
1911 0.4 0.152177
1912 0.4 0.152177
1913 0.45 0.153469
1914 0.4 0.133771
1915 0.4 0.133771
1916 0.3 0.127733
1917 0.3 0.127733
1918 0.35 0.109424
1919 0.35 0.109424
1920 0.35 0.109424
1921 0.35 0.109424
1922 0.35 0.109424
1923 0.35 0.109424
1924 0.3 0.105131
1925 0.25 0.0993399
1926 0.25 0.0993399
1927 0.35 0.131289
1928 0.4 0.152177
1929 0.45 0.153469
1930 0.45 0.153469
1931 0.45 0.153469
1932 0.45 0.169752
1933 0.45 0.169752
1934 0.5 0.170139
1935 0.5 0.170139
1936 0.5 0.170139
1937 0.5 0.170139
1938 0.5 0.170139
1939 0.5 0.170139
1940 0.45 0.153469
1941 0.45 0.153469
1942 0.45 0.153469
1943 0.5 0.153897
1944 0.5 0.153897
1945 0.5 0.135724
