0 0 0
1 0 0
2 0.15 0.0819178
3 0.3 0.105131
4 0.5 0.135724
5 0.7 0.218849
6 0.75 0.260314
7 1.05 0.276015
8 1.2 0.267542
9 1.35 0.254176
10 1.55 0.245753
11 1.6 0.222427
12 1.7 0.272416
13 1.75 0.270234
14 1.75 0.260314
15 1.8 0.257519
16 1.85 0.243602
17 1.95 0.245753
18 1.95 0.245753
19 1.9 0.280038
20 1.9 0.280038
21 1.85 0.254176
22 1.85 0.254176
23 1.9 0.250263
24 2 0.261574
25 2 0.261574
26 2 0.299122
27 1.95 0.303272
28 2.15 0.301531
29 2.15 0.301531
30 2.05 0.303272
31 2.15 0.301531
32 2.2 0.295581
33 2.2 0.295581
34 2.2 0.295581
35 2.25 0.29802
36 2.3 0.291096
37 2.3 0.291096
38 2.35 0.274101
39 2.4 0.265568
40 2.45 0.276015
41 2.45 0.276015
42 2.4 0.284697
43 2.4 0.284697
44 2.6 0.319539
45 2.65 0.310136
46 2.7 0.308647
47 2.65 0.318508
48 2.65 0.292674
49 2.65 0.292674
50 2.75 0.306723
51 2.7 0.3
52 2.6 0.319539
53 2.65 0.310136
54 2.65 0.310136
55 2.7 0.317059
56 2.7 0.317059
57 2.8 0.329274
58 2.8 0.295581
59 2.85 0.301531
60 2.75 0.29802
61 2.8 0.28654
62 2.8 0.28654
63 2.85 0.292674
64 2.9 0.306937
65 2.9 0.306937
66 2.95 0.311828
67 3 0.307794
68 3 0.307794
69 2.95 0.320156
70 3 0.307794
71 2.95 0.328273
72 2.95 0.328273
73 2.95 0.328273
74 2.95 0.328273
75 2.8 0.329274
76 2.95 0.311828
77 2.95 0.311828
78 3.05 0.328273
79 3.1 0.331662
80 3.1 0.323631
81 3.1 0.315394
82 3.15 0.334625
83 3.1 0.339504
84 3.05 0.320156
85 3.2 0.329274
86 3.15 0.318508
87 3.25 0.323427
88 3.25 0.323427
89 3.25 0.323427
90 3.25 0.323427
91 3.1 0.323631
92 3.1 0.323631
93 3.15 0.334625
94 3.15 0.334625
95 3.2 0.337171
96 3.25 0.33931
97 3.25 0.33931
98 3.25 0.33931
99 3.2 0.329274
100 3.25 0.331464
101 3.25 0.331464
102 3.25 0.331464
103 3.25 0.331464
104 3.25 0.331464
105 3.2 0.329274
106 3.25 0.315186
107 3.25 0.289055
108 3.25 0.289055
109 3.4 0.335606
110 3.4 0.335606
111 3.3 0.333246
112 3.3 0.325253
113 3.25 0.331464
114 3.35 0.342399
115 3.35 0.342399
116 3.45 0.336194
117 3.5 0.336389
118 3.55 0.328273
119 3.6 0.327671
120 3.6 0.327671
121 3.55 0.311828
122 3.55 0.311828
123 3.55 0.311828
124 3.5 0.320362
125 3.55 0.336194
126 3.55 0.336194
127 3.6 0.335606
128 3.55 0.328273
129 3.65 0.35744
130 3.7 0.325253
131 3.65 0.318508
132 3.7 0.325253
133 3.7 0.356149
134 3.7 0.348682
135 3.7 0.356149
136 3.75 0.33931
137 3.8 0.344887
138 3.85 0.35744
139 3.85 0.35744
140 3.75 0.376095
141 3.8 0.367065
142 3.8 0.367065
143 3.85 0.35744
144 3.9 0.354668
145 3.9 0.331662
146 3.9 0.331662
147 3.85 0.342399
148 3.8 0.337171
149 3.75 0.346979
150 3.85 0.334625
151 3.85 0.334625
152 3.8 0.344887
153 3.9 0.354668
154 3.9 0.354668
155 3.8 0.321182
156 3.85 0.334625
157 3.75 0.323427
158 3.75 0.323427
159 3.8 0.312881
160 3.8 0.312881
161 3.8 0.312881
162 3.75 0.29802
163 3.8 0.304354
164 3.8 0.304354
165 3.8 0.28654
166 3.85 0.301531
167 3.85 0.318508
168 3.8 0.321182
169 3.85 0.334625
170 3.85 0.334625
171 3.95 0.328273
172 4.1 0.362012
173 4.2 0.352435
174 4.2 0.352435
175 4.15 0.342399
176 4.15 0.342399
177 4.1 0.339504
178 4.05 0.351501
179 4 0.340279
180 4 0.340279
181 4 0.347926
182 4 0.347926
183 3.75 0.331464
184 3.85 0.342399
185 3.85 0.342399
186 3.8 0.321182
187 3.85 0.342399
188 3.8 0.352435
189 3.8 0.352435
190 3.75 0.369031
191 3.75 0.36183
192 3.8 0.352435
193 3.75 0.369031
194 3.8 0.359825
195 3.85 0.35
196 3.85 0.35
197 3.95 0.320156
198 3.95 0.320156
199 3.95 0.320156
200 4 0.340279
201 4 0.340279
202 3.95 0.351501
203 3.9 0.339504
204 4.05 0.320156
205 3.95 0.336194
206 3.95 0.328273
207 4 0.340279
208 4.1 0.331662
209 4.05 0.328273
210 4.15 0.326666
211 4.15 0.326666
212 4.15 0.326666
213 4.1 0.339504
214 4 0.355409
215 4.05 0.328273
216 4.05 0.320156
217 4 0.324443
218 4.1 0.323631
219 4.05 0.328273
220 4.05 0.328273
221 4.1 0.323631
222 4.1 0.323631
223 4.05 0.328273
224 4.05 0.328273
225 4.05 0.320156
226 4.05 0.320156
227 4.05 0.320156
228 4.1 0.315394
229 4.1 0.315394
230 4.1 0.315394
231 4.15 0.301531
232 4.05 0.320156
233 4 0.307794
234 4.1 0.315394
235 4.05 0.303272
236 4.15 0.301531
237 4.3 0.291096
238 4.25 0.29802
239 4.2 0.312881
240 4.2 0.312881
241 4.15 0.310136
242 4.05 0.276015
243 4.1 0.280038
244 4.05 0.294467
245 4.15 0.326666
246 4.15 0.326666
247 4.1 0.29824
248 4.15 0.318508
249 4.15 0.318508
250 4.15 0.318508
251 4.2 0.321182
252 4.3 0.356149
253 4.3 0.356149
254 4.25 0.354483
255 4.2 0.359825
256 4.15 0.364728
257 4.3 0.356149
258 4.3 0.356149
259 4.3 0.356149
260 4.25 0.346979
261 4.2 0.337171
262 4.35 0.334625
263 4.4 0.319539
264 4.4 0.319539
265 4.45 0.311828
266 4.5 0.312039
267 4.5 0.312039
268 4.5 0.312039
269 4.5 0.328473
270 4.45 0.328273
271 4.55 0.311828
272 4.55 0.276015
273 4.6 0.293795
274 4.65 0.28354
275 4.6 0.275299
276 4.6 0.284697
277 4.5 0.28562
278 4.55 0.276015
279 4.4 0.319539
280 4.35 0.334625
281 4.35 0.334625
282 4.4 0.311195
283 4.4 0.311195
284 4.45 0.294467
285 4.55 0.311828
286 4.5 0.336389
287 4.45 0.343932
288 4.45 0.343932
289 4.45 0.343932
290 4.4 0.350939
291 4.5 0.328473
292 4.4 0.319539
293 4.45 0.336194
294 4.45 0.336194
295 4.5 0.320362
296 4.6 0.311195
297 4.5 0.328473
298 4.5 0.328473
299 4.5 0.328473
300 4.65 0.334625
301 4.65 0.334625
302 4.55 0.328273
303 4.5 0.320362
304 4.5 0.320362
305 4.65 0.310136
306 4.65 0.318508
307 4.55 0.320156
308 4.5 0.336389
309 4.65 0.318508
310 4.55 0.336194
311 4.55 0.358909
312 4.65 0.35
313 4.55 0.343932
314 4.6 0.311195
315 4.75 0.323427
316 4.7 0.308647
317 4.7 0.308647
318 4.75 0.29802
319 4.75 0.323427
320 4.75 0.306723
321 4.75 0.306723
322 4.75 0.306723
323 4.8 0.304354
324 4.8 0.304354
325 4.8 0.304354
326 4.8 0.304354
327 4.65 0.28354
328 4.55 0.28539
329 4.65 0.301531
330 4.65 0.301531
331 4.7 0.325253
332 4.75 0.369031
333 4.85 0.35
334 4.9 0.354668
335 4.85 0.342399
336 4.85 0.371873
337 4.9 0.37627
338 4.95 0.400493
339 5.05 0.373286
340 5.05 0.373286
341 5 0.362738
342 4.95 0.351501
343 4.95 0.373286
344 4.95 0.373286
345 5 0.355409
346 4.95 0.343932
347 4.95 0.343932
348 5 0.340279
349 4.85 0.342399
350 4.9 0.339504
351 5 0.347926
352 4.95 0.336194
353 5.05 0.351501
354 4.95 0.358909
355 5 0.369922
356 5 0.369922
357 5 0.376969
358 5.1 0.390007
359 5 0.376969
360 4.95 0.373286
361 4.95 0.373286
362 4.7 0.325253
363 4.8 0.352435
364 4.8 0.359825
365 4.95 0.373286
366 4.85 0.35
367 5 0.332455
368 4.95 0.343932
369 5 0.340279
370 4.9 0.362012
371 5 0.376969
372 4.9 0.390007
373 4.85 0.399177
374 4.8 0.367065
375 4.75 0.376095
376 4.7 0.363463
377 4.7 0.363463
378 4.8 0.374166
379 4.7 0.370632
380 4.8 0.374166
381 4.8 0.359825
382 4.75 0.383028
383 4.65 0.392529
384 4.55 0.419743
385 4.6 0.412948
386 4.55 0.387128
387 4.65 0.392529
388 4.7 0.404579
389 4.65 0.418487
390 4.6 0.406526
391 4.65 0.412151
392 4.65 0.442927
393 4.7 0.43589
394 4.75 0.434529
395 4.75 0.434529
396 4.75 0.434529
397 4.6 0.419273
398 4.7 0.398021
399 4.6 0.379751
400 4.55 0.38027
401 4.7 0.391354
402 4.65 0.385766
403 4.55 0.400493
404 4.75 0.422243
405 4.75 0.440544
406 4.75 0.440544
407 4.8 0.467918
408 4.85 0.448829
409 4.85 0.418487
410 4.9 0.428584
411 4.95 0.425966
412 4.85 0.460406
413 4.85 0.436945
414 4.85 0.412151
415 4.85 0.412151
416 4.9 0.40975
417 4.8 0.394702
418 4.7 0.377666
419 4.75 0.376095
420 4.85 0.392529
421 4.8 0.401314
422 4.9 0.403276
423 4.9 0.403276
424 4.95 0.407011
425 4.95 0.407011
426 4.9 0.403276
427 4.75 0.396531
428 4.7 0.398021
429 4.8 0.420526
430 4.75 0.409589
431 4.75 0.409589
432 4.75 0.409589
433 4.85 0.424729
434 4.85 0.424729
435 4.8 0.420526
436 4.8 0.420526
437 4.75 0.434529
438 4.7 0.404579
439 4.7 0.384571
440 4.75 0.369031
441 4.75 0.376095
442 4.75 0.383028
443 4.8 0.387977
444 4.75 0.389838
445 4.7 0.384571
446 4.8 0.394702
447 4.7 0.391354
448 4.75 0.396531
449 4.7 0.391354
450 4.75 0.396531
451 4.7 0.391354
452 4.75 0.403113
453 4.75 0.422243
454 4.7 0.417385
455 4.7 0.417385
456 4.7 0.411032
457 4.7 0.411032
458 4.65 0.399177
459 4.75 0.389838
460 4.65 0.385766
461 4.6 0.393366
462 4.55 0.387128
463 4.55 0.38027
464 4.7 0.356149
465 4.75 0.369031
466 4.75 0.369031
467 4.65 0.371873
468 4.7 0.363463
469 4.8 0.367065
470 4.75 0.369031
471 4.8 0.374166
472 4.7 0.348682
473 4.75 0.376095
474 4.85 0.364728
475 4.9 0.37627
476 4.85 0.364728
477 4.8 0.367065
478 4.8 0.367065
479 4.8 0.387977
480 4.9 0.37627
481 4.9 0.362012
482 4.85 0.35
483 4.75 0.346979
484 4.85 0.364728
485 4.8 0.352435
486 4.75 0.354483
487 4.75 0.36183
488 4.75 0.354483
489 4.8 0.367065
490 4.85 0.35
491 4.95 0.358909
492 4.95 0.358909
493 5 0.369922
494 4.95 0.366168
495 5 0.355409
496 4.9 0.36921
497 4.85 0.385766
498 4.95 0.358909
499 4.9 0.347169
500 4.85 0.342399
501 4.7 0.333246
502 4.65 0.364728
503 4.65 0.326666
504 4.7 0.325253
505 4.8 0.321182
506 4.75 0.331464
507 4.8 0.352435
508 4.85 0.35
509 4.85 0.334625
510 4.75 0.33931
511 4.75 0.331464
512 4.8 0.321182
513 4.85 0.334625
514 4.95 0.343932
515 4.9 0.347169
516 4.9 0.354668
517 5 0.340279
518 5 0.355409
519 5.1 0.339504
520 5 0.347926
521 5.05 0.336194
522 5.05 0.328273
523 5.15 0.342399
524 4.95 0.320156
525 4.9 0.331662
526 4.9 0.315394
527 4.9 0.306937
528 4.85 0.318508
529 4.85 0.318508
530 4.95 0.303272
531 4.95 0.303272
532 4.9 0.306937
533 4.9 0.289282
534 4.8 0.295581
535 4.8 0.28654
536 4.85 0.292674
537 4.85 0.28354
538 4.9 0.280038
539 4.95 0.294467
540 4.95 0.294467
541 4.9 0.29824
542 4.9 0.331662
543 4.9 0.331662
544 4.9 0.331662
545 4.95 0.311828
546 4.9 0.315394
547 4.9 0.315394
548 4.95 0.28539
549 4.95 0.28539
550 4.9 0.280038
551 4.9 0.280038
552 4.9 0.29824
553 4.9 0.29824
554 4.85 0.310136
555 4.8 0.312881
556 4.85 0.301531
557 4.8 0.295581
558 4.75 0.315186
559 4.8 0.295581
560 4.65 0.28354
561 4.65 0.28354
562 4.75 0.279803
563 4.8 0.277204
564 4.85 0.274101
565 4.9 0.270477
566 4.8 0.257519
567 4.8 0.257519
568 4.85 0.264326
569 4.8 0.277204
570 4.8 0.277204
571 4.7 0.272416
572 4.7 0.281911
573 4.7 0.291096
574 4.75 0.279803
575 4.9 0.29824
576 4.9 0.289282
577 4.95 0.276015
578 5 0.290191
579 4.9 0.289282
580 4.9 0.289282
581 4.9 0.289282
582 4.95 0.294467
583 4.8 0.304354
584 4.95 0.28539
585 5 0.271448
586 5 0.280976
587 5 0.280976
588 5.05 0.276015
589 5.05 0.28539
590 5.1 0.280038
591 5.05 0.294467
592 5.1 0.280038
593 5 0.271448
594 5.05 0.276015
595 5.05 0.294467
596 4.95 0.303272
597 5.05 0.303272
598 5.05 0.303272
599 5.05 0.303272
600 5 0.299122
601 5.1 0.315394
602 5.15 0.310136
603 5.1 0.306937
604 5.1 0.306937
605 5.1 0.306937
606 5.1 0.306937
607 5.05 0.311828
608 4.95 0.28539
609 5.1 0.289282
610 5 0.290191
611 5.1 0.280038
612 5.15 0.274101
613 5.15 0.318508
614 5.05 0.320156
615 5.05 0.320156
616 5.05 0.303272
617 5.05 0.311828
618 5.15 0.310136
619 5.15 0.326666
620 5.15 0.326666
621 5.15 0.326666
622 5.2 0.312881
623 5.2 0.329274
624 5.25 0.323427
625 5.15 0.326666
626 5.2 0.329274
627 5.25 0.323427
628 5.2 0.312881
629 5.2 0.312881
630 5.2 0.321182
631 5.2 0.321182
632 5.4 0.343358
633 5.35 0.342399
634 5.2 0.344887
635 5.35 0.35
636 5.3 0.333246
637 5.25 0.331464
638 5.25 0.306723
639 5.15 0.318508
640 5.15 0.318508
641 5.15 0.318508
642 5.2 0.304354
643 5.25 0.331464
644 5.35 0.310136
645 5.35 0.292674
646 5.3 0.317059
647 5.3 0.325253
648 5.15 0.301531
649 5.1 0.29824
650 5.05 0.26631
651 5.15 0.274101
652 5.1 0.280038
653 5.15 0.274101
654 5.15 0.274101
655 5.15 0.264326
656 5.1 0.250263
657 5.05 0.256238
658 5.1 0.228266
659 5.2 0.224781
660 5.2 0.224781
661 5.1 0.228266
662 5.1 0.239517
663 5.1 0.239517
664 5.1 0.239517
665 5.15 0.274101
666 5.15 0.254176
667 5.15 0.28354
668 5.2 0.28654
669 5.05 0.294467
670 5.15 0.28354
671 5.1 0.280038
672 5.1 0.260566
673 5.15 0.232549
674 5.2 0.236198
675 5.15 0.232549
676 5.2 0.2
677 5.15 0.195677
678 5.15 0.195677
679 5.3 0.218849
680 5.15 0.220943
681 5.25 0.239242
682 5.35 0.220943
683 5.2 0.212751
684 5.3 0.23056
685 5.25 0.239242
686 5.2 0.224781
687 5.25 0.216126
688 5.3 0.206474
689 5.25 0.216126
690 5.2 0.236198
691 5.1 0.228266
692 5.15 0.232549
693 5.1 0.239517
694 5.15 0.232549
695 5.25 0.239242
696 5.1 0.228266
697 5.1 0.250263
698 5.2 0.236198
699 5.3 0.262578
700 5.3 0.252357
701 5.25 0.25
702 5.1 0.239517
703 5 0.229416
704 4.95 0.234801
705 5 0.229416
706 5.05 0.223312
707 4.95 0.245753
708 4.85 0.28354
709 4.9 0.260566
710 4.9 0.270477
711 4.95 0.26631
712 4.95 0.28539
713 5 0.261574
714 5 0.290191
715 5.1 0.280038
716 5.2 0.304354
717 5 0.316228
718 5.05 0.303272
719 5 0.299122
720 5.1 0.289282
721 5.1 0.289282
722 5 0.251312
723 5 0.251312
724 4.95 0.245753
725 4.85 0.274101
726 4.8 0.28654
727 4.9 0.250263
728 5.05 0.28539
729 5.05 0.294467
730 5.1 0.29824
731 5.1 0.29824
732 5.15 0.292674
733 5.2 0.257519
734 5.2 0.257519
735 5.2 0.257519
736 5.25 0.260314
737 5.3 0.272416
738 5.3 0.272416
739 5.35 0.264326
740 5.35 0.264326
741 5.35 0.232549
742 5.3 0.23056
743 5.2 0.257519
744 5.15 0.264326
745 5.2 0.257519
746 5.15 0.254176
747 5.3 0.252357
748 5.2 0.277204
749 5.15 0.274101
750 5.1 0.29824
751 5.15 0.301531
752 5.2 0.295581
753 5.2 0.304354
754 5.2 0.277204
755 5.05 0.245753
756 4.95 0.28539
757 5 0.290191
758 4.95 0.26631
759 5 0.280976
760 5.05 0.28539
761 5 0.280976
762 4.95 0.26631
763 5 0.271448
764 5 0.271448
765 4.95 0.276015
766 4.95 0.276015
767 4.95 0.303272
768 5.05 0.303272
769 4.95 0.28539
770 5.05 0.276015
771 5.1 0.280038
772 5 0.290191
773 5.1 0.260566
774 5.05 0.276015
775 4.95 0.26631
776 4.95 0.276015
777 4.85 0.292674
778 4.8 0.28654
779 4.8 0.267542
780 4.85 0.232549
781 4.85 0.264326
782 4.95 0.26631
783 4.8 0.257519
784 4.9 0.280038
785 4.9 0.29824
786 4.85 0.292674
787 4.85 0.274101
788 4.95 0.303272
789 4.9 0.29824
790 4.95 0.303272
791 4.8 0.304354
792 4.8 0.295581
793 4.85 0.292674
794 4.75 0.270234
795 4.75 0.270234
796 4.75 0.270234
797 4.8 0.267542
798 4.7 0.262578
799 4.8 0.277204
800 4.8 0.277204
801 4.8 0.277204
802 4.8 0.277204
803 4.85 0.264326
804 4.85 0.28354
805 4.75 0.289055
806 4.65 0.334625
807 4.8 0.329274
808 4.85 0.334625
809 4.9 0.331662
810 4.9 0.315394
811 4.95 0.303272
812 4.9 0.306937
813 4.9 0.306937
814 5 0.290191
815 5 0.290191
816 4.9 0.29824
817 4.9 0.280038
818 4.8 0.304354
819 4.8 0.304354
820 4.8 0.304354
821 4.75 0.289055
822 4.8 0.295581
823 4.8 0.295581
824 4.85 0.301531
825 4.85 0.301531
826 4.8 0.295581
827 4.9 0.270477
828 5 0.290191
829 5.05 0.28539
830 5 0.280976
831 4.85 0.292674
832 4.7 0.317059
833 4.7 0.325253
834 4.7 0.341051
835 4.65 0.364728
836 4.75 0.346979
837 4.9 0.323631
838 4.9 0.315394
839 4.95 0.311828
840 5.15 0.318508
841 5.15 0.318508
842 5.2 0.295581
843 5.15 0.274101
844 5.15 0.274101
845 5.15 0.274101
846 5.1 0.29824
847 5.15 0.292674
848 5.2 0.304354
849 5.15 0.292674
850 5 0.307794
851 5.05 0.294467
852 5 0.307794
853 5.05 0.311828
854 5 0.299122
855 5.05 0.320156
856 5 0.316228
857 5.05 0.336194
858 5.05 0.336194
859 5.05 0.336194
860 5.05 0.343932
861 5.05 0.343932
862 5.1 0.331662
863 5.05 0.320156
864 5.05 0.320156
865 5.1 0.315394
866 5.1 0.315394
867 5.05 0.26631
868 5.1 0.29824
869 5.1 0.29824
870 4.95 0.276015
871 4.85 0.254176
872 4.8 0.247088
873 4.85 0.220943
874 4.9 0.21643
875 4.95 0.223312
876 4.95 0.223312
877 4.95 0.223312
878 4.95 0.234801
879 4.95 0.234801
880 4.95 0.234801
881 4.95 0.234801
882 4.95 0.223312
883 4.95 0.223312
884 4.85 0.220943
885 4.85 0.243602
886 4.8 0.277204
887 4.7 0.262578
888 4.7 0.262578
889 4.6 0.255467
890 4.65 0.274101
891 4.55 0.26631
892 4.6 0.244949
893 4.6 0.255467
894 4.55 0.256238
895 4.55 0.256238
896 4.45 0.256238
897 4.5 0.266557
898 4.55 0.276015
899 4.5 0.266557
900 4.5 0.266557
901 4.5 0.28562
902 4.35 0.292674
903 4.45 0.294467
904 4.55 0.328273
905 4.55 0.343932
906 4.7 0.325253
907 4.65 0.326666
908 4.65 0.318508
909 4.65 0.326666
910 4.55 0.328273
911 4.55 0.328273
912 4.6 0.327671
913 4.55 0.303272
914 4.55 0.328273
915 4.65 0.318508
916 4.55 0.294467
917 4.5 0.28562
918 4.45 0.28539
919 4.45 0.28539
920 4.55 0.276015
921 4.5 0.276253
922 4.45 0.294467
923 4.55 0.303272
924 4.55 0.303272
925 4.55 0.303272
926 4.55 0.303272
927 4.5 0.29469
928 4.55 0.26631
929 4.55 0.26631
930 4.55 0.26631
931 4.55 0.26631
932 4.6 0.265568
933 4.6 0.265568
934 4.6 0.265568
935 4.55 0.26631
936 4.5 0.29469
937 4.55 0.276015
938 4.45 0.245753
939 4.45 0.256238
940 4.45 0.234801
941 4.45 0.245753
942 4.45 0.245753
943 4.45 0.256238
944 4.4 0.244949
945 4.5 0.235081
946 4.55 0.223312
947 4.5 0.235081
948 4.5 0.235081
949 4.5 0.223607
950 4.4 0.197351
951 4.5 0.223607
952 4.6 0.244949
953 4.6 0.244949
954 4.65 0.254176
955 4.6 0.255467
956 4.6 0.244949
957 4.65 0.243602
958 4.7 0.23056
959 4.7 0.23056
960 4.85 0.220943
961 4.8 0.212751
962 4.75 0.216126
963 4.85 0.220943
964 4.85 0.243602
965 4.95 0.223312
966 4.95 0.223312
967 4.75 0.227977
968 4.75 0.227977
969 4.75 0.25
970 4.7 0.23056
971 4.7 0.241704
972 4.75 0.239242
973 4.75 0.25
974 4.75 0.25
975 4.7 0.272416
976 4.65 0.254176
977 4.55 0.234801
978 4.7 0.218849
979 4.7 0.241704
980 4.7 0.241704
981 4.75 0.227977
982 4.7 0.241704
983 4.7 0.241704
984 4.65 0.264326
985 4.75 0.227977
986 4.75 0.227977
987 4.65 0.264326
988 4.65 0.264326
989 4.55 0.256238
990 4.6 0.275299
991 4.7 0.272416
992 4.7 0.272416
993 4.6 0.275299
994 4.6 0.275299
995 4.55 0.276015
996 4.65 0.274101
997 4.65 0.264326
998 4.65 0.264326
999 4.65 0.232549
1000 4.65 0.232549
1001 4.6 0.244949
1002 4.55 0.234801
1003 4.55 0.2112
1004 4.5 0.235081
1005 4.45 0.26631
1006 4.5 0.266557
1007 4.55 0.256238
1008 4.6 0.275299
1009 4.6 0.275299
1010 4.6 0.275299
1011 4.65 0.274101
1012 4.6 0.265568
1013 4.6 0.275299
1014 4.7 0.272416
1015 4.65 0.274101
1016 4.7 0.272416
1017 4.75 0.270234
1018 4.8 0.267542
1019 4.8 0.267542
1020 4.8 0.277204
1021 4.85 0.274101
1022 4.9 0.270477
1023 4.95 0.256238
1024 4.95 0.256238
1025 4.9 0.260566
1026 4.9 0.250263
1027 4.9 0.260566
1028 4.9 0.270477
1029 4.9 0.270477
1030 5 0.261574
1031 4.95 0.276015
1032 5 0.271448
1033 5 0.280976
1034 5 0.261574
1035 4.95 0.256238
1036 4.95 0.256238
1037 4.9 0.280038
1038 4.95 0.26631
1039 4.95 0.26631
1040 4.85 0.28354
1041 4.85 0.28354
1042 4.85 0.292674
1043 4.9 0.306937
1044 4.9 0.289282
1045 5 0.290191
1046 5 0.290191
1047 5 0.290191
1048 4.85 0.28354
1049 4.75 0.270234
1050 4.75 0.289055
1051 4.75 0.29802
1052 4.75 0.239242
1053 4.7 0.252357
1054 4.75 0.270234
1055 4.7 0.272416
1056 4.7 0.272416
1057 4.7 0.262578
1058 4.7 0.262578
1059 4.75 0.270234
1060 4.7 0.262578
1061 4.7 0.262578
1062 4.7 0.272416
1063 4.75 0.270234
1064 4.7 0.272416
1065 4.65 0.28354
1066 4.7 0.272416
1067 4.8 0.277204
1068 4.8 0.28654
1069 4.75 0.227977
1070 4.7 0.252357
1071 4.75 0.260314
1072 4.8 0.257519
1073 4.75 0.270234
1074 4.8 0.277204
1075 4.85 0.254176
1076 4.85 0.254176
1077 4.9 0.260566
1078 4.85 0.264326
1079 4.85 0.264326
1080 4.8 0.267542
1081 4.75 0.270234
1082 4.75 0.270234
1083 4.85 0.264326
1084 4.85 0.264326
1085 4.85 0.264326
1086 5 0.299122
1087 5 0.299122
1088 4.9 0.289282
1089 4.9 0.29824
1090 4.8 0.304354
1091 4.75 0.289055
1092 4.85 0.274101
1093 4.85 0.274101
1094 4.75 0.289055
1095 4.7 0.3
1096 4.7 0.291096
1097 4.8 0.267542
1098 4.75 0.260314
1099 4.9 0.289282
1100 4.85 0.301531
1101 4.8 0.295581
1102 4.75 0.289055
1103 4.75 0.306723
1104 4.85 0.301531
1105 4.75 0.315186
1106 4.9 0.270477
1107 4.85 0.264326
1108 4.85 0.264326
1109 4.8 0.247088
1110 4.85 0.232549
1111 4.85 0.232549
1112 4.9 0.239517
1113 4.9 0.239517
1114 4.9 0.239517
1115 4.85 0.254176
1116 4.85 0.254176
1117 4.9 0.239517
1118 4.85 0.264326
1119 4.85 0.264326
1120 4.9 0.260566
1121 4.9 0.289282
1122 4.85 0.28354
1123 4.8 0.28654
1124 4.85 0.28354
1125 4.8 0.267542
1126 4.75 0.29802
1127 4.8 0.337171
1128 4.85 0.318508
1129 4.85 0.334625
1130 4.9 0.339504
1131 4.95 0.328273
1132 5 0.324443
1133 5 0.355409
1134 4.95 0.351501
1135 5 0.324443
1136 5 0.324443
1137 5.1 0.323631
1138 5.05 0.320156
1139 5.05 0.303272
1140 5 0.299122
1141 4.95 0.343932
1142 4.95 0.358909
1143 5 0.340279
1144 5 0.340279
1145 5 0.340279
1146 5.05 0.336194
1147 5.05 0.336194
1148 5.1 0.331662
1149 5.15 0.334625
1150 5.15 0.334625
1151 5.05 0.358909
1152 4.95 0.336194
1153 4.9 0.347169
1154 5 0.340279
1155 4.95 0.343932
1156 5 0.324443
1157 5 0.324443
1158 4.95 0.336194
1159 4.95 0.320156
1160 4.95 0.320156
1161 5 0.299122
1162 5 0.299122
1163 4.95 0.320156
1164 5.05 0.303272
1165 5.05 0.303272
1166 4.95 0.311828
1167 5 0.299122
1168 4.9 0.29824
1169 4.9 0.29824
1170 4.9 0.323631
1171 4.85 0.326666
1172 4.85 0.326666
1173 4.9 0.323631
1174 4.95 0.328273
1175 4.95 0.328273
1176 4.95 0.328273
1177 4.8 0.304354
1178 4.95 0.320156
1179 4.95 0.343932
1180 4.95 0.343932
1181 5.05 0.343932
1182 5.05 0.343932
1183 5.05 0.343932
1184 5.1 0.347169
1185 5.05 0.366168
1186 5.05 0.366168
1187 5.1 0.347169
1188 5.1 0.347169
1189 5.15 0.35
1190 5.1 0.347169
1191 5.1 0.354668
1192 5.05 0.358909
1193 5.1 0.354668
1194 5.1 0.354668
1195 5 0.355409
1196 4.8 0.359825
1197 4.8 0.374166
1198 4.9 0.37627
1199 5.05 0.351501
1200 4.95 0.336194
1201 4.95 0.336194
1202 5.05 0.328273
1203 5.05 0.328273
1204 5.05 0.328273
1205 5.05 0.343932
1206 5 0.340279
1207 5.05 0.328273
1208 5.1 0.323631
1209 4.95 0.311828
1210 5.1 0.339504
1211 5.1 0.339504
1212 5 0.369922
1213 5.1 0.339504
1214 5.1 0.339504
1215 5.1 0.315394
1216 5.05 0.336194
1217 5 0.307794
1218 5 0.307794
1219 5.05 0.311828
1220 5.1 0.289282
1221 5.05 0.294467
1222 5 0.299122
1223 5 0.299122
1224 5 0.299122
1225 4.95 0.303272
1226 4.85 0.318508
1227 4.9 0.29824
1228 4.8 0.312881
1229 4.8 0.304354
1230 4.85 0.292674
1231 4.8 0.28654
1232 4.9 0.339504
1233 4.85 0.334625
1234 4.7 0.356149
1235 4.75 0.331464
1236 4.8 0.329274
1237 4.75 0.315186
1238 4.8 0.304354
1239 4.85 0.310136
1240 4.8 0.337171
1241 4.8 0.321182
1242 4.95 0.320156
1243 4.95 0.320156
1244 4.9 0.306937
1245 4.85 0.310136
1246 4.75 0.306723
1247 4.9 0.315394
1248 4.95 0.328273
1249 5 0.324443
1250 4.9 0.306937
1251 4.85 0.28354
1252 4.85 0.28354
1253 4.65 0.264326
1254 4.7 0.272416
1255 4.65 0.274101
1256 4.6 0.284697
1257 4.6 0.293795
1258 4.6 0.319539
1259 4.65 0.364728
1260 4.7 0.363463
1261 4.7 0.363463
1262 4.6 0.335606
1263 4.65 0.342399
1264 4.75 0.323427
1265 4.75 0.323427
1266 4.8 0.329274
1267 4.65 0.326666
1268 4.6 0.327671
1269 4.6 0.327671
1270 4.65 0.301531
1271 4.7 0.325253
1272 4.7 0.325253
1273 4.7 0.325253
1274 4.6 0.319539
1275 4.65 0.318508
1276 4.55 0.328273
1277 4.55 0.303272
1278 4.65 0.292674
1279 4.6 0.293795
1280 4.55 0.311828
1281 4.55 0.311828
1282 4.6 0.311195
1283 4.6 0.293795
1284 4.55 0.28539
1285 4.65 0.28354
1286 4.65 0.28354
1287 4.6 0.284697
1288 4.7 0.281911
1289 4.8 0.267542
1290 4.8 0.267542
1291 4.8 0.267542
1292 4.75 0.260314
1293 4.75 0.279803
1294 4.7 0.281911
1295 4.7 0.281911
1296 4.7 0.281911
1297 4.7 0.281911
1298 4.65 0.274101
1299 4.7 0.272416
1300 4.85 0.301531
1301 4.8 0.312881
1302 4.75 0.29802
1303 4.7 0.281911
1304 4.65 0.301531
1305 4.7 0.308647
1306 4.7 0.317059
1307 4.7 0.308647
1308 4.75 0.29802
1309 4.7 0.308647
1310 4.7 0.348682
1311 4.65 0.342399
1312 4.7 0.348682
1313 4.65 0.364728
1314 4.7 0.363463
1315 4.7 0.363463
1316 4.8 0.352435
1317 4.8 0.312881
1318 4.9 0.306937
1319 4.9 0.306937
1320 4.9 0.29824
1321 4.85 0.301531
1322 4.9 0.29824
1323 4.9 0.29824
1324 4.9 0.29824
1325 4.85 0.310136
1326 4.85 0.301531
1327 4.75 0.315186
1328 4.75 0.315186
1329 4.7 0.308647
1330 4.7 0.308647
1331 4.55 0.276015
1332 4.6 0.255467
1333 4.7 0.272416
1334 4.75 0.289055
1335 4.75 0.306723
1336 4.75 0.29802
1337 4.8 0.28654
1338 4.8 0.28654
1339 4.8 0.28654
1340 4.75 0.289055
1341 4.7 0.281911
1342 4.7 0.252357
1343 4.7 0.252357
1344 4.75 0.29802
1345 4.75 0.306723
1346 4.8 0.304354
1347 4.8 0.304354
1348 4.75 0.315186
1349 4.7 0.308647
1350 4.7 0.325253
1351 4.65 0.318508
1352 4.7 0.325253
1353 4.8 0.321182
1354 4.8 0.321182
1355 4.8 0.344887
1356 4.85 0.35
1357 4.85 0.35
1358 4.85 0.371873
1359 4.95 0.343932
1360 4.9 0.331662
1361 4.8 0.344887
1362 4.9 0.331662
1363 4.85 0.326666
1364 4.85 0.334625
1365 4.8 0.337171
1366 4.8 0.312881
1367 4.85 0.326666
1368 4.85 0.326666
1369 4.8 0.329274
1370 4.75 0.323427
1371 4.8 0.312881
1372 4.8 0.337171
1373 4.6 0.350939
1374 4.5 0.351688
1375 4.5 0.351688
1376 4.45 0.351501
1377 4.55 0.358909
1378 4.55 0.358909
1379 4.65 0.364728
1380 4.75 0.346979
1381 4.8 0.344887
1382 4.8 0.352435
1383 4.8 0.352435
1384 4.85 0.342399
1385 4.9 0.339504
1386 4.85 0.334625
1387 4.9 0.323631
1388 4.8 0.321182
1389 4.85 0.326666
1390 4.75 0.323427
1391 4.75 0.323427
1392 4.75 0.323427
1393 4.7 0.317059
1394 4.75 0.33931
1395 4.7 0.333246
1396 4.75 0.33931
1397 4.65 0.334625
1398 4.65 0.318508
1399 4.6 0.319539
1400 4.55 0.311828
1401 4.5 0.320362
1402 4.55 0.311828
1403 4.55 0.311828
1404 4.65 0.326666
1405 4.75 0.331464
1406 4.75 0.331464
1407 4.7 0.317059
1408 4.75 0.306723
1409 4.7 0.341051
1410 4.75 0.306723
1411 4.75 0.306723
1412 4.75 0.306723
1413 4.65 0.310136
1414 4.55 0.311828
1415 4.55 0.311828
1416 4.55 0.311828
1417 4.55 0.311828
1418 4.45 0.294467
1419 4.45 0.294467
1420 4.45 0.303272
1421 4.5 0.312039
1422 4.55 0.303272
1423 4.6 0.30262
1424 4.6 0.30262
1425 4.55 0.294467
1426 4.6 0.265568
1427 4.4 0.244949
1428 4.35 0.264326
1429 4.35 0.264326
1430 4.3 0.252357
1431 4.4 0.265568
1432 4.45 0.276015
1433 4.5 0.256495
1434 4.4 0.275299
1435 4.5 0.266557
1436 4.55 0.276015
1437 4.45 0.26631
1438 4.3 0.252357
1439 4.35 0.254176
1440 4.55 0.28539
1441 4.45 0.26631
1442 4.45 0.26631
1443 4.35 0.292674
1444 4.45 0.26631
1445 4.5 0.256495
1446 4.45 0.256238
1447 4.3 0.23056
1448 4.35 0.232549
1449 4.35 0.232549
1450 4.45 0.256238
1451 4.4 0.244949
1452 4.45 0.223312
1453 4.5 0.235081
1454 4.6 0.265568
1455 4.6 0.265568
1456 4.6 0.265568
1457 4.6 0.265568
1458 4.55 0.256238
1459 4.5 0.28562
1460 4.5 0.28562
1461 4.5 0.28562
1462 4.45 0.276015
1463 4.4 0.293795
1464 4.35 0.28354
1465 4.35 0.264326
1466 4.3 0.281911
1467 4.45 0.245753
1468 4.5 0.256495
1469 4.45 0.234801
1470 4.5 0.235081
1471 4.6 0.222427
1472 4.65 0.232549
1473 4.65 0.232549
1474 4.6 0.222427
1475 4.55 0.223312
1476 4.5 0.211511
1477 4.5 0.211511
1478 4.4 0.222427
1479 4.5 0.223607
1480 4.45 0.234801
1481 4.5 0.223607
1482 4.45 0.223312
1483 4.45 0.223312
1484 4.45 0.223312
1485 4.35 0.208693
1486 4.4 0.210263
1487 4.45 0.2112
1488 4.4 0.222427
1489 4.35 0.220943
1490 4.4 0.222427
1491 4.35 0.220943
1492 4.4 0.255467
1493 4.55 0.234801
1494 4.5 0.256495
1495 4.55 0.234801
1496 4.35 0.220943
1497 4.35 0.220943
1498 4.35 0.243602
1499 4.5 0.223607
1500 4.45 0.2112
1501 4.55 0.223312
1502 4.5 0.235081
1503 4.5 0.223607
1504 4.5 0.223607
1505 4.5 0.235081
1506 4.5 0.235081
1507 4.35 0.232549
1508 4.4 0.233959
1509 4.4 0.244949
1510 4.6 0.233959
1511 4.6 0.255467
1512 4.6 0.255467
1513 4.4 0.265568
1514 4.35 0.274101
1515 4.3 0.262578
1516 4.25 0.279803
1517 4.35 0.264326
1518 4.4 0.244949
1519 4.45 0.256238
1520 4.35 0.274101
1521 4.35 0.310136
1522 4.45 0.303272
1523 4.45 0.256238
1524 4.5 0.266557
1525 4.45 0.256238
1526 4.6 0.284697
1527 4.45 0.294467
1528 4.45 0.294467
1529 4.45 0.294467
1530 4.45 0.294467
1531 4.45 0.294467
1532 4.5 0.28562
1533 4.5 0.276253
1534 4.5 0.276253
1535 4.55 0.28539
1536 4.6 0.293795
1537 4.55 0.303272
1538 4.55 0.303272
1539 4.45 0.311828
1540 4.55 0.303272
1541 4.55 0.303272
1542 4.55 0.303272
1543 4.55 0.303272
1544 4.55 0.303272
1545 4.55 0.303272
1546 4.5 0.29469
1547 4.55 0.303272
1548 4.55 0.303272
1549 4.55 0.303272
1550 4.55 0.303272
1551 4.45 0.294467
1552 4.5 0.320362
1553 4.15 0.385766
1554 4.45 0.320156
1555 4.35 0.310136
1556 4.4 0.319539
1557 4.4 0.319539
1558 4.55 0.311828
1559 4.55 0.311828
1560 4.45 0.328273
1561 4.4 0.327671
1562 4.45 0.303272
1563 4.5 0.28562
1564 4.5 0.28562
1565 4.5 0.276253
1566 4.5 0.276253
1567 4.55 0.276015
1568 4.55 0.28539
1569 4.5 0.29469
1570 4.55 0.28539
1571 4.5 0.303488
1572 4.6 0.319539
1573 4.6 0.319539
1574 4.6 0.319539
1575 4.65 0.310136
1576 4.65 0.310136
1577 4.7 0.341051
1578 4.7 0.341051
1579 4.7 0.341051
1580 4.65 0.35
1581 4.5 0.344124
1582 4.6 0.327671
1583 4.65 0.318508
1584 4.55 0.320156
1585 4.5 0.303488
1586 4.55 0.294467
1587 4.5 0.303488
1588 4.6 0.30262
1589 4.55 0.294467
1590 4.45 0.303272
1591 4.5 0.28562
1592 4.6 0.275299
1593 4.6 0.293795
1594 4.6 0.293795
1595 4.6 0.293795
1596 4.6 0.293795
1597 4.55 0.294467
1598 4.55 0.303272
1599 4.6 0.30262
1600 4.55 0.311828
1601 4.6 0.30262
1602 4.55 0.294467
1603 4.5 0.336389
1604 4.55 0.311828
1605 4.6 0.319539
1606 4.55 0.320156
1607 4.5 0.312039
1608 4.5 0.312039
1609 4.45 0.320156
1610 4.45 0.311828
1611 4.55 0.303272
1612 4.55 0.303272
1613 4.5 0.29469
1614 4.5 0.28562
1615 4.55 0.303272
1616 4.45 0.28539
1617 4.55 0.294467
1618 4.5 0.28562
1619 4.5 0.28562
1620 4.55 0.294467
1621 4.45 0.303272
1622 4.55 0.303272
1623 4.5 0.303488
1624 4.5 0.28562
1625 4.5 0.28562
1626 4.5 0.28562
1627 4.5 0.28562
1628 4.5 0.28562
1629 4.5 0.28562
1630 4.5 0.28562
1631 4.55 0.303272
1632 4.55 0.303272
1633 4.55 0.303272
1634 4.55 0.303272
1635 4.5 0.29469
1636 4.45 0.294467
1637 4.4 0.319539
1638 4.45 0.320156
1639 4.5 0.328473
1640 4.5 0.328473
1641 4.4 0.30262
1642 4.35 0.301531
1643 4.35 0.318508
1644 4.3 0.3
1645 4.35 0.28354
1646 4.4 0.284697
1647 4.25 0.270234
1648 4.15 0.264326
1649 4.2 0.277204
1650 4.2 0.277204
1651 4.2 0.277204
1652 4.2 0.277204
1653 4 0.280976
1654 4.05 0.294467
1655 4.1 0.289282
1656 4 0.280976
1657 4.1 0.306937
1658 4.15 0.301531
1659 4.15 0.28354
1660 4.2 0.257519
1661 4.25 0.270234
1662 4.25 0.270234
1663 4.15 0.264326
1664 4.2 0.257519
1665 4.1 0.250263
1666 3.95 0.256238
1667 3.95 0.256238
1668 3.95 0.256238
1669 3.95 0.256238
1670 4 0.251312
1671 4 0.240613
1672 3.75 0.315186
1673 3.7 0.325253
1674 3.7 0.325253
1675 3.7 0.341051
1676 3.75 0.346979
1677 3.45 0.38027
1678 3.55 0.393867
1679 3.55 0.400493
1680 3.5 0.400657
1681 3.45 0.407011
1682 3.4 0.406526
1683 3.45 0.407011
1684 3.55 0.400493
1685 3.7 0.398021
1686 3.7 0.377666
1687 3.7 0.391354
1688 3.75 0.396531
1689 3.7 0.398021
1690 3.5 0.380443
1691 3.6 0.379751
1692 3.65 0.378883
1693 3.7 0.391354
1694 3.65 0.378883
1695 3.55 0.358909
1696 3.55 0.358909
1697 3.6 0.365629
1698 3.6 0.365629
1699 3.5 0.359092
1700 3.5 0.359092
1701 3.5 0.359092
1702 3.45 0.358909
1703 3.45 0.358909
1704 3.45 0.358909
1705 3.55 0.373286
1706 3.55 0.373286
1707 3.55 0.373286
1708 3.4 0.350939
1709 3.5 0.351688
1710 3.5 0.351688
1711 3.5 0.351688
1712 3.5 0.351688
1713 3.5 0.351688
1714 3.5 0.351688
1715 3.45 0.351501
1716 3.4 0.335606
1717 3.3 0.325253
1718 3.35 0.326666
1719 3.4 0.343358
1720 3.4 0.343358
1721 3.4 0.343358
1722 3.45 0.351501
1723 3.4 0.350939
1724 3.4 0.327671
1725 3.35 0.326666
1726 3.35 0.334625
1727 3.35 0.334625
1728 3.45 0.358909
1729 3.4 0.343358
1730 3.45 0.358909
1731 3.5 0.359092
1732 3.4 0.372756
1733 3.35 0.371873
1734 3.45 0.366168
1735 3.4 0.386618
1736 3.4 0.386618
1737 3.4 0.386618
1738 3.4 0.386618
1739 3.4 0.386618
1740 3.4 0.379751
1741 3.5 0.373462
1742 3.55 0.373286
1743 3.55 0.373286
1744 3.5 0.380443
1745 3.5 0.380443
1746 3.5 0.380443
1747 3.45 0.38027
1748 3.45 0.38027
1749 3.4 0.372756
1750 3.35 0.385766
1751 3.35 0.378883
1752 3.4 0.379751
1753 3.4 0.393366
1754 3.35 0.371873
1755 3.35 0.371873
1756 3.4 0.365629
1757 3.35 0.35
1758 3.35 0.35744
1759 3.3 0.370632
1760 3.35 0.35744
1761 3.45 0.366168
1762 3.6 0.393366
1763 3.65 0.385766
1764 3.65 0.385766
1765 3.65 0.385766
1766 3.6 0.379751
1767 3.55 0.38027
1768 3.6 0.379751
1769 3.5 0.366348
1770 3.6 0.379751
1771 3.6 0.379751
1772 3.65 0.378883
1773 3.6 0.372756
1774 3.5 0.380443
1775 3.5 0.387298
1776 3.45 0.373286
1777 3.5 0.366348
1778 3.6 0.386618
1779 3.6 0.386618
1780 3.6 0.386618
1781 3.55 0.407011
1782 3.55 0.407011
1783 3.5 0.413585
1784 3.45 0.413426
1785 3.5 0.4199
1786 3.6 0.431643
1787 3.5 0.438298
1788 3.6 0.425503
1789 3.6 0.425503
1790 3.65 0.424729
1791 3.6 0.412948
1792 3.55 0.407011
1793 3.5 0.387298
1794 3.45 0.393867
1795 3.4 0.393366
1796 3.5 0.387298
1797 3.55 0.400493
1798 3.55 0.400493
1799 3.6 0.412948
1800 3.6 0.412948
1801 3.45 0.413426
1802 3.6 0.425503
1803 3.5 0.426121
1804 3.5 0.438298
1805 3.5 0.438298
1806 3.5 0.438298
1807 3.45 0.419743
1808 3.45 0.413426
1809 3.45 0.419743
1810 3.4 0.412948
1811 3.4 0.412948
1812 3.5 0.407173
1813 3.55 0.425966
1814 3.55 0.425966
1815 3.55 0.425966
1816 3.55 0.425966
1817 3.55 0.419743
1818 3.55 0.419743
1819 3.5 0.426121
1820 3.55 0.438148
1821 3.65 0.43088
1822 3.65 0.43088
1823 3.7 0.43589
1824 3.75 0.42843
1825 3.7 0.411032
1826 3.7 0.411032
1827 3.7 0.417385
1828 3.65 0.412151
1829 3.65 0.399177
1830 3.7 0.417385
1831 3.7 0.417385
1832 3.7 0.417385
1833 3.8 0.420526
1834 3.7 0.423643
1835 3.8 0.420526
1836 3.8 0.420526
1837 3.85 0.424729
1838 3.8 0.420526
1839 3.75 0.409589
1840 3.75 0.409589
1841 3.7 0.423643
1842 3.75 0.415964
1843 3.75 0.415964
1844 3.75 0.415964
1845 3.7 0.423643
1846 3.8 0.407818
1847 3.75 0.415964
1848 3.75 0.415964
1849 3.75 0.415964
1850 3.75 0.415964
1851 3.8 0.420526
1852 3.8 0.420526
1853 3.8 0.420526
1854 3.8 0.420526
1855 3.7 0.423643
1856 3.7 0.423643
1857 3.7 0.423643
1858 3.7 0.423643
1859 3.7 0.411032
1860 3.75 0.415964
1861 3.7 0.423643
1862 3.6 0.425503
1863 3.65 0.43088
1864 3.65 0.43088
1865 3.7 0.447802
1866 3.7 0.43589
1867 3.65 0.436945
1868 3.55 0.425966
1869 3.5 0.407173
1870 3.6 0.431643
1871 3.6 0.431643
1872 3.55 0.4321
1873 3.6 0.419273
1874 3.65 0.43088
1875 3.7 0.42981
1876 3.7 0.42981
1877 3.7 0.42981
1878 3.6 0.431643
1879 3.5 0.426121
1880 3.4 0.431643
1881 3.4 0.431643
1882 3.5 0.413585
1883 3.45 0.407011
1884 3.55 0.407011
1885 3.6 0.412948
1886 3.6 0.412948
1887 3.6 0.412948
1888 3.6 0.412948
1889 3.55 0.393867
1890 3.5 0.394034
1891 3.5 0.394034
1892 3.45 0.387128
1893 3.5 0.394034
1894 3.5 0.394034
1895 3.4 0.386618
1896 3.5 0.394034
1897 3.5 0.394034
1898 3.5 0.394034
1899 3.45 0.387128
1900 3.5 0.394034
1901 3.5 0.400657
1902 3.55 0.4321
1903 3.55 0.4321
1904 3.5 0.432252
1905 3.45 0.425966
1906 3.5 0.413585
1907 3.5 0.413585
1908 3.45 0.4321
1909 3.45 0.4321
1910 3.5 0.438298
1911 3.55 0.461548
1912 3.45 0.444114
1913 3.5 0.432252
1914 3.55 0.438148
1915 3.55 0.4321
1916 3.45 0.425966
1917 3.45 0.425966
1918 3.5 0.432252
1919 3.5 0.432252
1920 3.5 0.4199
1921 3.45 0.425966
1922 3.45 0.425966
1923 3.55 0.4321
1924 3.55 0.4321
1925 3.55 0.4321
1926 3.6 0.449561
1927 3.6 0.449561
1928 3.55 0.45581
1929 3.6 0.449561
1930 3.65 0.448829
1931 3.6 0.443669
1932 3.55 0.438148
1933 3.45 0.444114
1934 3.45 0.444114
1935 3.5 0.438298
1936 3.5 0.438298
1937 3.6 0.406526
1938 3.6 0.406526
1939 3.7 0.423643
1940 3.65 0.436945
1941 3.6 0.431643
1942 3.6 0.431643
1943 3.65 0.43088
1944 3.65 0.43088
1945 3.6 0.425503
