0 0 0
1 1.5 0.256495
2 2.2 0.304354
3 2.6 0.30262
4 2.35 0.274101
5 1.95 0.276015
6 1.95 0.234801
7 1.55 0.234801
8 1.2 0.2
9 1 0.240613
10 0.95 0.198348
11 0.75 0.175844
12 0.75 0.175844
13 0.65 0.15
14 0.6 0.152177
15 0.7 0.241704
16 0.65 0.232549
17 0.7 0.23056
18 0.6 0.168585
19 0.65 0.166623
20 0.55 0.114133
21 0.55 0.135239
22 0.55 0.114133
23 0.45 0.135239
24 0.35 0.131289
25 0.35 0.131289
26 0.4 0.133771
27 0.45 0.135239
28 0.4 0.133771
29 0.5 0.135724
30 0.5 0.135724
31 0.45 0.135239
32 0.45 0.135239
33 0.5 0.153897
34 0.4 0.133771
35 0.4 0.11239
36 0.4 0.11239
37 0.4 0.133771
38 0.35 0.109424
39 0.35 0.109424
40 0.35 0.109424
41 0.45 0.135239
42 0.4 0.133771
43 0.35 0.109424
44 0.3 0.105131
45 0.3 0.105131
46 0.3 0.105131
47 0.2 0.0917663
48 0.2 0.0917663
49 0.25 0.12301
50 0.4 0.168585
51 0.4 0.168585
52 0.35 0.15
53 0.3 0.127733
54 0.3 0.127733
55 0.35 0.131289
56 0.3 0.105131
57 0.35 0.131289
58 0.35 0.131289
59 0.35 0.131289
60 0.25 0.0993399
61 0.1 0.0688247
62 0.1 0.0688247
63 0.15 0.0819178
64 0.2 0.0917663
65 0.25 0.0993399
66 0.25 0.0993399
67 0.25 0.0993399
68 0.3 0.105131
69 0.3 0.105131
70 0.4 0.133771
71 0.55 0.153469
72 0.55 0.153469
73 0.5 0.135724
74 0.7 0.163836
75 0.4 0.133771
76 0.35 0.131289
77 0.35 0.131289
78 0.45 0.184605
79 0.4 0.152177
80 0.5 0.170139
81 0.4 0.168585
82 0.3 0.127733
83 0.4 0.133771
84 0.35 0.131289
85 0.4 0.133771
86 0.45 0.169752
87 0.45 0.153469
88 0.4 0.133771
89 0.25 0.0993399
90 0.3 0.105131
91 0.3 0.105131
92 0.25 0.0993399
93 0.25 0.0993399
94 0.35 0.131289
95 0.4 0.133771
96 0.3 0.127733
97 0.3 0.163836
98 0.35 0.166623
99 0.3 0.127733
100 0.3 0.127733
101 0.4 0.133771
102 0.45 0.153469
103 0.35 0.15
104 0.25 0.12301
105 0.3 0.105131
106 0.3 0.105131
107 0.3 0.105131
108 0.25 0.0993399
109 0.4 0.11239
110 0.4 0.11239
111 0.35 0.109424
112 0.4 0.11239
113 0.45 0.135239
114 0.4 0.133771
115 0.45 0.153469
116 0.45 0.153469
117 0.35 0.131289
118 0.3 0.105131
119 0.55 0.153469
120 0.45 0.153469
121 0.4 0.133771
122 0.4 0.133771
123 0.4 0.133771
124 0.45 0.135239
125 0.5 0.153897
126 0.45 0.153469
127 0.4 0.133771
128 0.3 0.127733
129 0.3 0.127733
130 0.2 0.11698
131 0.2 0.11698
132 0.2 0.11698
133 0.15 0.109424
134 0.2 0.11698
135 0.25 0.12301
136 0.4 0.133771
137 0.3 0.105131
138 0.35 0.131289
139 0.25 0.12301
140 0.35 0.131289
141 0.3 0.105131
142 0.35 0.109424
143 0.45 0.135239
144 0.3 0.105131
145 0.35 0.109424
146 0.35 0.109424
147 0.2 0.0917663
148 0.25 0.0993399
149 0.35 0.109424
150 0.3 0.105131
151 0.35 0.109424
152 0.4 0.11239
153 0.55 0.153469
154 0.45 0.135239
155 0.35 0.131289
156 0.3 0.105131
157 0.25 0.12301
158 0.25 0.12301
159 0.25 0.12301
160 0.25 0.12301
161 0.25 0.12301
162 0.25 0.12301
163 0.3 0.127733
164 0.25 0.12301
165 0.3 0.127733
166 0.4 0.152177
167 0.45 0.169752
168 0.4 0.152177
169 0.4 0.152177
170 0.35 0.15
171 0.35 0.131289
172 0.35 0.109424
173 0.4 0.11239
174 0.5 0.135724
175 0.55 0.153469
176 0.45 0.135239
177 0.35 0.131289
178 0.4 0.133771
179 0.35 0.131289
180 0.35 0.131289
181 0.35 0.131289
182 0.4 0.152177
183 0.25 0.12301
184 0.25 0.12301
185 0.35 0.131289
186 0.35 0.131289
187 0.4 0.152177
188 0.35 0.166623
189 0.4 0.210263
190 0.4 0.210263
191 0.35 0.208693
192 0.3 0.206474
193 0.25 0.12301
194 0.3 0.127733
195 0.2 0.0917663
196 0.3 0.105131
197 0.4 0.133771
198 0.4 0.152177
199 0.35 0.166623
200 0.4 0.133771
201 0.4 0.152177
202 0.2 0.0917663
203 0.1 0.0688247
204 0.1 0.0688247
205 0.15 0.0819178
206 0.2 0.0917663
207 0.25 0.0993399
208 0.25 0.0993399
209 0.35 0.131289
210 0.4 0.133771
211 0.3 0.105131
212 0.4 0.133771
213 0.3 0.127733
214 0.25 0.12301
215 0.15 0.0819178
216 0.15 0.0819178
217 0.2 0.0917663
218 0.3 0.127733
219 0.35 0.166623
220 0.35 0.131289
221 0.35 0.131289
222 0.35 0.131289
223 0.4 0.11239
224 0.25 0.0993399
225 0.2 0.0917663
226 0.4 0.152177
227 0.4 0.168585
228 0.4 0.183533
229 0.4 0.183533
230 0.4 0.152177
231 0.45 0.169752
232 0.45 0.169752
233 0.55 0.184605
234 0.45 0.153469
235 0.5 0.153897
236 0.35 0.109424
237 0.4 0.11239
238 0.4 0.11239
239 0.4 0.11239
240 0.3 0.105131
241 0.35 0.109424
242 0.35 0.109424
243 0.35 0.109424
244 0.35 0.131289
245 0.35 0.131289
246 0.3 0.127733
247 0.3 0.127733
248 0.25 0.12301
249 0.3 0.146898
250 0.3 0.105131
251 0.3 0.105131
252 0.25 0.0993399
253 0.2 0.0917663
254 0.25 0.12301
255 0.2 0.11698
256 0.25 0.12301
257 0.25 0.12301
258 0.25 0.0993399
259 0.15 0.0819178
260 0.2 0.0917663
261 0.35 0.131289
262 0.3 0.127733
263 0.25 0.0993399
264 0.25 0.0993399
265 0.3 0.105131
266 0.35 0.131289
267 0.45 0.135239
268 0.3 0.127733
269 0.35 0.131289
270 0.35 0.131289
271 0.4 0.152177
272 0.35 0.131289
273 0.4 0.152177
274 0.35 0.131289
275 0.25 0.12301
276 0.25 0.12301
277 0.2 0.0917663
278 0.15 0.0819178
279 0.05 0.05
280 0.1 0.0688247
281 0.1 0.0688247
282 0 0
283 0.1 0.0688247
284 0.35 0.131289
285 0.4 0.133771
286 0.55 0.169752
287 0.5 0.170139
288 0.4 0.133771
289 0.3 0.127733
290 0.2 0.11698
291 0.25 0.160181
292 0.15 0.0819178
293 0.2 0.0917663
294 0.2 0.0917663
295 0.2 0.0917663
296 0.25 0.12301
297 0.25 0.0993399
298 0.2 0.0917663
299 0.15 0.0819178
300 0.15 0.0819178
301 0.15 0.0819178
302 0.15 0.0819178
303 0.3 0.105131
304 0.4 0.11239
305 0.4 0.11239
306 0.45 0.114133
307 0.4 0.11239
308 0.45 0.114133
309 0.5 0.114708
310 0.65 0.131289
311 0.5 0.135724
312 0.45 0.135239
313 0.5 0.114708
314 0.4 0.11239
315 0.5 0.135724
316 0.45 0.135239
317 0.45 0.135239
318 0.4 0.11239
319 0.35 0.109424
320 0.4 0.11239
321 0.45 0.135239
322 0.4 0.133771
323 0.35 0.131289
324 0.4 0.133771
325 0.55 0.135239
326 0.4 0.11239
327 0.45 0.153469
328 0.5 0.170139
329 0.4 0.152177
330 0.45 0.135239
331 0.35 0.131289
332 0.3 0.105131
333 0.35 0.109424
334 0.3 0.127733
335 0.25 0.12301
336 0.25 0.12301
337 0.25 0.12301
338 0.3 0.163836
339 0.3 0.206474
340 0.2 0.11698
341 0.2 0.11698
342 0.15 0.109424
343 0.2 0.11698
344 0.25 0.0993399
345 0.25 0.0993399
346 0.15 0.0819178
347 0.2 0.0917663
348 0.2 0.0917663
349 0.2 0.0917663
350 0.25 0.0993399
351 0.3 0.105131
352 0.3 0.105131
353 0.3 0.105131
354 0.25 0.12301
355 0.2 0.11698
356 0.2 0.0917663
357 0.2 0.0917663
358 0.2 0.0917663
359 0.15 0.0819178
360 0.2 0.0917663
361 0.2 0.0917663
362 0.15 0.0819178
363 0.15 0.0819178
364 0.15 0.0819178
365 0.15 0.0819178
366 0.15 0.0819178
367 0.2 0.11698
368 0.35 0.15
369 0.4 0.152177
370 0.3 0.127733
371 0.15 0.0819178
372 0.15 0.0819178
373 0.15 0.0819178
374 0.2 0.11698
375 0.25 0.12301
376 0.15 0.109424
377 0.15 0.109424
378 0.15 0.109424
379 0.1 0.0688247
380 0.1 0.0688247
381 0.1 0.0688247
382 0.2 0.11698
383 0.15 0.109424
384 0.25 0.12301
385 0.25 0.12301
386 0.3 0.127733
387 0.3 0.105131
388 0.35 0.131289
389 0.3 0.127733
390 0.35 0.131289
391 0.35 0.109424
392 0.45 0.169752
393 0.55 0.198348
394 0.55 0.184605
395 0.5 0.170139
396 0.5 0.153897
397 0.4 0.133771
398 0.45 0.153469
399 0.45 0.153469
400 0.5 0.211511
401 0.4 0.133771
402 0.4 0.133771
403 0.4 0.133771
404 0.4 0.11239
405 0.4 0.152177
406 0.45 0.169752
407 0.55 0.169752
408 0.6 0.197351
409 0.6 0.197351
410 0.5 0.153897
411 0.45 0.153469
412 0.5 0.170139
413 0.45 0.153469
414 0.4 0.133771
415 0.45 0.153469
416 0.45 0.153469
417 0.4 0.152177
418 0.45 0.153469
419 0.5 0.153897
420 0.4 0.152177
421 0.3 0.105131
422 0.3 0.127733
423 0.3 0.163836
424 0.4 0.152177
425 0.5 0.170139
426 0.45 0.169752
427 0.4 0.168585
428 0.4 0.168585
429 0.35 0.15
430 0.3 0.127733
431 0.25 0.0993399
432 0.3 0.105131
433 0.35 0.109424
434 0.4 0.133771
435 0.35 0.109424
436 0.4 0.133771
437 0.35 0.131289
438 0.3 0.127733
439 0.25 0.12301
440 0.3 0.127733
441 0.4 0.133771
442 0.5 0.135724
443 0.45 0.114133
444 0.4 0.11239
445 0.15 0.0819178
446 0.1 0.0688247
447 0.1 0.0688247
448 0.1 0.0688247
449 0.05 0.05
450 0.15 0.109424
451 0.15 0.109424
452 0.2 0.11698
453 0.2 0.0917663
454 0.15 0.0819178
455 0.15 0.0819178
456 0.25 0.0993399
457 0.25 0.0993399
458 0.2 0.0917663
459 0.2 0.0917663
460 0.3 0.105131
461 0.3 0.105131
462 0.35 0.131289
463 0.4 0.133771
464 0.5 0.153897
465 0.5 0.153897
466 0.45 0.135239
467 0.4 0.11239
468 0.4 0.11239
469 0.35 0.109424
470 0.4 0.11239
471 0.45 0.135239
472 0.45 0.135239
473 0.45 0.135239
474 0.45 0.135239
475 0.4 0.133771
476 0.3 0.127733
477 0.3 0.127733
478 0.35 0.131289
479 0.3 0.127733
480 0.25 0.12301
481 0.15 0.0819178
482 0.2 0.0917663
483 0.2 0.0917663
484 0.2 0.11698
485 0.2 0.11698
486 0.2 0.11698
487 0.3 0.163836
488 0.45 0.169752
489 0.4 0.152177
490 0.35 0.15
491 0.4 0.152177
492 0.4 0.168585
493 0.35 0.15
494 0.35 0.166623
495 0.25 0.0993399
496 0.3 0.105131
497 0.4 0.11239
498 0.4 0.11239
499 0.35 0.109424
500 0.35 0.109424
501 0.25 0.0993399
502 0.25 0.12301
503 0.1 0.0688247
504 0.2 0.0917663
505 0.3 0.105131
506 0.3 0.105131
507 0.25 0.0993399
508 0.3 0.127733
509 0.3 0.127733
510 0.3 0.146898
511 0.2 0.0917663
512 0.25 0.12301
513 0.45 0.153469
514 0.55 0.153469
515 0.5 0.153897
516 0.4 0.133771
517 0.3 0.105131
518 0.25 0.0993399
519 0.2 0.0917663
520 0.2 0.0917663
521 0.1 0.0688247
522 0.15 0.0819178
523 0.1 0.0688247
524 0.15 0.0819178
525 0.15 0.0819178
526 0.15 0.0819178
527 0.1 0.0688247
528 0.1 0.0688247
529 0.05 0.05
530 0.1 0.0688247
531 0.1 0.0688247
532 0.15 0.0819178
533 0.2 0.0917663
534 0.15 0.0819178
535 0.15 0.0819178
536 0.15 0.0819178
537 0.15 0.0819178
538 0.2 0.0917663
539 0.25 0.0993399
540 0.2 0.0917663
541 0.2 0.0917663
542 0.15 0.0819178
543 0.1 0.0688247
544 0.1 0.0688247
545 0.1 0.0688247
546 0.15 0.0819178
547 0.25 0.0993399
548 0.3 0.105131
549 0.35 0.109424
550 0.35 0.109424
551 0.35 0.109424
552 0.35 0.131289
553 0.25 0.12301
554 0.35 0.131289
555 0.35 0.131289
556 0.35 0.131289
557 0.4 0.133771
558 0.5 0.153897
559 0.45 0.135239
560 0.25 0.0993399
561 0.3 0.127733
562 0.3 0.127733
563 0.35 0.131289
564 0.3 0.127733
565 0.35 0.131289
566 0.4 0.11239
567 0.4 0.11239
568 0.35 0.131289
569 0.25 0.0993399
570 0.35 0.131289
571 0.15 0.0819178
572 0.2 0.0917663
573 0.25 0.0993399
574 0.25 0.0993399
575 0.25 0.0993399
576 0.15 0.0819178
577 0.15 0.0819178
578 0.15 0.0819178
579 0.15 0.0819178
580 0.15 0.0819178
581 0.2 0.0917663
582 0.15 0.0819178
583 0.2 0.0917663
584 0.2 0.0917663
585 0.25 0.0993399
586 0.3 0.127733
587 0.25 0.0993399
588 0.15 0.0819178
589 0.2 0.0917663
590 0.25 0.12301
591 0.3 0.127733
592 0.3 0.127733
593 0.25 0.12301
594 0.3 0.127733
595 0.2 0.0917663
596 0.1 0.0688247
597 0.25 0.0993399
598 0.2 0.0917663
599 0.25 0.0993399
600 0.2 0.0917663
601 0.25 0.0993399
602 0.35 0.15
603 0.3 0.146898
604 0.35 0.181731
605 0.35 0.166623
606 0.45 0.153469
607 0.35 0.15
608 0.25 0.12301
609 0.25 0.12301
610 0.25 0.12301
611 0.25 0.12301
612 0.3 0.127733
613 0.35 0.131289
614 0.45 0.135239
615 0.4 0.11239
616 0.4 0.11239
617 0.35 0.109424
618 0.25 0.0993399
619 0.25 0.0993399
620 0.25 0.0993399
621 0.25 0.0993399
622 0.2 0.0917663
623 0.45 0.169752
624 0.4 0.133771
625 0.4 0.133771
626 0.3 0.127733
627 0.2 0.11698
628 0.25 0.14281
629 0.3 0.146898
630 0.3 0.146898
631 0.25 0.12301
632 0.25 0.12301
633 0.2 0.11698
634 0.15 0.0819178
635 0.15 0.0819178
636 0.05 0.05
637 0.1 0.0688247
638 0.15 0.109424
639 0.25 0.160181
640 0.25 0.160181
641 0.15 0.109424
642 0.15 0.109424
643 0.2 0.11698
644 0.2 0.11698
645 0.3 0.127733
646 0.2 0.0917663
647 0.15 0.0819178
648 0.15 0.0819178
649 0.2 0.11698
650 0.25 0.12301
651 0.25 0.12301
652 0.35 0.131289
653 0.35 0.109424
654 0.3 0.105131
655 0.35 0.109424
656 0.3 0.127733
657 0.3 0.127733
658 0.3 0.127733
659 0.4 0.133771
660 0.4 0.11239
661 0.3 0.105131
662 0.3 0.105131
663 0.35 0.109424
664 0.4 0.11239
665 0.5 0.114708
666 0.6 0.133771
667 0.5 0.135724
668 0.4 0.133771
669 0.2 0.0917663
670 0.3 0.127733
671 0.35 0.131289
672 0.4 0.152177
673 0.5 0.153897
674 0.6 0.168585
675 0.35 0.131289
676 0.4 0.133771
677 0.4 0.133771
678 0.4 0.133771
679 0.4 0.133771
680 0.45 0.153469
681 0.25 0.12301
682 0.25 0.12301
683 0.3 0.127733
684 0.25 0.12301
685 0.35 0.15
686 0.35 0.15
687 0.3 0.146898
688 0.3 0.146898
689 0.2 0.11698
690 0.15 0.109424
691 0.1 0.0688247
692 0.15 0.0819178
693 0.25 0.12301
694 0.2 0.11698
695 0.3 0.127733
696 0.25 0.0993399
697 0.15 0.0819178
698 0.1 0.0688247
699 0.1 0.0688247
700 0.1 0.0688247
701 0.1 0.0688247
702 0.15 0.0819178
703 0.15 0.0819178
704 0.2 0.11698
705 0.2 0.11698
706 0.25 0.12301
707 0.25 0.12301
708 0.2 0.11698
709 0.2 0.11698
710 0.2 0.11698
711 0.25 0.12301
712 0.3 0.127733
713 0.3 0.105131
714 0.2 0.0917663
715 0.15 0.0819178
716 0.15 0.0819178
717 0.2 0.0917663
718 0.1 0.0688247
719 0.15 0.0819178
720 0.2 0.0917663
721 0.3 0.105131
722 0.2 0.0917663
723 0.25 0.0993399
724 0.25 0.0993399
725 0.15 0.0819178
726 0.35 0.131289
727 0.3 0.127733
728 0.3 0.127733
729 0.3 0.127733
730 0.3 0.127733
731 0.25 0.12301
732 0.3 0.146898
733 0.3 0.146898
734 0.3 0.146898
735 0.25 0.12301
736 0.3 0.127733
737 0.25 0.12301
738 0.25 0.12301
739 0.25 0.0993399
740 0.25 0.0993399
741 0.2 0.0917663
742 0.25 0.0993399
743 0.15 0.0819178
744 0.3 0.105131
745 0.35 0.109424
746 0.3 0.105131
747 0.3 0.105131
748 0.25 0.0993399
749 0.15 0.0819178
750 0.15 0.0819178
751 0.2 0.0917663
752 0.1 0.0688247
753 0.1 0.0688247
754 0.05 0.05
755 0.05 0.05
756 0.15 0.0819178
757 0.2 0.0917663
758 0.1 0.1
759 0.1 0.1
760 0.15 0.109424
761 0.25 0.12301
762 0.25 0.12301
763 0.25 0.12301
764 0.25 0.12301
765 0.25 0.12301
766 0.2 0.11698
767 0.25 0.12301
768 0.2 0.11698
769 0.2 0.11698
770 0.25 0.12301
771 0.3 0.127733
772 0.35 0.131289
773 0.4 0.152177
774 0.4 0.152177
775 0.4 0.152177
776 0.5 0.170139
777 0.45 0.153469
778 0.45 0.153469
779 0.4 0.152177
780 0.5 0.153897
781 0.5 0.153897
782 0.55 0.153469
783 0.65 0.181731
784 0.5 0.135724
785 0.45 0.135239
786 0.5 0.135724
787 0.55 0.135239
788 0.55 0.135239
789 0.5 0.135724
790 0.35 0.131289
791 0.4 0.133771
792 0.25 0.0993399
793 0.25 0.0993399
794 0.25 0.0993399
795 0.25 0.0993399
796 0.35 0.109424
797 0.35 0.109424
798 0.4 0.133771
799 0.55 0.169752
800 0.5 0.153897
801 0.6 0.168585
802 0.5 0.170139
803 0.4 0.152177
804 0.35 0.131289
805 0.35 0.131289
806 0.35 0.131289
807 0.35 0.131289
808 0.35 0.131289
809 0.3 0.105131
810 0.3 0.127733
811 0.3 0.127733
812 0.25 0.12301
813 0.3 0.127733
814 0.35 0.131289
815 0.3 0.127733
816 0.25 0.12301
817 0.3 0.127733
818 0.35 0.131289
819 0.5 0.170139
820 0.45 0.153469
821 0.4 0.152177
822 0.4 0.152177
823 0.4 0.152177
824 0.3 0.105131
825 0.25 0.0993399
826 0.3 0.127733
827 0.4 0.152177
828 0.45 0.135239
829 0.35 0.15
830 0.25 0.0993399
831 0.25 0.0993399
832 0.2 0.0917663
833 0.3 0.105131
834 0.25 0.0993399
835 0.2 0.0917663
836 0.3 0.127733
837 0.2 0.0917663
838 0.15 0.0819178
839 0.25 0.12301
840 0.15 0.109424
841 0.25 0.12301
842 0.3 0.127733
843 0.35 0.131289
844 0.15 0.0819178
845 0.15 0.0819178
846 0.2 0.0917663
847 0.2 0.0917663
848 0.1 0.0688247
849 0.05 0.05
850 0.05 0.05
851 0.05 0.05
852 0.1 0.0688247
853 0.15 0.0819178
854 0.15 0.0819178
855 0.2 0.0917663
856 0.3 0.105131
857 0.25 0.0993399
858 0.25 0.0993399
859 0.3 0.105131
860 0.25 0.0993399
861 0.3 0.105131
862 0.2 0.0917663
863 0.15 0.0819178
864 0.1 0.0688247
865 0.2 0.0917663
866 0.3 0.127733
867 0.25 0.0993399
868 0.3 0.105131
869 0.2 0.0917663
870 0.2 0.0917663
871 0.15 0.0819178
872 0.2 0.0917663
873 0.3 0.105131
874 0.25 0.0993399
875 0.2 0.0917663
876 0.25 0.0993399
877 0.25 0.0993399
878 0.15 0.0819178
879 0.15 0.0819178
880 0.25 0.0993399
881 0.3 0.127733
882 0.3 0.127733
883 0.15 0.0819178
884 0.15 0.0819178
885 0.2 0.0917663
886 0.2 0.0917663
887 0.2 0.0917663
888 0.25 0.0993399
889 0.25 0.0993399
890 0.3 0.127733
891 0.35 0.15
892 0.3 0.146898
893 0.4 0.152177
894 0.4 0.152177
895 0.3 0.127733
896 0.3 0.127733
897 0.35 0.131289
898 0.3 0.127733
899 0.3 0.163836
900 0.3 0.127733
901 0.25 0.12301
902 0.3 0.127733
903 0.35 0.131289
904 0.3 0.105131
905 0.3 0.105131
906 0.2 0.0917663
907 0.25 0.12301
908 0.35 0.131289
909 0.3 0.105131
910 0.2 0.0917663
911 0.2 0.0917663
912 0.15 0.0819178
913 0.15 0.0819178
914 0.15 0.0819178
915 0.25 0.0993399
916 0.25 0.12301
917 0.2 0.0917663
918 0.25 0.0993399
919 0.35 0.131289
920 0.35 0.131289
921 0.25 0.12301
922 0.25 0.0993399
923 0.25 0.12301
924 0.3 0.105131
925 0.25 0.0993399
926 0.25 0.0993399
927 0.3 0.105131
928 0.3 0.105131
929 0.2 0.0917663
930 0.25 0.12301
931 0.3 0.127733
932 0.2 0.0917663
933 0.25 0.0993399
934 0.25 0.0993399
935 0.3 0.105131
936 0.3 0.105131
937 0.2 0.0917663
938 0.15 0.0819178
939 0.2 0.0917663
940 0.2 0.0917663
941 0.15 0.0819178
942 0.15 0.0819178
943 0.15 0.0819178
944 0.15 0.0819178
945 0.2 0.0917663
946 0.2 0.0917663
947 0.2 0.0917663
948 0.2 0.11698
949 0.25 0.12301
950 0.25 0.12301
951 0.3 0.127733
952 0.25 0.12301
953 0.3 0.127733
954 0.2 0.11698
955 0.25 0.12301
956 0.15 0.0819178
957 0.15 0.0819178
958 0.1 0.0688247
959 0.05 0.05
960 0.15 0.0819178
961 0.15 0.0819178
962 0.2 0.0917663
963 0.15 0.0819178
964 0.2 0.0917663
965 0.3 0.127733
966 0.3 0.127733
967 0.3 0.127733
968 0.35 0.131289
969 0.45 0.153469
970 0.35 0.131289
971 0.25 0.12301
972 0.25 0.12301
973 0.3 0.127733
974 0.35 0.15
975 0.35 0.131289
976 0.35 0.131289
977 0.45 0.169752
978 0.4 0.168585
979 0.45 0.2112
980 0.45 0.2112
981 0.35 0.166623
982 0.15 0.0819178
983 0.1 0.0688247
984 0.1 0.0688247
985 0.15 0.0819178
986 0.3 0.127733
987 0.3 0.127733
988 0.35 0.131289
989 0.4 0.133771
990 0.35 0.109424
991 0.3 0.105131
992 0.3 0.127733
993 0.25 0.12301
994 0.2 0.0917663
995 0.15 0.0819178
996 0.2 0.0917663
997 0.1 0.0688247
998 0.1 0.0688247
999 0.2 0.0917663
1000 0.2 0.0917663
1001 0.3 0.105131
1002 0.2 0.0917663
1003 0.35 0.109424
1004 0.4 0.11239
1005 0.45 0.153469
1006 0.4 0.152177
1007 0.3 0.127733
1008 0.25 0.12301
1009 0.35 0.131289
1010 0.3 0.105131
1011 0.3 0.105131
1012 0.25 0.0993399
1013 0.25 0.0993399
1014 0.2 0.0917663
1015 0.2 0.0917663
1016 0.1 0.0688247
1017 0.05 0.05
1018 0.1 0.0688247
1019 0.1 0.0688247
1020 0.25 0.0993399
1021 0.2 0.0917663
1022 0.2 0.0917663
1023 0.35 0.109424
1024 0.4 0.11239
1025 0.4 0.133771
1026 0.5 0.170139
1027 0.45 0.153469
1028 0.4 0.133771
1029 0.4 0.133771
1030 0.35 0.166623
1031 0.4 0.168585
1032 0.45 0.184605
1033 0.5 0.170139
1034 0.45 0.153469
1035 0.45 0.135239
1036 0.35 0.109424
1037 0.4 0.11239
1038 0.3 0.127733
1039 0.3 0.127733
1040 0.4 0.133771
1041 0.4 0.133771
1042 0.4 0.11239
1043 0.4 0.11239
1044 0.45 0.135239
1045 0.45 0.135239
1046 0.45 0.135239
1047 0.5 0.170139
1048 0.4 0.133771
1049 0.3 0.105131
1050 0.3 0.105131
1051 0.3 0.127733
1052 0.35 0.166623
1053 0.4 0.183533
1054 0.25 0.0993399
1055 0.25 0.0993399
1056 0.25 0.0993399
1057 0.3 0.127733
1058 0.15 0.0819178
1059 0.2 0.0917663
1060 0.2 0.0917663
1061 0.25 0.0993399
1062 0.2 0.0917663
1063 0.3 0.105131
1064 0.35 0.131289
1065 0.35 0.131289
1066 0.35 0.131289
1067 0.45 0.135239
1068 0.35 0.131289
1069 0.3 0.105131
1070 0.2 0.0917663
1071 0.2 0.0917663
1072 0.15 0.0819178
1073 0.3 0.105131
1074 0.3 0.105131
1075 0.35 0.109424
1076 0.3 0.105131
1077 0.2 0.0917663
1078 0.35 0.15
1079 0.35 0.15
1080 0.3 0.127733
1081 0.25 0.12301
1082 0.25 0.0993399
1083 0.3 0.163836
1084 0.3 0.163836
1085 0.25 0.12301
1086 0.25 0.12301
1087 0.3 0.127733
1088 0.3 0.127733
1089 0.3 0.127733
1090 0.3 0.105131
1091 0.3 0.105131
1092 0.35 0.131289
1093 0.25 0.12301
1094 0.3 0.105131
1095 0.4 0.11239
1096 0.35 0.109424
1097 0.35 0.131289
1098 0.45 0.135239
1099 0.45 0.135239
1100 0.45 0.135239
1101 0.3 0.127733
1102 0.2 0.11698
1103 0.2 0.11698
1104 0.1 0.0688247
1105 0.15 0.0819178
1106 0.1 0.0688247
1107 0.15 0.0819178
1108 0.15 0.0819178
1109 0.15 0.0819178
1110 0.2 0.0917663
1111 0.25 0.0993399
1112 0.25 0.0993399
1113 0.3 0.105131
1114 0.2 0.0917663
1115 0.25 0.0993399
1116 0.25 0.0993399
1117 0.25 0.0993399
1118 0.25 0.0993399
1119 0.25 0.0993399
1120 0.25 0.0993399
1121 0.3 0.105131
1122 0.4 0.11239
1123 0.4 0.133771
1124 0.35 0.131289
1125 0.35 0.131289
1126 0.4 0.133771
1127 0.4 0.133771
1128 0.4 0.133771
1129 0.45 0.135239
1130 0.5 0.135724
1131 0.55 0.135239
1132 0.4 0.133771
1133 0.3 0.127733
1134 0.25 0.12301
1135 0.35 0.131289
1136 0.4 0.133771
1137 0.6 0.197351
1138 0.55 0.198348
1139 0.6 0.197351
1140 0.45 0.169752
1141 0.5 0.19868
1142 0.4 0.168585
1143 0.5 0.184961
1144 0.45 0.169752
1145 0.6 0.197351
1146 0.7 0.241704
1147 0.75 0.227977
1148 0.8 0.247088
1149 0.75 0.227977
1150 0.65 0.220943
1151 0.75 0.203586
1152 0.4 0.152177
1153 0.4 0.133771
1154 0.4 0.152177
1155 0.35 0.15
1156 0.3 0.127733
1157 0.45 0.169752
1158 0.4 0.168585
1159 0.4 0.168585
1160 0.45 0.184605
1161 0.45 0.184605
1162 0.4 0.168585
1163 0.4 0.210263
1164 0.45 0.2112
1165 0.35 0.166623
1166 0.3 0.127733
1167 0.3 0.127733
1168 0.35 0.15
1169 0.3 0.127733
1170 0.2 0.0917663
1171 0.2 0.0917663
1172 0.15 0.0819178
1173 0.15 0.0819178
1174 0.1 0.0688247
1175 0.15 0.109424
1176 0.15 0.109424
1177 0.2 0.11698
1178 0.3 0.146898
1179 0.3 0.146898
1180 0.3 0.179179
1181 0.35 0.181731
1182 0.3 0.163836
1183 0.25 0.12301
1184 0.15 0.0819178
1185 0.15 0.0819178
1186 0.1 0.0688247
1187 0.2 0.0917663
1188 0.15 0.0819178
1189 0.2 0.0917663
1190 0.2 0.0917663
1191 0.25 0.0993399
1192 0.25 0.0993399
1193 0.25 0.0993399
1194 0.2 0.0917663
1195 0.2 0.11698
1196 0.2 0.11698
1197 0.2 0.11698
1198 0.25 0.12301
1199 0.25 0.14281
1200 0.25 0.14281
1201 0.25 0.14281
1202 0.2 0.137649
1203 0.25 0.14281
1204 0.25 0.14281
1205 0.4 0.168585
1206 0.35 0.15
1207 0.4 0.133771
1208 0.45 0.153469
1209 0.45 0.153469
1210 0.5 0.153897
1211 0.6 0.183533
1212 0.6 0.183533
1213 0.6 0.183533
1214 0.6 0.168585
1215 0.6 0.168585
1216 0.65 0.181731
1217 0.65 0.181731
1218 0.5 0.135724
1219 0.5 0.135724
1220 0.5 0.114708
1221 0.4 0.11239
1222 0.5 0.153897
1223 0.45 0.153469
1224 0.55 0.169752
1225 0.6 0.168585
1226 0.5 0.135724
1227 0.4 0.133771
1228 0.5 0.135724
1229 0.55 0.135239
1230 0.6 0.152177
1231 0.55 0.153469
1232 0.55 0.169752
1233 0.7 0.193309
1234 0.5 0.153897
1235 0.5 0.153897
1236 0.4 0.133771
1237 0.4 0.11239
1238 0.4 0.11239
1239 0.3 0.105131
1240 0.25 0.0993399
1241 0.3 0.105131
1242 0.3 0.105131
1243 0.3 0.105131
1244 0.3 0.105131
1245 0.15 0.0819178
1246 0.35 0.15
1247 0.4 0.133771
1248 0.4 0.133771
1249 0.35 0.109424
1250 0.25 0.0993399
1251 0.3 0.105131
1252 0.25 0.0993399
1253 0.25 0.0993399
1254 0.25 0.0993399
1255 0.2 0.0917663
1256 0.35 0.109424
1257 0.3 0.105131
1258 0.15 0.0819178
1259 0.2 0.0917663
1260 0.2 0.0917663
1261 0.1 0.0688247
1262 0.15 0.0819178
1263 0.1 0.0688247
1264 0.15 0.0819178
1265 0.15 0.109424
1266 0.3 0.127733
1267 0.3 0.105131
1268 0.25 0.0993399
1269 0.2 0.0917663
1270 0.15 0.0819178
1271 0.15 0.0819178
1272 0.15 0.0819178
1273 0.25 0.0993399
1274 0.35 0.131289
1275 0.4 0.133771
1276 0.45 0.153469
1277 0.45 0.153469
1278 0.35 0.131289
1279 0.4 0.133771
1280 0.5 0.170139
1281 0.35 0.109424
1282 0.45 0.135239
1283 0.45 0.153469
1284 0.45 0.153469
1285 0.45 0.153469
1286 0.4 0.133771
1287 0.3 0.105131
1288 0.25 0.0993399
1289 0.3 0.127733
1290 0.35 0.131289
1291 0.2 0.0917663
1292 0.25 0.12301
1293 0.2 0.11698
1294 0.2 0.11698
1295 0.15 0.0819178
1296 0.2 0.11698
1297 0.15 0.0819178
1298 0.2 0.11698
1299 0.2 0.11698
1300 0.2 0.11698
1301 0.25 0.12301
1302 0.35 0.131289
1303 0.4 0.152177
1304 0.45 0.153469
1305 0.45 0.153469
1306 0.4 0.133771
1307 0.35 0.131289
1308 0.3 0.127733
1309 0.25 0.12301
1310 0.25 0.0993399
1311 0.3 0.127733
1312 0.4 0.133771
1313 0.55 0.135239
1314 0.5 0.135724
1315 0.4 0.11239
1316 0.35 0.109424
1317 0.3 0.105131
1318 0.35 0.109424
1319 0.35 0.131289
1320 0.4 0.152177
1321 0.45 0.153469
1322 0.55 0.153469
1323 0.55 0.135239
1324 0.5 0.135724
1325 0.55 0.135239
1326 0.5 0.135724
1327 0.5 0.135724
1328 0.55 0.153469
1329 0.55 0.153469
1330 0.5 0.135724
1331 0.5 0.135724
1332 0.45 0.135239
1333 0.5 0.135724
1334 0.55 0.135239
1335 0.5 0.114708
1336 0.45 0.114133
1337 0.4 0.11239
1338 0.4 0.11239
1339 0.45 0.114133
1340 0.4 0.133771
1341 0.45 0.135239
1342 0.45 0.135239
1343 0.45 0.135239
1344 0.4 0.133771
1345 0.5 0.170139
1346 0.55 0.169752
1347 0.6 0.183533
1348 0.5 0.153897
1349 0.5 0.153897
1350 0.25 0.12301
1351 0.15 0.0819178
1352 0.15 0.109424
1353 0.15 0.109424
1354 0.2 0.11698
1355 0.15 0.0819178
1356 0.25 0.0993399
1357 0.25 0.0993399
1358 0.25 0.12301
1359 0.3 0.127733
1360 0.25 0.12301
1361 0.2 0.0917663
1362 0.25 0.12301
1363 0.2 0.11698
1364 0.2 0.11698
1365 0.15 0.109424
1366 0.2 0.11698
1367 0.25 0.0993399
1368 0.3 0.127733
1369 0.3 0.127733
1370 0.3 0.127733
1371 0.3 0.127733
1372 0.45 0.135239
1373 0.5 0.153897
1374 0.45 0.135239
1375 0.45 0.135239
1376 0.4 0.133771
1377 0.4 0.152177
1378 0.35 0.131289
1379 0.3 0.127733
1380 0.4 0.168585
1381 0.35 0.131289
1382 0.3 0.105131
1383 0.25 0.0993399
1384 0.1 0.0688247
1385 0.1 0.0688247
1386 0.15 0.0819178
1387 0.1 0.0688247
1388 0.25 0.12301
1389 0.35 0.131289
1390 0.15 0.0819178
1391 0.2 0.0917663
1392 0.25 0.12301
1393 0.3 0.127733
1394 0.25 0.0993399
1395 0.3 0.105131
1396 0.35 0.109424
1397 0.5 0.135724
1398 0.4 0.133771
1399 0.4 0.152177
1400 0.45 0.153469
1401 0.55 0.153469
1402 0.35 0.109424
1403 0.4 0.11239
1404 0.3 0.105131
1405 0.4 0.133771
1406 0.4 0.133771
1407 0.35 0.15
1408 0.4 0.152177
1409 0.5 0.170139
1410 0.45 0.153469
1411 0.45 0.153469
1412 0.45 0.169752
1413 0.55 0.2112
1414 0.5 0.19868
1415 0.5 0.211511
1416 0.6 0.275299
1417 0.75 0.279803
1418 0.6 0.233959
1419 0.65 0.181731
1420 0.55 0.135239
1421 0.5 0.135724
1422 0.45 0.135239
1423 0.45 0.153469
1424 0.45 0.153469
1425 0.45 0.135239
1426 0.45 0.153469
1427 0.55 0.169752
1428 0.6 0.168585
1429 0.6 0.183533
1430 0.7 0.193309
1431 0.7 0.193309
1432 0.7 0.179179
1433 0.65 0.181731
1434 0.7 0.179179
1435 0.75 0.203586
1436 0.7 0.193309
1437 0.55 0.184605
1438 0.45 0.184605
1439 0.35 0.131289
1440 0.35 0.131289
1441 0.3 0.127733
1442 0.3 0.127733
1443 0.35 0.131289
1444 0.25 0.0993399
1445 0.3 0.127733
1446 0.25 0.0993399
1447 0.25 0.0993399
1448 0.3 0.105131
1449 0.3 0.105131
1450 0.35 0.109424
1451 0.3 0.105131
1452 0.3 0.105131
1453 0.3 0.105131
1454 0.35 0.109424
1455 0.35 0.109424
1456 0.4 0.11239
1457 0.3 0.105131
1458 0.2 0.0917663
1459 0.3 0.105131
1460 0.3 0.105131
1461 0.3 0.127733
1462 0.3 0.146898
1463 0.25 0.12301
1464 0.25 0.0993399
1465 0.35 0.109424
1466 0.3 0.105131
1467 0.35 0.131289
1468 0.3 0.127733
1469 0.4 0.133771
1470 0.35 0.131289
1471 0.45 0.153469
1472 0.5 0.153897
1473 0.6 0.183533
1474 0.5 0.170139
1475 0.35 0.109424
1476 0.25 0.0993399
1477 0.25 0.0993399
1478 0.25 0.0993399
1479 0.3 0.105131
1480 0.35 0.131289
1481 0.35 0.131289
1482 0.35 0.131289
1483 0.35 0.131289
1484 0.45 0.135239
1485 0.25 0.0993399
1486 0.2 0.0917663
1487 0.25 0.12301
1488 0.2 0.11698
1489 0.15 0.0819178
1490 0.2 0.0917663
1491 0.15 0.0819178
1492 0.15 0.0819178
1493 0.2 0.11698
1494 0.25 0.12301
1495 0.4 0.133771
1496 0.45 0.153469
1497 0.35 0.131289
1498 0.3 0.127733
1499 0.35 0.131289
1500 0.25 0.12301
1501 0.3 0.146898
1502 0.4 0.152177
1503 0.4 0.152177
1504 0.35 0.109424
1505 0.3 0.105131
1506 0.25 0.0993399
1507 0.15 0.0819178
1508 0.3 0.146898
1509 0.25 0.14281
1510 0.35 0.15
1511 0.35 0.15
1512 0.35 0.15
1513 0.4 0.152177
1514 0.35 0.131289
1515 0.2 0.0917663
1516 0.25 0.0993399
1517 0.25 0.0993399
1518 0.25 0.0993399
1519 0.15 0.0819178
1520 0.2 0.0917663
1521 0.15 0.0819178
1522 0.15 0.0819178
1523 0.15 0.0819178
1524 0.25 0.0993399
1525 0.25 0.0993399
1526 0.25 0.0993399
1527 0.2 0.0917663
1528 0.25 0.0993399
1529 0.3 0.105131
1530 0.3 0.105131
1531 0.2 0.0917663
1532 0.2 0.0917663
1533 0.3 0.105131
1534 0.25 0.0993399
1535 0.2 0.0917663
1536 0.25 0.0993399
1537 0.2 0.0917663
1538 0.2 0.0917663
1539 0.15 0.0819178
1540 0.15 0.109424
1541 0.25 0.12301
1542 0.45 0.184605
1543 0.4 0.168585
1544 0.35 0.166623
1545 0.2 0.11698
1546 0.3 0.146898
1547 0.15 0.109424
1548 0.25 0.12301
1549 0.3 0.127733
1550 0.25 0.0993399
1551 0.3 0.105131
1552 0.3 0.127733
1553 0.4 0.133771
1554 0.45 0.135239
1555 0.45 0.135239
1556 0.45 0.135239
1557 0.45 0.135239
1558 0.4 0.133771
1559 0.3 0.127733
1560 0.4 0.133771
1561 0.4 0.133771
1562 0.35 0.131289
1563 0.45 0.153469
1564 0.45 0.153469
1565 0.4 0.152177
1566 0.4 0.152177
1567 0.4 0.152177
1568 0.25 0.0993399
1569 0.3 0.127733
1570 0.3 0.127733
1571 0.25 0.0993399
1572 0.3 0.127733
1573 0.25 0.12301
1574 0.25 0.12301
1575 0.25 0.12301
1576 0.15 0.109424
1577 0.15 0.109424
1578 0.1 0.0688247
1579 0.2 0.11698
1580 0.35 0.131289
1581 0.35 0.109424
1582 0.3 0.105131
1583 0.3 0.105131
1584 0.45 0.114133
1585 0.4 0.11239
1586 0.5 0.135724
1587 0.45 0.135239
1588 0.55 0.153469
1589 0.45 0.114133
1590 0.3 0.105131
1591 0.4 0.11239
1592 0.35 0.109424
1593 0.35 0.109424
1594 0.35 0.109424
1595 0.35 0.109424
1596 0.25 0.0993399
1597 0.35 0.131289
1598 0.3 0.105131
1599 0.3 0.127733
1600 0.3 0.127733
1601 0.35 0.131289
1602 0.3 0.127733
1603 0.4 0.168585
1604 0.3 0.146898
1605 0.3 0.127733
1606 0.3 0.127733
1607 0.25 0.12301
1608 0.25 0.12301
1609 0.3 0.127733
1610 0.4 0.133771
1611 0.4 0.133771
1612 0.5 0.153897
1613 0.55 0.153469
1614 0.65 0.15
1615 0.5 0.153897
1616 0.55 0.169752
1617 0.55 0.169752
1618 0.5 0.170139
1619 0.5 0.170139
1620 0.4 0.152177
1621 0.45 0.169752
1622 0.5 0.170139
1623 0.45 0.153469
1624 0.4 0.133771
1625 0.5 0.135724
1626 0.4 0.133771
1627 0.35 0.131289
1628 0.35 0.15
1629 0.3 0.146898
1630 0.35 0.181731
1631 0.4 0.183533
1632 0.3 0.127733
1633 0.35 0.166623
1634 0.3 0.163836
1635 0.25 0.160181
1636 0.25 0.160181
1637 0.3 0.163836
1638 0.25 0.12301
1639 0.25 0.12301
1640 0.25 0.12301
1641 0.35 0.131289
1642 0.45 0.153469
1643 0.45 0.153469
1644 0.3 0.105131
1645 0.35 0.109424
1646 0.3 0.105131
1647 0.3 0.105131
1648 0.35 0.131289
1649 0.4 0.133771
1650 0.4 0.133771
1651 0.5 0.170139
1652 0.45 0.169752
1653 0.55 0.184605
1654 0.35 0.166623
1655 0.35 0.166623
1656 0.3 0.163836
1657 0.35 0.166623
1658 0.45 0.169752
1659 0.55 0.135239
1660 0.55 0.135239
1661 0.4 0.133771
1662 0.25 0.12301
1663 0.2 0.11698
1664 0.2 0.11698
1665 0.05 0.05
1666 0.15 0.0819178
1667 0.15 0.0819178
1668 0.25 0.0993399
1669 0.2 0.0917663
1670 0.35 0.131289
1671 0.25 0.0993399
1672 0.1 0.0688247
1673 0.25 0.12301
1674 0.2 0.11698
1675 0.2 0.0917663
1676 0.25 0.0993399
1677 0.3 0.127733
1678 0.3 0.127733
1679 0.25 0.0993399
1680 0.3 0.105131
1681 0.25 0.0993399
1682 0.25 0.0993399
1683 0.25 0.12301
1684 0.15 0.0819178
1685 0.15 0.109424
1686 0.15 0.109424
1687 0.1 0.0688247
1688 0.15 0.0819178
1689 0.25 0.0993399
1690 0.3 0.127733
1691 0.3 0.127733
1692 0.4 0.133771
1693 0.4 0.133771
1694 0.2 0.0917663
1695 0.1 0.0688247
1696 0.05 0.05
1697 0.05 0.05
1698 0.1 0.0688247
1699 0.1 0.0688247
1700 0.15 0.109424
1701 0.2 0.11698
1702 0.2 0.155597
1703 0.2 0.155597
1704 0.2 0.155597
1705 0.25 0.160181
1706 0.1 0.1
1707 0.15 0.0819178
1708 0.2 0.0917663
1709 0.2 0.0917663
1710 0.25 0.14281
1711 0.25 0.14281
1712 0.3 0.127733
1713 0.3 0.127733
1714 0.4 0.152177
1715 0.4 0.152177
1716 0.35 0.131289
1717 0.55 0.153469
1718 0.55 0.153469
1719 0.4 0.152177
1720 0.45 0.153469
1721 0.5 0.153897
1722 0.55 0.153469
1723 0.45 0.135239
1724 0.5 0.135724
1725 0.5 0.135724
1726 0.45 0.135239
1727 0.35 0.109424
1728 0.55 0.135239
1729 0.4 0.133771
1730 0.35 0.109424
1731 0.4 0.11239
1732 0.35 0.109424
1733 0.35 0.109424
1734 0.4 0.11239
1735 0.45 0.135239
1736 0.45 0.114133
1737 0.4 0.11239
1738 0.4 0.11239
1739 0.35 0.109424
1740 0.3 0.105131
1741 0.4 0.133771
1742 0.45 0.153469
1743 0.45 0.153469
1744 0.45 0.153469
1745 0.4 0.152177
1746 0.45 0.153469
1747 0.4 0.152177
1748 0.3 0.105131
1749 0.35 0.109424
1750 0.4 0.11239
1751 0.5 0.135724
1752 0.5 0.153897
1753 0.55 0.153469
1754 0.75 0.216126
1755 0.7 0.206474
1756 0.55 0.153469
1757 0.55 0.153469
1758 0.55 0.135239
1759 0.4 0.133771
1760 0.35 0.109424
1761 0.3 0.105131
1762 0.3 0.105131
1763 0.25 0.0993399
1764 0.3 0.105131
1765 0.65 0.166623
1766 0.65 0.166623
1767 0.6 0.152177
1768 0.6 0.11239
1769 0.6 0.11239
1770 0.55 0.114133
1771 0.45 0.114133
1772 0.5 0.135724
1773 0.35 0.109424
1774 0.35 0.109424
1775 0.3 0.105131
1776 0.35 0.109424
1777 0.35 0.109424
1778 0.3 0.105131
1779 0.3 0.105131
1780 0.3 0.127733
1781 0.4 0.133771
1782 0.3 0.105131
1783 0.35 0.109424
1784 0.4 0.11239
1785 0.4 0.11239
1786 0.35 0.109424
1787 0.55 0.135239
1788 0.5 0.153897
1789 0.55 0.223312
1790 0.5 0.211511
1791 0.35 0.131289
1792 0.25 0.12301
1793 0.4 0.152177
1794 0.35 0.15
1795 0.25 0.14281
1796 0.25 0.14281
1797 0.2 0.11698
1798 0.3 0.127733
1799 0.35 0.131289
1800 0.4 0.133771
1801 0.35 0.109424
1802 0.35 0.109424
1803 0.35 0.131289
1804 0.35 0.15
1805 0.35 0.131289
1806 0.35 0.15
1807 0.4 0.168585
1808 0.2 0.155597
1809 0.3 0.127733
1810 0.4 0.133771
1811 0.15 0.0819178
1812 0.15 0.0819178
1813 0.2 0.11698
1814 0.2 0.11698
1815 0.1 0.0688247
1816 0.15 0.109424
1817 0.15 0.109424
1818 0.25 0.12301
1819 0.3 0.127733
1820 0.35 0.131289
1821 0.35 0.131289
1822 0.35 0.131289
1823 0.35 0.131289
1824 0.25 0.0993399
1825 0.35 0.131289
1826 0.25 0.12301
1827 0.25 0.12301
1828 0.2 0.11698
1829 0.2 0.11698
1830 0.4 0.168585
1831 0.45 0.135239
1832 0.5 0.170139
1833 0.4 0.133771
1834 0.45 0.135239
1835 0.45 0.114133
1836 0.4 0.11239
1837 0.3 0.105131
1838 0.4 0.11239
1839 0.4 0.133771
1840 0.35 0.109424
1841 0.3 0.105131
1842 0.3 0.105131
1843 0.35 0.109424
1844 0.4 0.133771
1845 0.35 0.109424
1846 0.35 0.109424
1847 0.4 0.11239
1848 0.4 0.11239
1849 0.4 0.11239
1850 0.5 0.153897
1851 0.45 0.153469
1852 0.55 0.153469
1853 0.45 0.135239
1854 0.35 0.131289
1855 0.3 0.105131
1856 0.35 0.131289
1857 0.25 0.0993399
1858 0.35 0.109424
1859 0.45 0.153469
1860 0.35 0.131289
1861 0.3 0.127733
1862 0.25 0.12301
1863 0.35 0.109424
1864 0.35 0.109424
1865 0.4 0.11239
1866 0.5 0.135724
1867 0.4 0.11239
1868 0.4 0.11239
1869 0.4 0.152177
1870 0.35 0.131289
1871 0.35 0.131289
1872 0.3 0.127733
1873 0.35 0.131289
1874 0.3 0.127733
1875 0.3 0.127733
1876 0.3 0.127733
1877 0.3 0.127733
1878 0.4 0.133771
1879 0.3 0.127733
1880 0.4 0.133771
1881 0.45 0.153469
1882 0.35 0.109424
1883 0.35 0.109424
1884 0.3 0.105131
1885 0.45 0.114133
1886 0.3 0.105131
1887 0.25 0.0993399
1888 0.3 0.105131
1889 0.4 0.11239
1890 0.4 0.11239
1891 0.4 0.11239
1892 0.45 0.114133
1893 0.4 0.11239
1894 0.4 0.11239
1895 0.5 0.114708
1896 0.65 0.131289
1897 0.6 0.152177
1898 0.65 0.166623
1899 0.5 0.153897
1900 0.5 0.153897
1901 0.4 0.133771
1902 0.25 0.0993399
1903 0.3 0.105131
1904 0.25 0.0993399
1905 0.2 0.0917663
1906 0.2 0.0917663
1907 0.3 0.127733
1908 0.35 0.15
1909 0.3 0.146898
1910 0.25 0.14281
1911 0.25 0.12301
1912 0.3 0.163836
1913 0.2 0.11698
1914 0.2 0.11698
1915 0.15 0.0819178
1916 0.3 0.127733
1917 0.25 0.0993399
1918 0.35 0.109424
1919 0.45 0.114133
1920 0.45 0.114133
1921 0.4 0.11239
1922 0.35 0.109424
1923 0.45 0.114133
1924 0.45 0.135239
1925 0.5 0.170139
1926 0.5 0.153897
1927 0.55 0.169752
1928 0.5 0.19868
1929 0.45 0.198348
1930 0.45 0.184605
1931 0.45 0.184605
1932 0.5 0.184961
1933 0.6 0.183533
1934 0.5 0.170139
1935 0.45 0.135239
1936 0.4 0.133771
1937 0.45 0.153469
1938 0.45 0.135239
1939 0.4 0.11239
1940 0.4 0.11239
1941 0.45 0.114133
1942 0.4 0.11239
1943 0.45 0.135239
1944 0.4 0.133771
1945 0.4 0.11239
