0 0 0
1 0 0
2 0 0
3 0 0
4 0 0
5 0 0
6 0.05 0.05
7 0.05 0.05
8 0.1 0.0688247
9 0.1 0.0688247
10 0.1 0.0688247
11 0.15 0.0819178
12 0.15 0.0819178
13 0.1 0.0688247
14 0.1 0.0688247
15 0.1 0.0688247
16 0.1 0.0688247
17 0.1 0.0688247
18 0.1 0.0688247
19 0.1 0.0688247
20 0.15 0.0819178
21 0.25 0.0993399
22 0.3 0.105131
23 0.3 0.127733
24 0.3 0.105131
25 0.3 0.127733
26 0.35 0.131289
27 0.35 0.15
28 0.35 0.15
29 0.35 0.15
30 0.35 0.15
31 0.4 0.183533
32 0.4 0.183533
33 0.35 0.15
34 0.35 0.15
35 0.4 0.168585
36 0.5 0.184961
37 0.5 0.184961
38 0.5 0.184961
39 0.5 0.184961
40 0.5 0.184961
41 0.45 0.184605
42 0.45 0.184605
43 0.4 0.183533
44 0.45 0.184605
45 0.45 0.184605
46 0.45 0.184605
47 0.45 0.169752
48 0.5 0.170139
49 0.5 0.170139
50 0.45 0.169752
51 0.45 0.169752
52 0.45 0.169752
53 0.45 0.169752
54 0.45 0.169752
55 0.5 0.170139
56 0.5 0.170139
57 0.35 0.166623
58 0.35 0.166623
59 0.3 0.163836
60 0.3 0.163836
61 0.3 0.163836
62 0.3 0.163836
63 0.3 0.163836
64 0.3 0.163836
65 0.35 0.166623
66 0.4 0.183533
67 0.45 0.184605
68 0.4 0.152177
69 0.35 0.15
70 0.35 0.15
71 0.4 0.152177
72 0.4 0.152177
73 0.35 0.131289
74 0.35 0.131289
75 0.35 0.131289
76 0.35 0.131289
77 0.3 0.127733
78 0.3 0.127733
79 0.3 0.127733
80 0.35 0.166623
81 0.4 0.168585
82 0.35 0.166623
83 0.35 0.166623
84 0.3 0.127733
85 0.35 0.166623
86 0.3 0.163836
87 0.3 0.163836
88 0.35 0.166623
89 0.3 0.127733
90 0.3 0.127733
91 0.35 0.131289
92 0.3 0.127733
93 0.3 0.127733
94 0.35 0.131289
95 0.35 0.131289
96 0.4 0.133771
97 0.35 0.131289
98 0.35 0.131289
99 0.3 0.127733
100 0.35 0.131289
101 0.35 0.131289
102 0.25 0.12301
103 0.25 0.12301
104 0.25 0.12301
105 0.3 0.127733
106 0.3 0.127733
107 0.3 0.127733
108 0.3 0.127733
109 0.3 0.127733
110 0.35 0.131289
111 0.35 0.131289
112 0.35 0.131289
113 0.35 0.131289
114 0.3 0.127733
115 0.35 0.131289
116 0.4 0.133771
117 0.3 0.127733
118 0.25 0.12301
119 0.25 0.12301
120 0.25 0.12301
121 0.2 0.11698
122 0.2 0.11698
123 0.2 0.11698
124 0.25 0.12301
125 0.25 0.12301
126 0.25 0.12301
127 0.25 0.12301
128 0.25 0.12301
129 0.2 0.0917663
130 0.2 0.0917663
131 0.2 0.0917663
132 0.2 0.0917663
133 0.2 0.0917663
134 0.2 0.0917663
135 0.2 0.0917663
136 0.2 0.0917663
137 0.2 0.0917663
138 0.2 0.0917663
139 0.2 0.0917663
140 0.2 0.0917663
141 0.2 0.0917663
142 0.2 0.0917663
143 0.2 0.0917663
144 0.2 0.0917663
145 0.2 0.0917663
146 0.2 0.0917663
147 0.2 0.0917663
148 0.25 0.0993399
149 0.2 0.0917663
150 0.25 0.0993399
151 0.25 0.0993399
152 0.25 0.0993399
153 0.25 0.0993399
154 0.25 0.0993399
155 0.3 0.105131
156 0.3 0.105131
157 0.3 0.105131
158 0.3 0.105131
159 0.3 0.105131
160 0.3 0.105131
161 0.3 0.105131
162 0.3 0.105131
163 0.3 0.105131
164 0.3 0.105131
165 0.3 0.105131
166 0.3 0.105131
167 0.25 0.0993399
168 0.25 0.0993399
169 0.2 0.0917663
170 0.2 0.0917663
171 0.25 0.0993399
172 0.25 0.0993399
173 0.25 0.0993399
174 0.25 0.0993399
175 0.25 0.0993399
176 0.25 0.0993399
177 0.25 0.0993399
178 0.25 0.0993399
179 0.3 0.105131
180 0.3 0.105131
181 0.35 0.109424
182 0.3 0.105131
183 0.35 0.109424
184 0.3 0.105131
185 0.3 0.105131
186 0.25 0.0993399
187 0.2 0.0917663
188 0.2 0.0917663
189 0.3 0.105131
190 0.25 0.0993399
191 0.25 0.0993399
192 0.25 0.0993399
193 0.3 0.105131
194 0.3 0.105131
195 0.25 0.0993399
196 0.15 0.0819178
197 0.15 0.0819178
198 0.2 0.0917663
199 0.2 0.0917663
200 0.2 0.0917663
201 0.2 0.0917663
202 0.2 0.0917663
203 0.15 0.0819178
204 0.15 0.0819178
205 0.2 0.0917663
206 0.2 0.0917663
207 0.2 0.0917663
208 0.2 0.0917663
209 0.2 0.0917663
210 0.2 0.0917663
211 0.2 0.0917663
212 0.2 0.0917663
213 0.2 0.0917663
214 0.2 0.0917663
215 0.2 0.0917663
216 0.2 0.0917663
217 0.2 0.0917663
218 0.15 0.0819178
219 0.15 0.0819178
220 0.15 0.0819178
221 0.2 0.0917663
222 0.2 0.0917663
223 0.2 0.0917663
224 0.15 0.0819178
225 0.1 0.0688247
226 0.1 0.0688247
227 0.1 0.0688247
228 0.15 0.0819178
229 0.15 0.0819178
230 0.15 0.0819178
231 0.2 0.0917663
232 0.2 0.0917663
233 0.2 0.0917663
234 0.2 0.0917663
235 0.2 0.0917663
236 0.2 0.0917663
237 0.2 0.0917663
238 0.25 0.0993399
239 0.25 0.0993399
240 0.3 0.105131
241 0.2 0.0917663
242 0.2 0.0917663
243 0.2 0.0917663
244 0.2 0.0917663
245 0.15 0.0819178
246 0.25 0.0993399
247 0.25 0.0993399
248 0.25 0.0993399
249 0.2 0.0917663
250 0.2 0.0917663
251 0.15 0.0819178
252 0.2 0.0917663
253 0.2 0.0917663
254 0.2 0.0917663
255 0.2 0.0917663
256 0.25 0.0993399
257 0.25 0.0993399
258 0.25 0.0993399
259 0.25 0.0993399
260 0.25 0.0993399
261 0.25 0.0993399
262 0.25 0.0993399
263 0.2 0.0917663
264 0.2 0.0917663
265 0.2 0.0917663
266 0.2 0.0917663
267 0.2 0.0917663
268 0.2 0.0917663
269 0.2 0.0917663
270 0.25 0.12301
271 0.3 0.127733
272 0.3 0.127733
273 0.3 0.127733
274 0.3 0.127733
275 0.25 0.12301
276 0.25 0.12301
277 0.3 0.127733
278 0.35 0.131289
279 0.35 0.131289
280 0.35 0.131289
281 0.4 0.133771
282 0.35 0.131289
283 0.3 0.105131
284 0.25 0.0993399
285 0.25 0.0993399
286 0.2 0.0917663
287 0.2 0.0917663
288 0.15 0.0819178
289 0.15 0.0819178
290 0.15 0.0819178
291 0.15 0.0819178
292 0.15 0.0819178
293 0.2 0.0917663
294 0.2 0.0917663
295 0.1 0.0688247
296 0.1 0.0688247
297 0.1 0.0688247
298 0.05 0.05
299 0.05 0.05
300 0.1 0.0688247
301 0.1 0.0688247
302 0.1 0.0688247
303 0.05 0.05
304 0.05 0.05
305 0 0
306 0 0
307 0 0
308 0.05 0.05
309 0.1 0.0688247
310 0.15 0.109424
311 0.1 0.0688247
312 0.1 0.0688247
313 0.1 0.0688247
314 0.1 0.0688247
315 0.1 0.0688247
316 0.1 0.0688247
317 0.1 0.0688247
318 0.1 0.0688247
319 0.1 0.0688247
320 0.1 0.0688247
321 0.1 0.0688247
322 0.1 0.0688247
323 0.15 0.109424
324 0.15 0.109424
325 0.15 0.109424
326 0.15 0.109424
327 0.15 0.109424
328 0.15 0.109424
329 0.15 0.109424
330 0.15 0.109424
331 0.15 0.109424
332 0.15 0.109424
333 0.15 0.109424
334 0.15 0.109424
335 0.15 0.109424
336 0.15 0.109424
337 0.15 0.109424
338 0.15 0.109424
339 0.15 0.109424
340 0.15 0.109424
341 0.15 0.109424
342 0.15 0.109424
343 0.15 0.109424
344 0.15 0.109424
345 0.15 0.109424
346 0.1 0.0688247
347 0.1 0.0688247
348 0.15 0.0819178
349 0.15 0.0819178
350 0.2 0.0917663
351 0.2 0.0917663
352 0.2 0.0917663
353 0.2 0.0917663
354 0.2 0.0917663
355 0.2 0.0917663
356 0.2 0.0917663
357 0.15 0.0819178
358 0.1 0.0688247
359 0.1 0.0688247
360 0.1 0.0688247
361 0.1 0.0688247
362 0.05 0.05
363 0.05 0.05
364 0.05 0.05
365 0.05 0.05
366 0.05 0.05
367 0.05 0.05
368 0.05 0.05
369 0.05 0.05
370 0.15 0.0819178
371 0.15 0.0819178
372 0.15 0.0819178
373 0.15 0.0819178
374 0.15 0.0819178
375 0.15 0.0819178
376 0.15 0.0819178
377 0.15 0.0819178
378 0.15 0.0819178
379 0.1 0.0688247
380 0.1 0.0688247
381 0.1 0.0688247
382 0.1 0.0688247
383 0.15 0.0819178
384 0.15 0.0819178
385 0.15 0.0819178
386 0.15 0.0819178
387 0.1 0.0688247
388 0.1 0.0688247
389 0.1 0.0688247
390 0.15 0.0819178
391 0.15 0.0819178
392 0.2 0.0917663
393 0.2 0.0917663
394 0.2 0.0917663
395 0.2 0.0917663
396 0.2 0.0917663
397 0.15 0.0819178
398 0.2 0.0917663
399 0.2 0.0917663
400 0.2 0.0917663
401 0.2 0.0917663
402 0.2 0.0917663
403 0.2 0.0917663
404 0.2 0.0917663
405 0.2 0.0917663
406 0.2 0.0917663
407 0.2 0.0917663
408 0.2 0.0917663
409 0.2 0.0917663
410 0.2 0.0917663
411 0.15 0.0819178
412 0.15 0.0819178
413 0.1 0.0688247
414 0.1 0.0688247
415 0.1 0.0688247
416 0.1 0.0688247
417 0.1 0.0688247
418 0.1 0.0688247
419 0.15 0.0819178
420 0.15 0.0819178
421 0.2 0.0917663
422 0.2 0.0917663
423 0.2 0.0917663
424 0.2 0.0917663
425 0.2 0.0917663
426 0.2 0.0917663
427 0.2 0.0917663
428 0.2 0.0917663
429 0.2 0.0917663
430 0.2 0.0917663
431 0.2 0.0917663
432 0.15 0.0819178
433 0.15 0.0819178
434 0.15 0.0819178
435 0.15 0.0819178
436 0.15 0.0819178
437 0.15 0.0819178
438 0.15 0.0819178
439 0.15 0.0819178
440 0.15 0.0819178
441 0.15 0.0819178
442 0.15 0.0819178
443 0.15 0.0819178
444 0.15 0.0819178
445 0.2 0.0917663
446 0.2 0.0917663
447 0.2 0.0917663
448 0.2 0.0917663
449 0.2 0.0917663
450 0.2 0.0917663
451 0.2 0.0917663
452 0.2 0.0917663
453 0.2 0.0917663
454 0.25 0.0993399
455 0.25 0.0993399
456 0.25 0.0993399
457 0.2 0.0917663
458 0.2 0.0917663
459 0.2 0.0917663
460 0.2 0.0917663
461 0.15 0.0819178
462 0.15 0.0819178
463 0.15 0.0819178
464 0.15 0.0819178
465 0.15 0.0819178
466 0.15 0.0819178
467 0.15 0.0819178
468 0.25 0.0993399
469 0.25 0.0993399
470 0.3 0.105131
471 0.3 0.105131
472 0.3 0.105131
473 0.25 0.0993399
474 0.25 0.0993399
475 0.2 0.0917663
476 0.2 0.0917663
477 0.2 0.0917663
478 0.15 0.0819178
479 0.15 0.0819178
480 0.15 0.0819178
481 0.2 0.0917663
482 0.2 0.0917663
483 0.2 0.0917663
484 0.15 0.0819178
485 0.15 0.0819178
486 0.15 0.0819178
487 0.15 0.0819178
488 0.1 0.0688247
489 0.1 0.0688247
490 0.15 0.0819178
491 0.1 0.0688247
492 0.1 0.0688247
493 0.1 0.0688247
494 0.1 0.0688247
495 0.1 0.0688247
496 0.1 0.0688247
497 0.1 0.0688247
498 0.1 0.0688247
499 0.1 0.0688247
500 0.1 0.0688247
501 0.1 0.0688247
502 0.1 0.0688247
503 0.1 0.0688247
504 0.1 0.0688247
505 0.1 0.0688247
506 0.05 0.05
507 0.05 0.05
508 0 0
509 0 0
510 0.05 0.05
511 0.05 0.05
512 0 0
513 0 0
514 0 0
515 0 0
516 0 0
517 0 0
518 0 0
519 0 0
520 0 0
521 0 0
522 0 0
523 0 0
524 0 0
525 0 0
526 0 0
527 0 0
528 0 0
529 0 0
530 0 0
531 0 0
532 0 0
533 0 0
534 0 0
535 0 0
536 0.05 0.05
537 0.05 0.05
538 0.05 0.05
539 0.05 0.05
540 0.05 0.05
541 0.05 0.05
542 0.05 0.05
543 0.05 0.05
544 0.1 0.0688247
545 0.1 0.0688247
546 0.1 0.0688247
547 0.1 0.0688247
548 0.1 0.0688247
549 0.1 0.0688247
550 0.1 0.0688247
551 0.1 0.0688247
552 0.1 0.0688247
553 0.1 0.0688247
554 0.1 0.0688247
555 0.1 0.0688247
556 0.1 0.0688247
557 0.1 0.0688247
558 0.05 0.05
559 0.05 0.05
560 0.05 0.05
561 0.05 0.05
562 0.05 0.05
563 0.05 0.05
564 0.05 0.05
565 0.05 0.05
566 0.05 0.05
567 0 0
568 0 0
569 0.05 0.05
570 0.05 0.05
571 0.05 0.05
572 0.05 0.05
573 0.05 0.05
574 0.05 0.05
575 0.1 0.0688247
576 0.1 0.0688247
577 0.1 0.0688247
578 0.05 0.05
579 0.05 0.05
580 0.05 0.05
581 0.05 0.05
582 0.1 0.0688247
583 0.1 0.0688247
584 0.1 0.0688247
585 0.15 0.0819178
586 0.15 0.0819178
587 0.15 0.0819178
588 0.1 0.0688247
589 0.1 0.0688247
590 0.1 0.0688247
591 0.1 0.0688247
592 0.1 0.0688247
593 0.1 0.0688247
594 0.1 0.0688247
595 0.1 0.0688247
596 0.1 0.0688247
597 0.15 0.0819178
598 0.15 0.0819178
599 0.1 0.0688247
600 0.1 0.0688247
601 0.1 0.0688247
602 0.1 0.0688247
603 0.1 0.0688247
604 0.1 0.0688247
605 0.2 0.0917663
606 0.2 0.0917663
607 0.15 0.0819178
608 0.1 0.0688247
609 0.1 0.0688247
610 0.05 0.05
611 0.05 0.05
612 0.05 0.05
613 0.05 0.05
614 0 0
615 0 0
616 0 0
617 0 0
618 0 0
619 0 0
620 0 0
621 0 0
622 0 0
623 0 0
624 0 0
625 0 0
626 0 0
627 0.05 0.05
628 0 0
629 0 0
630 0 0
631 0.05 0.05
632 0.05 0.05
633 0.05 0.05
634 0.05 0.05
635 0.05 0.05
636 0.05 0.05
637 0.05 0.05
638 0.05 0.05
639 0.05 0.05
640 0.05 0.05
641 0.05 0.05
642 0.05 0.05
643 0.05 0.05
644 0.05 0.05
645 0.05 0.05
646 0.05 0.05
647 0.05 0.05
648 0.05 0.05
649 0.05 0.05
650 0.05 0.05
651 0.05 0.05
652 0.05 0.05
653 0.05 0.05
654 0.05 0.05
655 0.05 0.05
656 0.05 0.05
657 0.05 0.05
658 0.05 0.05
659 0.05 0.05
660 0.05 0.05
661 0.05 0.05
662 0.05 0.05
663 0 0
664 0 0
665 0 0
666 0.1 0.0688247
667 0.05 0.05
668 0.05 0.05
669 0.1 0.0688247
670 0.1 0.0688247
671 0.1 0.0688247
672 0.1 0.0688247
673 0.1 0.0688247
674 0.1 0.0688247
675 0.1 0.0688247
676 0.05 0.05
677 0.05 0.05
678 0.05 0.05
679 0.05 0.05
680 0.05 0.05
681 0.1 0.0688247
682 0.1 0.0688247
683 0.1 0.0688247
684 0.1 0.0688247
685 0.1 0.0688247
686 0.1 0.0688247
687 0.1 0.0688247
688 0.1 0.0688247
689 0.1 0.0688247
690 0.1 0.0688247
691 0.1 0.0688247
692 0.1 0.0688247
693 0.15 0.0819178
694 0.15 0.0819178
695 0.15 0.0819178
696 0.2 0.0917663
697 0.2 0.0917663
698 0.2 0.0917663
699 0.2 0.0917663
700 0.2 0.0917663
701 0.2 0.0917663
702 0.2 0.0917663
703 0.2 0.0917663
704 0.2 0.0917663
705 0.15 0.0819178
706 0.15 0.0819178
707 0.15 0.0819178
708 0.15 0.0819178
709 0.15 0.0819178
710 0.15 0.0819178
711 0.2 0.0917663
712 0.2 0.0917663
713 0.2 0.0917663
714 0.25 0.0993399
715 0.25 0.0993399
716 0.25 0.0993399
717 0.2 0.0917663
718 0.2 0.0917663
719 0.15 0.0819178
720 0.15 0.0819178
721 0.15 0.0819178
722 0.2 0.0917663
723 0.2 0.0917663
724 0.2 0.0917663
725 0.2 0.0917663
726 0.2 0.0917663
727 0.15 0.0819178
728 0.15 0.0819178
729 0.15 0.0819178
730 0.15 0.0819178
731 0.15 0.0819178
732 0.15 0.0819178
733 0.15 0.0819178
734 0.15 0.0819178
735 0.15 0.0819178
736 0.15 0.0819178
737 0.15 0.0819178
738 0.15 0.0819178
739 0.15 0.0819178
740 0.15 0.0819178
741 0.1 0.0688247
742 0.1 0.0688247
743 0.1 0.0688247
744 0.1 0.0688247
745 0.1 0.0688247
746 0.1 0.0688247
747 0.1 0.0688247
748 0.1 0.0688247
749 0.1 0.0688247
750 0.1 0.0688247
751 0.1 0.0688247
752 0.2 0.0917663
753 0.2 0.0917663
754 0.2 0.0917663
755 0.2 0.0917663
756 0.2 0.0917663
757 0.2 0.0917663
758 0.2 0.0917663
759 0.2 0.0917663
760 0.2 0.0917663
761 0.25 0.0993399
762 0.25 0.0993399
763 0.25 0.0993399
764 0.25 0.0993399
765 0.25 0.0993399
766 0.25 0.0993399
767 0.3 0.105131
768 0.3 0.105131
769 0.25 0.0993399
770 0.25 0.0993399
771 0.2 0.0917663
772 0.2 0.0917663
773 0.2 0.0917663
774 0.2 0.0917663
775 0.15 0.0819178
776 0.15 0.0819178
777 0.2 0.0917663
778 0.2 0.0917663
779 0.2 0.0917663
780 0.2 0.0917663
781 0.2 0.0917663
782 0.2 0.0917663
783 0.2 0.0917663
784 0.25 0.0993399
785 0.25 0.0993399
786 0.25 0.0993399
787 0.25 0.0993399
788 0.25 0.0993399
789 0.25 0.0993399
790 0.25 0.0993399
791 0.25 0.0993399
792 0.25 0.0993399
793 0.2 0.0917663
794 0.2 0.0917663
795 0.2 0.0917663
796 0.2 0.0917663
797 0.2 0.0917663
798 0.15 0.0819178
799 0.2 0.0917663
800 0.2 0.0917663
801 0.2 0.0917663
802 0.2 0.0917663
803 0.2 0.0917663
804 0.2 0.0917663
805 0.2 0.0917663
806 0.2 0.0917663
807 0.2 0.0917663
808 0.2 0.0917663
809 0.2 0.0917663
810 0.2 0.0917663
811 0.2 0.0917663
812 0.15 0.0819178
813 0.15 0.0819178
814 0.1 0.0688247
815 0.05 0.05
816 0.05 0.05
817 0.05 0.05
818 0.1 0.0688247
819 0.1 0.0688247
820 0.15 0.0819178
821 0.2 0.0917663
822 0.2 0.0917663
823 0.15 0.0819178
824 0.15 0.0819178
825 0.15 0.0819178
826 0.2 0.11698
827 0.25 0.12301
828 0.25 0.12301
829 0.2 0.11698
830 0.2 0.11698
831 0.2 0.11698
832 0.25 0.12301
833 0.25 0.12301
834 0.15 0.0819178
835 0.15 0.0819178
836 0.15 0.0819178
837 0.15 0.0819178
838 0.15 0.0819178
839 0.15 0.0819178
840 0.15 0.0819178
841 0.15 0.0819178
842 0.15 0.0819178
843 0.15 0.0819178
844 0.2 0.0917663
845 0.2 0.0917663
846 0.2 0.0917663
847 0.2 0.0917663
848 0.2 0.0917663
849 0.2 0.0917663
850 0.2 0.0917663
851 0.2 0.0917663
852 0.2 0.0917663
853 0.2 0.0917663
854 0.15 0.0819178
855 0.15 0.0819178
856 0.15 0.0819178
857 0.15 0.0819178
858 0.2 0.0917663
859 0.2 0.0917663
860 0.2 0.0917663
861 0.2 0.0917663
862 0.2 0.0917663
863 0.15 0.0819178
864 0.15 0.0819178
865 0.1 0.0688247
866 0.1 0.0688247
867 0.15 0.0819178
868 0.15 0.0819178
869 0.15 0.0819178
870 0.15 0.0819178
871 0.15 0.0819178
872 0.15 0.0819178
873 0.15 0.0819178
874 0.15 0.0819178
875 0.15 0.0819178
876 0.15 0.0819178
877 0.15 0.0819178
878 0.15 0.0819178
879 0.15 0.0819178
880 0.15 0.0819178
881 0.1 0.0688247
882 0.1 0.0688247
883 0.1 0.0688247
884 0.15 0.0819178
885 0.15 0.0819178
886 0.15 0.0819178
887 0.15 0.0819178
888 0.15 0.0819178
889 0.2 0.11698
890 0.2 0.11698
891 0.25 0.14281
892 0.25 0.14281
893 0.25 0.14281
894 0.25 0.14281
895 0.25 0.14281
896 0.2 0.11698
897 0.2 0.11698
898 0.2 0.11698
899 0.15 0.109424
900 0.2 0.11698
901 0.15 0.109424
902 0.15 0.109424
903 0.1 0.1
904 0.1 0.1
905 0.05 0.05
906 0.05 0.05
907 0.05 0.05
908 0.05 0.05
909 0.05 0.05
910 0.05 0.05
911 0.1 0.0688247
912 0.1 0.0688247
913 0.1 0.0688247
914 0.1 0.0688247
915 0.1 0.0688247
916 0.1 0.0688247
917 0.1 0.0688247
918 0.05 0.05
919 0.05 0.05
920 0.05 0.05
921 0.05 0.05
922 0.05 0.05
923 0.05 0.05
924 0.05 0.05
925 0.1 0.0688247
926 0.1 0.0688247
927 0.1 0.0688247
928 0.1 0.0688247
929 0.1 0.0688247
930 0.1 0.0688247
931 0.1 0.0688247
932 0.15 0.0819178
933 0.15 0.0819178
934 0.15 0.0819178
935 0.15 0.0819178
936 0.15 0.0819178
937 0.15 0.0819178
938 0.15 0.0819178
939 0.15 0.0819178
940 0.1 0.0688247
941 0.15 0.0819178
942 0.15 0.0819178
943 0.15 0.0819178
944 0.2 0.0917663
945 0.25 0.0993399
946 0.25 0.0993399
947 0.2 0.0917663
948 0.2 0.0917663
949 0.2 0.0917663
950 0.2 0.0917663
951 0.2 0.0917663
952 0.2 0.0917663
953 0.15 0.0819178
954 0.15 0.0819178
955 0.15 0.0819178
956 0.1 0.0688247
957 0.15 0.0819178
958 0.1 0.0688247
959 0.1 0.0688247
960 0.1 0.0688247
961 0.1 0.0688247
962 0.1 0.0688247
963 0.1 0.0688247
964 0.05 0.05
965 0.05 0.05
966 0.15 0.0819178
967 0.15 0.0819178
968 0.15 0.0819178
969 0.15 0.0819178
970 0.15 0.0819178
971 0.15 0.0819178
972 0.15 0.0819178
973 0.15 0.0819178
974 0.15 0.0819178
975 0.15 0.0819178
976 0.15 0.0819178
977 0.15 0.0819178
978 0.15 0.0819178
979 0.2 0.0917663
980 0.2 0.0917663
981 0.2 0.0917663
982 0.2 0.0917663
983 0.15 0.0819178
984 0.15 0.0819178
985 0.1 0.0688247
986 0.1 0.0688247
987 0.1 0.0688247
988 0.1 0.0688247
989 0.15 0.0819178
990 0.15 0.0819178
991 0.15 0.0819178
992 0.15 0.0819178
993 0.15 0.0819178
994 0.1 0.0688247
995 0.1 0.0688247
996 0.05 0.05
997 0.05 0.05
998 0.05 0.05
999 0.05 0.05
1000 0.05 0.05
1001 0 0
1002 0 0
1003 0.05 0.05
1004 0.05 0.05
1005 0 0
1006 0 0
1007 0 0
1008 0 0
1009 0 0
1010 0 0
1011 0 0
1012 0 0
1013 0 0
1014 0 0
1015 0 0
1016 0 0
1017 0 0
1018 0 0
1019 0 0
1020 0 0
1021 0 0
1022 0 0
1023 0 0
1024 0 0
1025 0 0
1026 0 0
1027 0 0
1028 0 0
1029 0 0
1030 0 0
1031 0 0
1032 0 0
1033 0 0
1034 0 0
1035 0 0
1036 0 0
1037 0 0
1038 0 0
1039 0 0
1040 0 0
1041 0 0
1042 0 0
1043 0 0
1044 0 0
1045 0 0
1046 0.05 0.05
1047 0.05 0.05
1048 0.05 0.05
1049 0.05 0.05
1050 0.05 0.05
1051 0.1 0.0688247
1052 0.1 0.0688247
1053 0.1 0.0688247
1054 0.1 0.0688247
1055 0.15 0.109424
1056 0.15 0.109424
1057 0.15 0.109424
1058 0.15 0.109424
1059 0.15 0.109424
1060 0.15 0.109424
1061 0.15 0.109424
1062 0.15 0.109424
1063 0.15 0.109424
1064 0.2 0.11698
1065 0.2 0.11698
1066 0.1 0.0688247
1067 0.1 0.0688247
1068 0.1 0.0688247
1069 0.1 0.0688247
1070 0.1 0.0688247
1071 0.1 0.0688247
1072 0.1 0.0688247
1073 0.1 0.0688247
1074 0.1 0.0688247
1075 0.1 0.0688247
1076 0.1 0.0688247
1077 0.05 0.05
1078 0.05 0.05
1079 0.1 0.0688247
1080 0.1 0.0688247
1081 0.1 0.0688247
1082 0.1 0.0688247
1083 0.1 0.0688247
1084 0.1 0.0688247
1085 0.1 0.0688247
1086 0.1 0.0688247
1087 0.1 0.0688247
1088 0.1 0.0688247
1089 0.1 0.0688247
1090 0.05 0.05
1091 0.05 0.05
1092 0.05 0.05
1093 0.05 0.05
1094 0.05 0.05
1095 0.05 0.05
1096 0.05 0.05
1097 0.05 0.05
1098 0.05 0.05
1099 0.1 0.0688247
1100 0.1 0.0688247
1101 0.1 0.0688247
1102 0.1 0.0688247
1103 0.1 0.0688247
1104 0.05 0.05
1105 0.05 0.05
1106 0.05 0.05
1107 0.05 0.05
1108 0.05 0.05
1109 0.05 0.05
1110 0.05 0.05
1111 0.05 0.05
1112 0.05 0.05
1113 0.05 0.05
1114 0.05 0.05
1115 0.05 0.05
1116 0.05 0.05
1117 0.05 0.05
1118 0.05 0.05
1119 0.05 0.05
1120 0.05 0.05
1121 0.05 0.05
1122 0.05 0.05
1123 0.05 0.05
1124 0.05 0.05
1125 0.05 0.05
1126 0.05 0.05
1127 0.05 0.05
1128 0.05 0.05
1129 0.05 0.05
1130 0.05 0.05
1131 0.05 0.05
1132 0.05 0.05
1133 0.05 0.05
1134 0.05 0.05
1135 0.05 0.05
1136 0.05 0.05
1137 0.05 0.05
1138 0.05 0.05
1139 0.05 0.05
1140 0 0
1141 0 0
1142 0 0
1143 0 0
1144 0 0
1145 0 0
1146 0 0
1147 0 0
1148 0 0
1149 0 0
1150 0 0
1151 0 0
1152 0 0
1153 0 0
1154 0 0
1155 0 0
1156 0 0
1157 0 0
1158 0.05 0.05
1159 0.05 0.05
1160 0.05 0.05
1161 0.05 0.05
1162 0.05 0.05
1163 0.05 0.05
1164 0.05 0.05
1165 0.05 0.05
1166 0.05 0.05
1167 0.1 0.0688247
1168 0.05 0.05
1169 0.05 0.05
1170 0.05 0.05
1171 0.05 0.05
1172 0.05 0.05
1173 0.05 0.05
1174 0.05 0.05
1175 0.05 0.05
1176 0.05 0.05
1177 0.1 0.0688247
1178 0.05 0.05
1179 0.1 0.0688247
1180 0.1 0.0688247
1181 0.15 0.109424
1182 0.15 0.109424
1183 0.15 0.109424
1184 0.15 0.109424
1185 0.15 0.109424
1186 0.15 0.109424
1187 0.15 0.109424
1188 0.15 0.109424
1189 0.15 0.109424
1190 0.15 0.109424
1191 0.1 0.0688247
1192 0.1 0.0688247
1193 0.1 0.0688247
1194 0.1 0.0688247
1195 0.1 0.0688247
1196 0.1 0.0688247
1197 0.1 0.0688247
1198 0.1 0.0688247
1199 0.1 0.0688247
1200 0.1 0.0688247
1201 0.1 0.0688247
1202 0.1 0.0688247
1203 0.05 0.05
1204 0.05 0.05
1205 0.05 0.05
1206 0.05 0.05
1207 0.05 0.05
1208 0.05 0.05
1209 0.05 0.05
1210 0.1 0.0688247
1211 0.1 0.0688247
1212 0.1 0.0688247
1213 0.1 0.0688247
1214 0.1 0.0688247
1215 0.1 0.0688247
1216 0.05 0.05
1217 0.05 0.05
1218 0.05 0.05
1219 0.05 0.05
1220 0.05 0.05
1221 0.1 0.0688247
1222 0.05 0.05
1223 0.05 0.05
1224 0.1 0.0688247
1225 0.1 0.0688247
1226 0.1 0.0688247
1227 0.1 0.0688247
1228 0.1 0.0688247
1229 0.1 0.0688247
1230 0.1 0.0688247
1231 0.1 0.0688247
1232 0.1 0.0688247
1233 0.1 0.0688247
1234 0.1 0.0688247
1235 0.15 0.0819178
1236 0.2 0.0917663
1237 0.2 0.0917663
1238 0.2 0.0917663
1239 0.15 0.0819178
1240 0.15 0.0819178
1241 0.15 0.0819178
1242 0.15 0.0819178
1243 0.15 0.0819178
1244 0.15 0.0819178
1245 0.15 0.0819178
1246 0.1 0.0688247
1247 0.15 0.0819178
1248 0.15 0.0819178
1249 0.15 0.0819178
1250 0.15 0.0819178
1251 0.1 0.0688247
1252 0.1 0.0688247
1253 0.1 0.0688247
1254 0.1 0.0688247
1255 0.1 0.0688247
1256 0.05 0.05
1257 0.05 0.05
1258 0.05 0.05
1259 0.05 0.05
1260 0.05 0.05
1261 0.05 0.05
1262 0.05 0.05
1263 0.05 0.05
1264 0.05 0.05
1265 0.05 0.05
1266 0.1 0.0688247
1267 0.1 0.0688247
1268 0.1 0.0688247
1269 0.1 0.0688247
1270 0.1 0.0688247
1271 0.1 0.0688247
1272 0.1 0.0688247
1273 0.1 0.0688247
1274 0.1 0.0688247
1275 0.05 0.05
1276 0.1 0.0688247
1277 0.1 0.0688247
1278 0.1 0.0688247
1279 0.1 0.0688247
1280 0.1 0.0688247
1281 0.1 0.0688247
1282 0.05 0.05
1283 0.05 0.05
1284 0.05 0.05
1285 0.1 0.0688247
1286 0.1 0.0688247
1287 0.1 0.0688247
1288 0.1 0.0688247
1289 0.1 0.0688247
1290 0.1 0.0688247
1291 0.1 0.0688247
1292 0.1 0.0688247
1293 0.05 0.05
1294 0.15 0.109424
1295 0.15 0.109424
1296 0.15 0.109424
1297 0.15 0.109424
1298 0.15 0.109424
1299 0.1 0.0688247
1300 0.1 0.0688247
1301 0.1 0.0688247
1302 0.05 0.05
1303 0.05 0.05
1304 0.05 0.05
1305 0.05 0.05
1306 0.05 0.05
1307 0.05 0.05
1308 0.05 0.05
1309 0.05 0.05
1310 0.05 0.05
1311 0 0
1312 0 0
1313 0 0
1314 0.05 0.05
1315 0.05 0.05
1316 0.05 0.05
1317 0.1 0.0688247
1318 0.1 0.0688247
1319 0.1 0.0688247
1320 0.1 0.0688247
1321 0.1 0.0688247
1322 0.1 0.0688247
1323 0.1 0.0688247
1324 0.1 0.0688247
1325 0.1 0.0688247
1326 0.1 0.0688247
1327 0.1 0.0688247
1328 0.1 0.0688247
1329 0.1 0.0688247
1330 0.1 0.0688247
1331 0.1 0.0688247
1332 0.15 0.0819178
1333 0.15 0.0819178
1334 0.15 0.0819178
1335 0.1 0.0688247
1336 0.1 0.0688247
1337 0.1 0.0688247
1338 0.1 0.0688247
1339 0.1 0.0688247
1340 0.1 0.0688247
1341 0.1 0.0688247
1342 0.05 0.05
1343 0.05 0.05
1344 0.05 0.05
1345 0.05 0.05
1346 0.05 0.05
1347 0.05 0.05
1348 0.05 0.05
1349 0.05 0.05
1350 0.05 0.05
1351 0.05 0.05
1352 0.05 0.05
1353 0.05 0.05
1354 0.05 0.05
1355 0.05 0.05
1356 0.05 0.05
1357 0.05 0.05
1358 0.05 0.05
1359 0.05 0.05
1360 0.05 0.05
1361 0.05 0.05
1362 0.05 0.05
1363 0.05 0.05
1364 0.05 0.05
1365 0.05 0.05
1366 0.05 0.05
1367 0.05 0.05
1368 0.05 0.05
1369 0.05 0.05
1370 0.05 0.05
1371 0.05 0.05
1372 0.05 0.05
1373 0.05 0.05
1374 0.05 0.05
1375 0.05 0.05
1376 0 0
1377 0 0
1378 0 0
1379 0 0
1380 0 0
1381 0 0
1382 0 0
1383 0 0
1384 0 0
1385 0 0
1386 0 0
1387 0 0
1388 0 0
1389 0 0
1390 0 0
1391 0 0
1392 0 0
1393 0 0
1394 0 0
1395 0 0
1396 0 0
1397 0 0
1398 0 0
1399 0 0
1400 0 0
1401 0 0
1402 0 0
1403 0 0
1404 0 0
1405 0 0
1406 0 0
1407 0 0
1408 0 0
1409 0 0
1410 0 0
1411 0 0
1412 0 0
1413 0 0
1414 0 0
1415 0 0
1416 0.05 0.05
1417 0.05 0.05
1418 0.05 0.05
1419 0.05 0.05
1420 0.05 0.05
1421 0 0
1422 0 0
1423 0 0
1424 0 0
1425 0 0
1426 0.05 0.05
1427 0.05 0.05
1428 0.05 0.05
1429 0.05 0.05
1430 0.05 0.05
1431 0.05 0.05
1432 0.05 0.05
1433 0.05 0.05
1434 0.05 0.05
1435 0.05 0.05
1436 0.05 0.05
1437 0.05 0.05
1438 0.05 0.05
1439 0.05 0.05
1440 0.05 0.05
1441 0.05 0.05
1442 0.05 0.05
1443 0.05 0.05
1444 0.05 0.05
1445 0.15 0.0819178
1446 0.15 0.0819178
1447 0.15 0.0819178
1448 0.15 0.0819178
1449 0.15 0.0819178
1450 0.15 0.0819178
1451 0.15 0.0819178
1452 0.15 0.0819178
1453 0.15 0.0819178
1454 0.15 0.0819178
1455 0.15 0.0819178
1456 0.2 0.0917663
1457 0.2 0.0917663
1458 0.25 0.0993399
1459 0.25 0.0993399
1460 0.2 0.0917663
1461 0.2 0.0917663
1462 0.2 0.0917663
1463 0.15 0.0819178
1464 0.1 0.0688247
1465 0.15 0.0819178
1466 0.15 0.0819178
1467 0.15 0.0819178
1468 0.15 0.0819178
1469 0.15 0.0819178
1470 0.2 0.0917663
1471 0.2 0.0917663
1472 0.25 0.0993399
1473 0.25 0.0993399
1474 0.3 0.105131
1475 0.3 0.105131
1476 0.3 0.105131
1477 0.3 0.105131
1478 0.3 0.105131
1479 0.3 0.105131
1480 0.3 0.105131
1481 0.3 0.105131
1482 0.3 0.105131
1483 0.3 0.105131
1484 0.25 0.0993399
1485 0.25 0.0993399
1486 0.25 0.0993399
1487 0.3 0.105131
1488 0.25 0.0993399
1489 0.25 0.0993399
1490 0.25 0.0993399
1491 0.25 0.0993399
1492 0.3 0.105131
1493 0.3 0.105131
1494 0.3 0.105131
1495 0.3 0.105131
1496 0.3 0.105131
1497 0.3 0.105131
1498 0.3 0.105131
1499 0.35 0.109424
1500 0.25 0.0993399
1501 0.25 0.0993399
1502 0.25 0.0993399
1503 0.25 0.0993399
1504 0.25 0.0993399
1505 0.2 0.0917663
1506 0.2 0.0917663
1507 0.2 0.0917663
1508 0.2 0.0917663
1509 0.2 0.0917663
1510 0.2 0.0917663
1511 0.2 0.0917663
1512 0.15 0.0819178
1513 0.15 0.0819178
1514 0.15 0.0819178
1515 0.15 0.0819178
1516 0.1 0.0688247
1517 0.1 0.0688247
1518 0.05 0.05
1519 0.05 0.05
1520 0.05 0.05
1521 0.1 0.0688247
1522 0.1 0.0688247
1523 0.1 0.0688247
1524 0.1 0.0688247
1525 0.1 0.0688247
1526 0.15 0.0819178
1527 0.15 0.0819178
1528 0.1 0.0688247
1529 0.15 0.109424
1530 0.15 0.109424
1531 0.15 0.109424
1532 0.2 0.11698
1533 0.2 0.11698
1534 0.2 0.11698
1535 0.2 0.11698
1536 0.2 0.11698
1537 0.15 0.0819178
1538 0.1 0.0688247
1539 0.1 0.0688247
1540 0.1 0.0688247
1541 0.1 0.0688247
1542 0.15 0.0819178
1543 0.2 0.0917663
1544 0.2 0.0917663
1545 0.15 0.0819178
1546 0.15 0.0819178
1547 0.1 0.0688247
1548 0.05 0.05
1549 0.05 0.05
1550 0.1 0.0688247
1551 0.1 0.0688247
1552 0.1 0.0688247
1553 0.1 0.0688247
1554 0.1 0.0688247
1555 0.1 0.0688247
1556 0.1 0.0688247
1557 0.1 0.0688247
1558 0.1 0.0688247
1559 0.1 0.0688247
1560 0.1 0.0688247
1561 0.1 0.0688247
1562 0.15 0.0819178
1563 0.15 0.0819178
1564 0.15 0.0819178
1565 0.15 0.0819178
1566 0.15 0.0819178
1567 0.15 0.0819178
1568 0.15 0.0819178
1569 0.15 0.0819178
1570 0.15 0.0819178
1571 0.15 0.0819178
1572 0.15 0.0819178
1573 0.15 0.0819178
1574 0.15 0.0819178
1575 0.2 0.11698
1576 0.2 0.11698
1577 0.2 0.11698
1578 0.15 0.109424
1579 0.15 0.109424
1580 0.1 0.0688247
1581 0.1 0.0688247
1582 0.1 0.1
1583 0.1 0.1
1584 0.05 0.05
1585 0.05 0.05
1586 0.05 0.05
1587 0.05 0.05
1588 0.05 0.05
1589 0.15 0.0819178
1590 0.15 0.0819178
1591 0.15 0.0819178
1592 0.1 0.0688247
1593 0.1 0.0688247
1594 0.1 0.0688247
1595 0.1 0.0688247
1596 0.1 0.0688247
1597 0.05 0.05
1598 0.1 0.0688247
1599 0.1 0.0688247
1600 0.1 0.0688247
1601 0.1 0.0688247
1602 0.1 0.0688247
1603 0.1 0.0688247
1604 0.1 0.0688247
1605 0.1 0.0688247
1606 0.1 0.0688247
1607 0.1 0.0688247
1608 0.1 0.0688247
1609 0.1 0.0688247
1610 0.05 0.05
1611 0.05 0.05
1612 0.1 0.0688247
1613 0.1 0.0688247
1614 0.05 0.05
1615 0.05 0.05
1616 0.05 0.05
1617 0.1 0.0688247
1618 0.1 0.0688247
1619 0.1 0.0688247
1620 0.1 0.0688247
1621 0.1 0.0688247
1622 0.15 0.0819178
1623 0.15 0.0819178
1624 0.15 0.0819178
1625 0.15 0.0819178
1626 0.15 0.0819178
1627 0.15 0.0819178
1628 0.15 0.0819178
1629 0.15 0.0819178
1630 0.15 0.0819178
1631 0.1 0.0688247
1632 0.1 0.0688247
1633 0.15 0.109424
1634 0.15 0.109424
1635 0.15 0.109424
1636 0.15 0.109424
1637 0.2 0.11698
1638 0.2 0.11698
1639 0.2 0.11698
1640 0.2 0.11698
1641 0.2 0.11698
1642 0.2 0.11698
1643 0.2 0.11698
1644 0.25 0.12301
1645 0.25 0.12301
1646 0.25 0.12301
1647 0.2 0.11698
1648 0.2 0.11698
1649 0.2 0.11698
1650 0.2 0.11698
1651 0.2 0.11698
1652 0.2 0.11698
1653 0.2 0.11698
1654 0.15 0.109424
1655 0.15 0.109424
1656 0.15 0.109424
1657 0.15 0.109424
1658 0.15 0.109424
1659 0.15 0.109424
1660 0.15 0.109424
1661 0.15 0.109424
1662 0.15 0.109424
1663 0.15 0.109424
1664 0.15 0.109424
1665 0.15 0.109424
1666 0.15 0.109424
1667 0.15 0.109424
1668 0.15 0.109424
1669 0.15 0.109424
1670 0.2 0.11698
1671 0.25 0.12301
1672 0.2 0.11698
1673 0.2 0.11698
1674 0.2 0.11698
1675 0.15 0.109424
1676 0.15 0.109424
1677 0.15 0.109424
1678 0.1 0.0688247
1679 0.1 0.0688247
1680 0.1 0.0688247
1681 0.05 0.05
1682 0.05 0.05
1683 0.05 0.05
1684 0.05 0.05
1685 0.05 0.05
1686 0.1 0.0688247
1687 0.1 0.0688247
1688 0.15 0.0819178
1689 0.15 0.0819178
1690 0.15 0.0819178
1691 0.15 0.0819178
1692 0.15 0.0819178
1693 0.1 0.0688247
1694 0.15 0.0819178
1695 0.15 0.0819178
1696 0.15 0.0819178
1697 0.15 0.0819178
1698 0.15 0.0819178
1699 0.2 0.11698
1700 0.2 0.11698
1701 0.2 0.11698
1702 0.2 0.11698
1703 0.2 0.11698
1704 0.2 0.11698
1705 0.2 0.11698
1706 0.2 0.11698
1707 0.1 0.0688247
1708 0.1 0.0688247
1709 0.1 0.0688247
1710 0.1 0.0688247
1711 0.1 0.0688247
1712 0.1 0.0688247
1713 0.1 0.0688247
1714 0.1 0.0688247
1715 0.1 0.0688247
1716 0.05 0.05
1717 0.05 0.05
1718 0.1 0.0688247
1719 0.1 0.0688247
1720 0.05 0.05
1721 0.05 0.05
1722 0.05 0.05
1723 0.05 0.05
1724 0 0
1725 0 0
1726 0 0
1727 0.05 0.05
1728 0.05 0.05
1729 0.05 0.05
1730 0.05 0.05
1731 0.1 0.0688247
1732 0.1 0.0688247
1733 0.15 0.0819178
1734 0.15 0.0819178
1735 0.15 0.0819178
1736 0.15 0.0819178
1737 0.1 0.0688247
1738 0.1 0.0688247
1739 0.1 0.0688247
1740 0.1 0.0688247
1741 0.1 0.0688247
1742 0.1 0.0688247
1743 0.1 0.0688247
1744 0.1 0.0688247
1745 0.15 0.0819178
1746 0.15 0.0819178
1747 0.15 0.0819178
1748 0.15 0.0819178
1749 0.15 0.0819178
1750 0.15 0.0819178
1751 0.15 0.0819178
1752 0.15 0.0819178
1753 0.15 0.0819178
1754 0.15 0.0819178
1755 0.15 0.0819178
1756 0.15 0.0819178
1757 0.15 0.0819178
1758 0.15 0.0819178
1759 0.15 0.0819178
1760 0.15 0.0819178
1761 0.2 0.11698
1762 0.15 0.109424
1763 0.15 0.109424
1764 0.1 0.1
1765 0.1 0.1
1766 0.1 0.1
1767 0.1 0.1
1768 0.1 0.1
1769 0.1 0.1
1770 0.1 0.1
1771 0.1 0.1
1772 0.1 0.1
1773 0.1 0.1
1774 0.1 0.1
1775 0.1 0.1
1776 0.1 0.1
1777 0.1 0.1
1778 0.1 0.1
1779 0.1 0.1
1780 0.1 0.1
1781 0.1 0.1
1782 0.1 0.1
1783 0.1 0.1
1784 0.1 0.1
1785 0.1 0.1
1786 0.1 0.1
1787 0.1 0.1
1788 0.1 0.1
1789 0.15 0.109424
1790 0.15 0.109424
1791 0.2 0.11698
1792 0.2 0.11698
1793 0.2 0.11698
1794 0.15 0.109424
1795 0.15 0.109424
1796 0.15 0.109424
1797 0.15 0.109424
1798 0.15 0.109424
1799 0.2 0.11698
1800 0.2 0.11698
1801 0.2 0.11698
1802 0.2 0.11698
1803 0.2 0.11698
1804 0.25 0.12301
1805 0.25 0.12301
1806 0.2 0.11698
1807 0.2 0.11698
1808 0.2 0.11698
1809 0.25 0.12301
1810 0.25 0.12301
1811 0.25 0.12301
1812 0.25 0.12301
1813 0.25 0.12301
1814 0.2 0.0917663
1815 0.2 0.0917663
1816 0.2 0.0917663
1817 0.2 0.0917663
1818 0.2 0.0917663
1819 0.2 0.0917663
1820 0.2 0.0917663
1821 0.2 0.0917663
1822 0.2 0.0917663
1823 0.2 0.0917663
1824 0.2 0.0917663
1825 0.2 0.0917663
1826 0.2 0.0917663
1827 0.15 0.0819178
1828 0.1 0.0688247
1829 0.1 0.0688247
1830 0.1 0.0688247
1831 0.1 0.0688247
1832 0.1 0.0688247
1833 0.05 0.05
1834 0.1 0.0688247
1835 0.1 0.0688247
1836 0.1 0.0688247
1837 0.1 0.0688247
1838 0.1 0.0688247
1839 0.1 0.0688247
1840 0.1 0.0688247
1841 0.05 0.05
1842 0.1 0.0688247
1843 0.1 0.0688247
1844 0.1 0.0688247
1845 0.1 0.0688247
1846 0.15 0.0819178
1847 0.15 0.0819178
1848 0.15 0.0819178
1849 0.15 0.0819178
1850 0.15 0.0819178
1851 0.15 0.0819178
1852 0.15 0.0819178
1853 0.15 0.0819178
1854 0.15 0.0819178
1855 0.15 0.0819178
1856 0.15 0.0819178
1857 0.15 0.0819178
1858 0.15 0.0819178
1859 0.15 0.0819178
1860 0.15 0.0819178
1861 0.15 0.0819178
1862 0.15 0.0819178
1863 0.2 0.0917663
1864 0.2 0.0917663
1865 0.2 0.0917663
1866 0.25 0.0993399
1867 0.25 0.0993399
1868 0.25 0.0993399
1869 0.25 0.0993399
1870 0.25 0.0993399
1871 0.25 0.0993399
1872 0.25 0.0993399
1873 0.2 0.0917663
1874 0.2 0.0917663
1875 0.2 0.0917663
1876 0.2 0.0917663
1877 0.15 0.0819178
1878 0.15 0.0819178
1879 0.15 0.0819178
1880 0.15 0.0819178
1881 0.15 0.0819178
1882 0.2 0.0917663
1883 0.2 0.0917663
1884 0.15 0.0819178
1885 0.15 0.0819178
1886 0.15 0.0819178
1887 0.15 0.0819178
1888 0.15 0.0819178
1889 0.1 0.0688247
1890 0.1 0.0688247
1891 0.1 0.0688247
1892 0.1 0.0688247
1893 0.1 0.0688247
1894 0.1 0.0688247
1895 0.1 0.0688247
1896 0.15 0.0819178
1897 0.1 0.0688247
1898 0.1 0.0688247
1899 0.1 0.0688247
1900 0.1 0.0688247
1901 0.1 0.0688247
1902 0.1 0.0688247
1903 0.1 0.0688247
1904 0.05 0.05
1905 0.05 0.05
1906 0.05 0.05
1907 0 0
1908 0 0
1909 0.05 0.05
1910 0.05 0.05
1911 0.05 0.05
1912 0.05 0.05
1913 0.05 0.05
1914 0.05 0.05
1915 0.05 0.05
1916 0.1 0.0688247
1917 0.1 0.0688247
1918 0.1 0.0688247
1919 0.1 0.0688247
1920 0.1 0.0688247
1921 0.05 0.05
1922 0.05 0.05
1923 0.05 0.05
1924 0.1 0.0688247
1925 0.1 0.0688247
1926 0.1 0.0688247
1927 0.1 0.0688247
1928 0.1 0.0688247
1929 0.1 0.0688247
1930 0.1 0.0688247
1931 0.1 0.0688247
1932 0.1 0.0688247
1933 0.1 0.0688247
1934 0.1 0.0688247
1935 0.1 0.0688247
1936 0.1 0.0688247
1937 0.1 0.0688247
1938 0.15 0.0819178
1939 0.15 0.0819178
1940 0.15 0.0819178
1941 0.1 0.0688247
1942 0.1 0.0688247
1943 0.05 0.05
1944 0.05 0.05
1945 0.05 0.05
