0 36 0
1 16.65 0.862295
2 9.6 0.825259
3 6.35 0.608168
4 4.15 0.399177
5 3.3 0.3
6 2.85 0.28354
7 2.5 0.223607
8 2.3 0.241704
9 2.1 0.239517
10 2 0.251312
11 2 0.217643
12 2.05 0.223312
13 1.85 0.232549
14 1.85 0.232549
15 1.85 0.232549
16 1.85 0.254176
17 1.6 0.244949
18 1.45 0.2112
19 1.4 0.222427
20 1.3 0.218849
21 1.35 0.208693
22 1.3 0.23056
23 1.15 0.220943
24 1.15 0.220943
25 1.1 0.228266
26 1.15 0.243602
27 1.2 0.247088
28 1.25 0.25
29 1.2 0.247088
30 1.15 0.232549
31 1.15 0.220943
32 0.9 0.228266
33 0.9 0.228266
34 1 0.240613
35 0.85 0.195677
36 1 0.229416
37 0.9 0.203909
38 1 0.229416
39 0.95 0.245753
40 0.95 0.245753
41 1 0.271448
42 1.15 0.264326
43 1.1 0.239517
44 1.1 0.260566
45 1.2 0.257519
46 1.15 0.264326
47 1.2 0.277204
48 1.2 0.277204
49 1.05 0.256238
50 0.95 0.26631
51 1 0.251312
52 1.1 0.250263
53 1.1 0.250263
54 0.9 0.203909
55 0.9 0.228266
56 0.85 0.232549
57 0.9 0.250263
58 0.9 0.228266
59 0.9 0.228266
60 0.9 0.21643
61 0.8 0.186378
62 0.9 0.228266
63 1 0.229416
64 0.85 0.220943
65 0.85 0.220943
66 1.05 0.26631
67 1.05 0.276015
68 1.05 0.2112
69 1.05 0.2112
70 0.95 0.184605
71 0.9 0.176218
72 0.9 0.190567
73 0.85 0.181731
74 0.9 0.203909
75 0.65 0.181731
76 0.65 0.195677
77 0.65 0.15
78 0.7 0.163836
79 0.6 0.152177
80 0.6 0.152177
81 0.55 0.153469
82 0.6 0.152177
83 0.65 0.181731
84 0.65 0.181731
85 0.7 0.193309
86 0.65 0.166623
87 0.55 0.135239
88 0.6 0.152177
89 0.6 0.133771
90 0.7 0.146898
91 0.75 0.160181
92 0.75 0.160181
93 0.75 0.160181
94 0.7 0.163836
95 0.65 0.166623
96 0.7 0.163836
97 0.55 0.153469
98 0.55 0.153469
99 0.55 0.135239
100 0.55 0.135239
101 0.5 0.135724
102 0.6 0.183533
103 0.7 0.193309
104 0.8 0.236198
105 0.7 0.23056
106 0.7 0.23056
107 0.65 0.220943
108 0.7 0.218849
109 0.7 0.218849
110 0.65 0.181731
111 0.6 0.152177
112 0.55 0.135239
113 0.5 0.114708
114 0.35 0.109424
115 0.4 0.11239
116 0.4 0.11239
117 0.5 0.114708
118 0.55 0.114133
119 0.45 0.114133
120 0.55 0.135239
121 0.55 0.135239
122 0.6 0.133771
123 0.6 0.133771
124 0.6 0.133771
125 0.65 0.131289
126 0.65 0.131289
127 0.8 0.137649
128 0.8 0.137649
129 0.95 0.184605
130 0.9 0.190567
131 0.85 0.166623
132 0.85 0.166623
133 0.9 0.176218
134 0.85 0.181731
135 0.85 0.208693
136 0.9 0.21643
137 0.9 0.203909
138 0.85 0.166623
139 0.8 0.155597
140 0.75 0.160181
141 0.8 0.171679
142 0.8 0.2
143 0.8 0.2
144 0.8 0.2
145 0.8 0.2
146 0.8 0.2
147 0.8 0.2
148 0.8 0.2
149 0.8 0.2
150 0.8 0.2
151 0.8 0.224781
152 0.8 0.224781
153 0.7 0.218849
154 0.75 0.227977
155 0.6 0.233959
156 0.65 0.243602
157 0.65 0.243602
158 0.65 0.243602
159 0.6 0.210263
160 0.55 0.169752
161 0.55 0.169752
162 0.65 0.181731
163 0.75 0.175844
164 1 0.261574
165 1.1 0.270477
166 1.1 0.250263
167 1.1 0.250263
168 0.95 0.245753
169 1.05 0.245753
170 0.8 0.2
171 0.8 0.2
172 0.75 0.190221
173 0.75 0.190221
174 0.8 0.2
175 0.75 0.203586
176 0.75 0.216126
177 0.8 0.212751
178 0.75 0.203586
179 0.75 0.175844
180 0.7 0.163836
181 0.7 0.163836
182 0.75 0.175844
183 0.75 0.175844
184 0.75 0.175844
185 0.95 0.2112
186 1 0.205196
187 0.95 0.223312
188 1 0.229416
189 0.95 0.223312
190 0.8 0.186378
191 0.8 0.186378
192 0.8 0.186378
193 0.7 0.146898
194 0.8 0.155597
195 0.85 0.166623
196 0.9 0.190567
197 0.85 0.220943
198 0.85 0.220943
199 0.75 0.160181
200 0.7 0.146898
201 0.75 0.160181
202 0.65 0.166623
203 0.65 0.195677
204 0.6 0.168585
205 0.6 0.168585
206 0.6 0.168585
207 0.55 0.153469
208 0.65 0.166623
209 0.7 0.179179
210 0.7 0.179179
211 0.75 0.175844
212 0.75 0.190221
213 0.75 0.175844
214 0.75 0.190221
215 0.75 0.160181
216 0.75 0.160181
217 0.8 0.2
218 0.8 0.2
219 0.8 0.2
220 0.75 0.175844
221 0.8 0.2
222 0.9 0.203909
223 0.9 0.21643
224 1 0.240613
225 0.95 0.256238
226 0.95 0.256238
227 0.9 0.260566
228 0.75 0.216126
229 0.85 0.264326
230 0.9 0.289282
231 0.9 0.289282
232 0.75 0.239242
233 0.7 0.23056
234 0.85 0.232549
235 0.85 0.232549
236 0.9 0.228266
237 0.85 0.232549
238 0.9 0.228266
239 0.95 0.2112
240 0.9 0.203909
241 0.9 0.203909
242 0.85 0.232549
243 0.85 0.232549
244 0.75 0.216126
245 0.75 0.216126
246 0.75 0.216126
247 0.8 0.212751
248 0.65 0.195677
249 0.7 0.218849
250 0.9 0.228266
251 0.95 0.245753
252 0.75 0.190221
253 0.85 0.220943
254 0.8 0.224781
255 0.75 0.203586
256 0.55 0.198348
257 0.5 0.184961
258 0.5 0.184961
259 0.45 0.184605
260 0.45 0.184605
261 0.45 0.2112
262 0.4 0.168585
263 0.4 0.168585
264 0.4 0.168585
265 0.45 0.2112
266 0.45 0.2112
267 0.4 0.168585
268 0.4 0.168585
269 0.35 0.166623
270 0.35 0.166623
271 0.35 0.166623
272 0.4 0.183533
273 0.4 0.183533
274 0.45 0.184605
275 0.45 0.184605
276 0.45 0.184605
277 0.55 0.198348
278 0.45 0.153469
279 0.5 0.170139
280 0.55 0.198348
281 0.5 0.170139
282 0.6 0.210263
283 0.5 0.170139
284 0.5 0.170139
285 0.45 0.153469
286 0.45 0.153469
287 0.4 0.133771
288 0.65 0.166623
289 0.8 0.186378
290 0.85 0.181731
291 0.85 0.181731
292 0.8 0.186378
293 0.85 0.181731
294 0.95 0.184605
295 0.9 0.176218
296 0.85 0.181731
297 0.8 0.171679
298 0.8 0.171679
299 0.8 0.171679
300 0.8 0.171679
301 0.9 0.176218
302 0.95 0.184605
303 0.95 0.184605
304 0.85 0.181731
305 0.8 0.186378
306 0.7 0.179179
307 0.7 0.179179
308 0.7 0.179179
309 0.75 0.175844
310 0.6 0.152177
311 0.6 0.152177
312 0.6 0.152177
313 0.5 0.135724
314 0.5 0.135724
315 0.5 0.135724
316 0.6 0.183533
317 0.55 0.184605
318 0.55 0.184605
319 0.55 0.184605
320 0.6 0.197351
321 0.6 0.197351
322 0.55 0.198348
323 0.5 0.184961
324 0.5 0.184961
325 0.5 0.184961
326 0.6 0.197351
327 0.35 0.131289
328 0.3 0.127733
329 0.3 0.127733
330 0.4 0.183533
331 0.35 0.181731
332 0.35 0.181731
333 0.35 0.181731
334 0.45 0.223312
335 0.55 0.234801
336 0.55 0.234801
337 0.55 0.234801
338 0.55 0.234801
339 0.55 0.223312
340 0.5 0.223607
341 0.45 0.223312
342 0.45 0.223312
343 0.45 0.223312
344 0.45 0.223312
345 0.35 0.220943
346 0.35 0.166623
347 0.3 0.146898
348 0.3 0.146898
349 0.3 0.146898
350 0.25 0.12301
351 0.25 0.12301
352 0.25 0.12301
353 0.25 0.12301
354 0.25 0.12301
355 0.2 0.11698
356 0.2 0.11698
357 0.2 0.11698
358 0.2 0.11698
359 0.2 0.11698
360 0.2 0.11698
361 0.2 0.11698
362 0.2 0.11698
363 0.2 0.11698
364 0.2 0.11698
365 0.2 0.11698
366 0.2 0.11698
367 0.2 0.11698
368 0.1 0.0688247
369 0.1 0.0688247
370 0.2 0.0917663
371 0.2 0.0917663
372 0.2 0.0917663
373 0.2 0.0917663
374 0.2 0.0917663
375 0.2 0.0917663
376 0.3 0.127733
377 0.3 0.127733
378 0.4 0.152177
379 0.4 0.152177
380 0.4 0.152177
381 0.35 0.131289
382 0.35 0.131289
383 0.35 0.131289
384 0.4 0.168585
385 0.4 0.168585
386 0.4 0.168585
387 0.4 0.168585
388 0.4 0.168585
389 0.5 0.19868
390 0.5 0.19868
391 0.6 0.210263
392 0.55 0.184605
393 0.55 0.184605
394 0.5 0.170139
395 0.5 0.170139
396 0.45 0.169752
397 0.4 0.152177
398 0.35 0.131289
399 0.35 0.131289
400 0.4 0.133771
401 0.45 0.135239
402 0.5 0.135724
403 0.45 0.135239
404 0.55 0.153469
405 0.55 0.153469
406 0.55 0.153469
407 0.6 0.152177
408 0.6 0.152177
409 0.6 0.152177
410 0.6 0.152177
411 0.7 0.146898
412 0.75 0.160181
413 0.75 0.160181
414 0.75 0.160181
415 0.75 0.160181
416 0.8 0.171679
417 0.8 0.171679
418 0.8 0.171679
419 0.8 0.171679
420 0.9 0.21643
421 0.9 0.21643
422 0.85 0.220943
423 0.85 0.220943
424 0.85 0.232549
425 0.85 0.220943
426 0.85 0.220943
427 0.8 0.212751
428 0.8 0.212751
429 0.8 0.212751
430 0.9 0.239517
431 0.85 0.220943
432 0.85 0.220943
433 0.85 0.220943
434 0.85 0.220943
435 0.9 0.250263
436 0.9 0.250263
437 0.9 0.250263
438 0.9 0.228266
439 0.75 0.190221
440 0.75 0.190221
441 0.9 0.239517
442 0.6 0.168585
443 0.6 0.183533
444 0.65 0.195677
445 0.6 0.183533
446 0.65 0.181731
447 0.6 0.168585
448 0.6 0.168585
449 0.6 0.168585
450 0.65 0.181731
451 0.65 0.181731
452 0.65 0.181731
453 0.6 0.183533
454 0.7 0.218849
455 0.55 0.184605
456 0.55 0.184605
457 0.45 0.169752
458 0.3 0.146898
459 0.3 0.146898
460 0.3 0.146898
461 0.4 0.168585
462 0.45 0.169752
463 0.5 0.170139
464 0.4 0.152177
465 0.45 0.169752
466 0.45 0.169752
467 0.45 0.169752
468 0.5 0.184961
469 0.45 0.169752
470 0.4 0.152177
471 0.55 0.184605
472 0.55 0.184605
473 0.6 0.183533
474 0.6 0.183533
475 0.6 0.183533
476 0.45 0.153469
477 0.65 0.208693
478 0.65 0.208693
479 0.7 0.218849
480 0.85 0.28354
481 0.9 0.280038
482 0.9 0.280038
483 0.95 0.276015
484 1.1 0.280038
485 1 0.261574
486 1.05 0.26631
487 1.05 0.276015
488 1.1 0.280038
489 1.05 0.245753
490 1.05 0.2112
491 1.05 0.2112
492 1.05 0.2112
493 1.05 0.2112
494 0.95 0.2112
495 0.95 0.198348
496 0.85 0.195677
497 0.9 0.203909
498 0.9 0.203909
499 0.9 0.203909
500 0.95 0.198348
501 1 0.191943
502 0.95 0.198348
503 0.85 0.195677
504 0.8 0.2
505 0.75 0.203586
506 0.75 0.203586
507 0.75 0.203586
508 0.8 0.212751
509 0.9 0.239517
510 0.95 0.234801
511 0.95 0.223312
512 1.05 0.223312
513 0.9 0.203909
514 0.9 0.203909
515 0.8 0.2
516 0.7 0.218849
517 0.7 0.218849
518 0.6 0.152177
519 0.65 0.166623
520 0.65 0.166623
521 0.6 0.168585
522 0.7 0.23056
523 0.75 0.227977
524 0.7 0.218849
525 0.7 0.218849
526 0.7 0.218849
527 0.7 0.218849
528 0.7 0.218849
529 0.7 0.218849
530 0.7 0.218849
531 0.7 0.218849
532 0.7 0.218849
533 0.65 0.208693
534 0.6 0.168585
535 0.6 0.168585
536 0.55 0.169752
537 0.55 0.169752
538 0.55 0.169752
539 0.5 0.170139
540 0.55 0.169752
541 0.65 0.208693
542 0.55 0.169752
543 0.65 0.181731
544 0.65 0.181731
545 0.65 0.181731
546 0.65 0.181731
547 0.55 0.135239
548 0.6 0.133771
549 0.5 0.114708
550 0.5 0.114708
551 0.5 0.114708
552 0.5 0.114708
553 0.6 0.152177
554 0.55 0.135239
555 0.55 0.135239
556 0.55 0.135239
557 0.6 0.133771
558 0.55 0.135239
559 0.6 0.133771
560 0.6 0.152177
561 0.55 0.135239
562 0.55 0.135239
563 0.55 0.135239
564 0.55 0.135239
565 0.65 0.166623
566 0.7 0.179179
567 0.7 0.179179
568 0.75 0.175844
569 0.75 0.175844
570 0.7 0.206474
571 0.65 0.208693
572 0.65 0.208693
573 0.75 0.203586
574 0.7 0.206474
575 0.75 0.203586
576 0.85 0.254176
577 0.85 0.254176
578 0.75 0.203586
579 0.7 0.193309
580 0.7 0.193309
581 0.7 0.193309
582 0.65 0.195677
583 0.65 0.181731
584 0.65 0.166623
585 0.75 0.175844
586 0.7 0.179179
587 0.75 0.190221
588 0.75 0.190221
589 0.75 0.190221
590 0.75 0.190221
591 0.75 0.190221
592 0.7 0.206474
593 0.6 0.168585
594 0.6 0.168585
595 0.5 0.153897
596 0.5 0.153897
597 0.5 0.153897
598 0.5 0.153897
599 0.5 0.153897
600 0.6 0.168585
601 0.6 0.152177
602 0.6 0.152177
603 0.75 0.227977
604 0.65 0.220943
605 0.7 0.218849
606 0.7 0.218849
607 0.6 0.152177
608 0.7 0.163836
609 0.7 0.163836
610 0.7 0.163836
611 0.85 0.208693
612 0.85 0.208693
613 0.75 0.203586
614 0.8 0.2
615 0.95 0.26631
616 0.95 0.26631
617 0.9 0.260566
618 0.8 0.236198
619 0.8 0.236198
620 0.75 0.239242
621 0.65 0.208693
622 0.7 0.206474
623 0.65 0.208693
624 0.65 0.208693
625 0.5 0.170139
626 0.5 0.170139
627 0.5 0.170139
628 0.5 0.170139
629 0.45 0.169752
630 0.5 0.184961
631 0.55 0.184605
632 0.55 0.184605
633 0.55 0.184605
634 0.55 0.184605
635 0.55 0.184605
636 0.5 0.153897
637 0.45 0.135239
638 0.45 0.135239
639 0.45 0.135239
640 0.45 0.135239
641 0.6 0.168585
642 0.6 0.168585
643 0.55 0.169752
644 0.55 0.169752
645 0.6 0.183533
646 0.6 0.183533
647 0.6 0.183533
648 0.7 0.241704
649 0.7 0.241704
650 0.75 0.239242
651 0.75 0.239242
652 0.75 0.239242
653 0.8 0.2
654 0.7 0.193309
655 0.75 0.190221
656 0.65 0.15
657 0.65 0.15
658 0.6 0.152177
659 0.6 0.152177
660 0.55 0.153469
661 0.6 0.152177
662 0.6 0.152177
663 0.55 0.153469
664 0.55 0.153469
665 0.55 0.135239
666 0.5 0.135724
667 0.45 0.135239
668 0.45 0.135239
669 0.55 0.184605
670 0.5 0.170139
671 0.65 0.181731
672 0.45 0.135239
673 0.55 0.153469
674 0.55 0.153469
675 0.65 0.166623
676 0.55 0.153469
677 0.55 0.153469
678 0.55 0.153469
679 0.5 0.153897
680 0.55 0.153469
681 0.75 0.175844
682 0.75 0.175844
683 0.75 0.175844
684 0.7 0.163836
685 0.7 0.163836
686 0.7 0.163836
687 0.7 0.163836
688 0.75 0.160181
689 0.75 0.160181
690 0.75 0.160181
691 0.75 0.160181
692 0.75 0.160181
693 0.85 0.166623
694 0.8 0.171679
695 0.75 0.175844
696 0.75 0.175844
697 0.75 0.175844
698 0.75 0.175844
699 0.75 0.175844
700 0.85 0.181731
701 0.85 0.181731
702 0.85 0.181731
703 0.85 0.181731
704 0.85 0.181731
705 0.85 0.181731
706 0.85 0.181731
707 0.75 0.175844
708 0.8 0.186378
709 0.8 0.186378
710 0.8 0.186378
711 0.7 0.179179
712 0.6 0.152177
713 0.6 0.152177
714 0.55 0.153469
715 0.6 0.183533
716 0.6 0.183533
717 0.6 0.183533
718 0.55 0.184605
719 0.5 0.184961
720 0.45 0.153469
721 0.45 0.153469
722 0.5 0.170139
723 0.5 0.170139
724 0.5 0.170139
725 0.6 0.197351
726 0.65 0.195677
727 0.65 0.195677
728 0.65 0.195677
729 0.7 0.193309
730 0.7 0.193309
731 0.7 0.193309
732 0.65 0.195677
733 0.65 0.195677
734 0.55 0.184605
735 0.55 0.184605
736 0.55 0.184605
737 0.55 0.184605
738 0.55 0.184605
739 0.55 0.184605
740 0.55 0.184605
741 0.5 0.184961
742 0.5 0.184961
743 0.5 0.184961
744 0.55 0.184605
745 0.55 0.184605
746 0.5 0.153897
747 0.55 0.153469
748 0.55 0.153469
749 0.5 0.153897
750 0.6 0.168585
751 0.55 0.169752
752 0.55 0.169752
753 0.55 0.169752
754 0.5 0.153897
755 0.5 0.153897
756 0.3 0.105131
757 0.35 0.109424
758 0.4 0.11239
759 0.4 0.11239
760 0.4 0.11239
761 0.4 0.11239
762 0.45 0.135239
763 0.5 0.211511
764 0.5 0.211511
765 0.5 0.211511
766 0.45 0.2112
767 0.4 0.168585
768 0.35 0.131289
769 0.4 0.133771
770 0.35 0.131289
771 0.35 0.15
772 0.35 0.15
773 0.35 0.15
774 0.35 0.15
775 0.55 0.169752
776 0.55 0.153469
777 0.55 0.153469
778 0.5 0.135724
779 0.45 0.135239
780 0.45 0.114133
781 0.45 0.135239
782 0.4 0.133771
783 0.45 0.184605
784 0.35 0.166623
785 0.45 0.184605
786 0.45 0.184605
787 0.45 0.184605
788 0.65 0.208693
789 0.65 0.208693
790 0.65 0.208693
791 0.6 0.197351
792 0.7 0.206474
793 0.7 0.206474
794 0.7 0.206474
795 0.7 0.206474
796 0.75 0.190221
797 0.75 0.190221
798 0.8 0.212751
799 0.8 0.212751
800 0.8 0.212751
801 0.75 0.216126
802 0.75 0.203586
803 0.7 0.193309
804 0.7 0.193309
805 0.7 0.193309
806 0.65 0.195677
807 0.65 0.195677
808 0.65 0.195677
809 0.7 0.193309
810 0.7 0.193309
811 0.7 0.193309
812 0.7 0.193309
813 0.75 0.190221
814 0.8 0.186378
815 0.8 0.186378
816 0.75 0.190221
817 0.8 0.186378
818 0.75 0.175844
819 0.75 0.175844
820 0.7 0.179179
821 0.65 0.181731
822 0.65 0.181731
823 0.7 0.179179
824 0.75 0.175844
825 0.75 0.175844
826 0.8 0.171679
827 0.75 0.175844
828 0.7 0.146898
829 0.65 0.131289
830 0.75 0.175844
831 0.85 0.195677
832 0.8 0.2
833 0.95 0.256238
834 0.95 0.256238
835 0.8 0.2
836 0.6 0.152177
837 0.6 0.133771
838 0.6 0.133771
839 0.65 0.15
840 0.65 0.15
841 0.65 0.15
842 0.65 0.15
843 0.6 0.152177
844 0.7 0.193309
845 0.6 0.183533
846 0.6 0.183533
847 0.65 0.195677
848 0.65 0.195677
849 0.65 0.195677
850 0.75 0.216126
851 0.85 0.243602
852 0.7 0.218849
853 0.65 0.220943
854 0.65 0.220943
855 0.75 0.227977
856 0.75 0.227977
857 0.75 0.227977
858 0.8 0.224781
859 0.75 0.203586
860 0.7 0.179179
861 0.7 0.179179
862 0.75 0.203586
863 0.8 0.224781
864 0.8 0.224781
865 0.75 0.203586
866 0.75 0.203586
867 0.7 0.193309
868 0.65 0.195677
869 0.65 0.181731
870 0.7 0.179179
871 0.7 0.179179
872 0.7 0.179179
873 0.8 0.2
874 0.9 0.203909
875 1 0.271448
876 1 0.271448
877 1 0.271448
878 1.05 0.276015
879 0.95 0.2112
880 1 0.205196
881 0.95 0.169752
882 0.9 0.160591
883 0.9 0.160591
884 0.9 0.160591
885 0.9 0.160591
886 1.05 0.153469
887 1.05 0.153469
888 1 0.145095
889 1 0.145095
890 1 0.145095
891 1 0.145095
892 1 0.145095
893 1 0.145095
894 1 0.145095
895 0.95 0.153469
896 0.95 0.153469
897 0.95 0.153469
898 0.85 0.166623
899 0.85 0.166623
900 0.85 0.15
901 0.85 0.15
902 0.85 0.15
903 0.8 0.155597
904 0.85 0.15
905 0.95 0.184605
906 0.9 0.190567
907 1.15 0.208693
908 1.15 0.208693
909 1.05 0.184605
910 0.95 0.169752
911 0.95 0.184605
912 1 0.177705
913 1.05 0.184605
914 1 0.177705
915 0.95 0.184605
916 1.05 0.184605
917 1.05 0.184605
918 1 0.177705
919 0.8 0.155597
920 0.9 0.160591
921 0.85 0.166623
922 0.8 0.155597
923 0.85 0.166623
924 1.05 0.184605
925 1.05 0.184605
926 1.05 0.184605
927 1.05 0.184605
928 1.05 0.184605
929 1.05 0.184605
930 1.05 0.184605
931 1 0.191943
932 1.1 0.203909
933 1.1 0.203909
934 1.1 0.203909
935 1.1 0.203909
936 1.05 0.184605
937 1.05 0.198348
938 0.95 0.184605
939 0.95 0.184605
940 0.95 0.184605
941 0.9 0.190567
942 1 0.217643
943 1 0.217643
944 0.95 0.2112
945 0.95 0.2112
946 0.95 0.2112
947 0.95 0.2112
948 1 0.229416
949 0.95 0.223312
950 0.95 0.223312
951 0.95 0.223312
952 0.85 0.220943
953 0.85 0.220943
954 0.8 0.2
955 0.75 0.203586
956 0.7 0.206474
957 0.5 0.170139
958 0.6 0.183533
959 0.6 0.183533
960 0.6 0.168585
961 0.65 0.166623
962 0.55 0.153469
963 0.45 0.135239
964 0.45 0.135239
965 0.45 0.135239
966 0.45 0.135239
967 0.45 0.135239
968 0.45 0.135239
969 0.35 0.109424
970 0.4 0.133771
971 0.4 0.133771
972 0.4 0.133771
973 0.4 0.133771
974 0.4 0.152177
975 0.55 0.153469
976 0.5 0.135724
977 0.55 0.135239
978 0.55 0.135239
979 0.55 0.135239
980 0.65 0.166623
981 0.65 0.166623
982 0.65 0.166623
983 0.85 0.208693
984 0.85 0.208693
985 0.8 0.186378
986 0.85 0.181731
987 0.85 0.181731
988 1 0.217643
989 0.8 0.186378
990 0.8 0.186378
991 0.8 0.186378
992 0.8 0.186378
993 0.9 0.21643
994 0.9 0.21643
995 0.95 0.2112
996 1 0.229416
997 0.85 0.208693
998 0.8 0.212751
999 0.8 0.186378
1000 1 0.240613
1001 0.95 0.245753
1002 0.9 0.250263
1003 0.7 0.193309
1004 0.7 0.179179
1005 0.7 0.179179
1006 0.65 0.181731
1007 0.7 0.206474
1008 0.75 0.239242
1009 0.7 0.241704
1010 0.6 0.183533
1011 0.55 0.169752
1012 0.55 0.169752
1013 0.7 0.179179
1014 0.7 0.179179
1015 0.75 0.190221
1016 0.75 0.190221
1017 0.65 0.181731
1018 0.65 0.181731
1019 0.65 0.181731
1020 0.65 0.181731
1021 0.65 0.181731
1022 0.7 0.193309
1023 0.7 0.206474
1024 0.7 0.206474
1025 0.7 0.206474
1026 0.75 0.203586
1027 0.65 0.195677
1028 0.8 0.212751
1029 0.8 0.212751
1030 0.85 0.181731
1031 0.85 0.181731
1032 0.8 0.171679
1033 0.85 0.166623
1034 0.9 0.176218
1035 1.05 0.184605
1036 1.05 0.245753
1037 1.05 0.245753
1038 1 0.217643
1039 1 0.217643
1040 1 0.217643
1041 1 0.217643
1042 1.05 0.234801
1043 1.05 0.234801
1044 1.1 0.21643
1045 1.15 0.208693
1046 1.15 0.208693
1047 1.1 0.21643
1048 1.2 0.2
1049 1.15 0.195677
1050 1.15 0.195677
1051 1.2 0.2
1052 1.2 0.2
1053 1.15 0.181731
1054 1.15 0.181731
1055 1.1 0.176218
1056 1 0.177705
1057 1 0.177705
1058 1.05 0.169752
1059 1 0.205196
1060 1 0.205196
1061 1 0.205196
1062 0.95 0.2112
1063 0.9 0.203909
1064 0.8 0.212751
1065 0.8 0.212751
1066 0.8 0.212751
1067 0.8 0.212751
1068 0.8 0.212751
1069 0.8 0.212751
1070 0.8 0.2
1071 0.8 0.2
1072 0.75 0.190221
1073 0.75 0.190221
1074 0.8 0.2
1075 0.8 0.2
1076 0.8 0.2
1077 0.75 0.190221
1078 0.7 0.193309
1079 0.7 0.193309
1080 0.7 0.193309
1081 0.7 0.193309
1082 0.65 0.195677
1083 0.6 0.197351
1084 0.6 0.197351
1085 0.6 0.197351
1086 0.55 0.184605
1087 0.55 0.184605
1088 0.65 0.220943
1089 0.65 0.220943
1090 0.7 0.218849
1091 0.65 0.220943
1092 0.55 0.184605
1093 0.55 0.184605
1094 0.55 0.184605
1095 0.65 0.181731
1096 0.6 0.183533
1097 0.6 0.183533
1098 0.65 0.195677
1099 0.65 0.195677
1100 0.6 0.183533
1101 0.6 0.183533
1102 0.7 0.218849
1103 0.7 0.218849
1104 0.7 0.218849
1105 0.7 0.218849
1106 0.7 0.206474
1107 0.7 0.206474
1108 0.75 0.216126
1109 0.75 0.216126
1110 0.75 0.216126
1111 0.75 0.216126
1112 0.75 0.216126
1113 0.7 0.206474
1114 0.75 0.203586
1115 0.75 0.203586
1116 0.75 0.203586
1117 0.75 0.203586
1118 0.75 0.203586
1119 0.75 0.216126
1120 0.65 0.208693
1121 0.7 0.241704
1122 0.75 0.25
1123 0.65 0.195677
1124 0.6 0.183533
1125 0.6 0.183533
1126 0.6 0.183533
1127 0.6 0.183533
1128 0.6 0.183533
1129 0.5 0.170139
1130 0.5 0.170139
1131 0.5 0.170139
1132 0.55 0.184605
1133 0.6 0.210263
1134 0.55 0.198348
1135 0.55 0.198348
1136 0.55 0.198348
1137 0.5 0.19868
1138 0.5 0.19868
1139 0.45 0.153469
1140 0.5 0.153897
1141 0.5 0.153897
1142 0.5 0.153897
1143 0.45 0.153469
1144 0.65 0.274101
1145 0.6 0.265568
1146 0.5 0.223607
1147 0.55 0.26631
1148 0.45 0.184605
1149 0.45 0.184605
1150 0.45 0.184605
1151 0.45 0.184605
1152 0.5 0.184961
1153 0.5 0.184961
1154 0.45 0.153469
1155 0.45 0.153469
1156 0.4 0.133771
1157 0.45 0.135239
1158 0.45 0.135239
1159 0.4 0.133771
1160 0.4 0.133771
1161 0.4 0.133771
1162 0.4 0.133771
1163 0.4 0.133771
1164 0.4 0.133771
1165 0.35 0.109424
1166 0.4 0.133771
1167 0.4 0.133771
1168 0.35 0.109424
1169 0.35 0.109424
1170 0.4 0.11239
1171 0.4 0.11239
1172 0.4 0.11239
1173 0.4 0.11239
1174 0.4 0.11239
1175 0.35 0.109424
1176 0.35 0.109424
1177 0.45 0.135239
1178 0.45 0.135239
1179 0.45 0.135239
1180 0.4 0.133771
1181 0.4 0.133771
1182 0.4 0.133771
1183 0.45 0.135239
1184 0.45 0.135239
1185 0.45 0.135239
1186 0.45 0.135239
1187 0.35 0.131289
1188 0.35 0.131289
1189 0.35 0.131289
1190 0.35 0.131289
1191 0.35 0.131289
1192 0.35 0.131289
1193 0.35 0.131289
1194 0.35 0.131289
1195 0.4 0.133771
1196 0.4 0.133771
1197 0.55 0.169752
1198 0.55 0.169752
1199 0.65 0.220943
1200 0.65 0.220943
1201 0.65 0.220943
1202 0.65 0.220943
1203 0.6 0.197351
1204 0.7 0.23056
1205 0.65 0.208693
1206 0.55 0.198348
1207 0.6 0.210263
1208 0.6 0.210263
1209 0.55 0.198348
1210 0.45 0.153469
1211 0.45 0.153469
1212 0.45 0.153469
1213 0.45 0.153469
1214 0.5 0.153897
1215 0.5 0.153897
1216 0.6 0.168585
1217 0.7 0.23056
1218 0.6 0.152177
1219 0.6 0.152177
1220 0.65 0.181731
1221 0.6 0.152177
1222 0.5 0.135724
1223 0.5 0.135724
1224 0.5 0.135724
1225 0.6 0.152177
1226 0.6 0.152177
1227 0.55 0.153469
1228 0.65 0.166623
1229 0.75 0.203586
1230 0.75 0.203586
1231 0.6 0.183533
1232 0.6 0.183533
1233 0.7 0.206474
1234 0.7 0.206474
1235 0.6 0.197351
1236 0.65 0.195677
1237 0.65 0.195677
1238 0.75 0.227977
1239 0.65 0.195677
1240 0.65 0.195677
1241 0.7 0.193309
1242 0.75 0.227977
1243 0.75 0.227977
1244 0.7 0.218849
1245 0.7 0.218849
1246 0.65 0.220943
1247 0.65 0.15
1248 0.65 0.15
1249 0.75 0.190221
1250 0.8 0.186378
1251 0.8 0.186378
1252 0.85 0.195677
1253 0.85 0.195677
1254 0.85 0.195677
1255 0.8 0.2
1256 0.8 0.212751
1257 0.8 0.212751
1258 0.75 0.216126
1259 0.75 0.216126
1260 0.75 0.216126
1261 0.8 0.236198
1262 0.7 0.218849
1263 0.7 0.218849
1264 0.7 0.218849
1265 0.55 0.184605
1266 0.6 0.183533
1267 0.5 0.170139
1268 0.6 0.210263
1269 0.6 0.210263
1270 0.55 0.184605
1271 0.65 0.195677
1272 0.65 0.195677
1273 0.75 0.190221
1274 0.85 0.208693
1275 0.95 0.223312
1276 1 0.229416
1277 1 0.229416
1278 1.05 0.234801
1279 1.05 0.234801
1280 1.1 0.260566
1281 1.1 0.260566
1282 1 0.217643
1283 1 0.217643
1284 0.95 0.2112
1285 0.95 0.2112
1286 0.85 0.208693
1287 0.8 0.186378
1288 0.8 0.186378
1289 0.85 0.195677
1290 0.85 0.195677
1291 0.95 0.223312
1292 1 0.217643
1293 0.9 0.14327
1294 0.9 0.14327
1295 0.9 0.14327
1296 1.05 0.223312
1297 1.05 0.223312
1298 1.1 0.250263
1299 1.1 0.250263
1300 1 0.205196
1301 0.9 0.203909
1302 0.95 0.198348
1303 0.95 0.198348
1304 0.95 0.198348
1305 1 0.191943
1306 1 0.191943
1307 0.95 0.198348
1308 1 0.205196
1309 0.95 0.198348
1310 0.9 0.176218
1311 0.9 0.176218
1312 0.9 0.176218
1313 0.9 0.190567
1314 0.75 0.14281
1315 0.85 0.181731
1316 0.9 0.190567
1317 0.9 0.190567
1318 1 0.191943
1319 0.95 0.198348
1320 0.8 0.186378
1321 0.7 0.179179
1322 0.7 0.179179
1323 0.75 0.190221
1324 0.7 0.163836
1325 0.7 0.179179
1326 0.7 0.179179
1327 0.65 0.181731
1328 0.55 0.169752
1329 0.5 0.170139
1330 0.4 0.11239
1331 0.4 0.11239
1332 0.45 0.114133
1333 0.45 0.114133
1334 0.5 0.114708
1335 0.4 0.11239
1336 0.35 0.109424
1337 0.45 0.114133
1338 0.45 0.114133
1339 0.45 0.114133
1340 0.5 0.135724
1341 0.5 0.153897
1342 0.45 0.153469
1343 0.45 0.153469
1344 0.45 0.153469
1345 0.55 0.153469
1346 0.55 0.153469
1347 0.6 0.168585
1348 0.6 0.168585
1349 0.6 0.183533
1350 0.65 0.181731
1351 0.7 0.179179
1352 0.7 0.179179
1353 0.75 0.175844
1354 0.75 0.175844
1355 0.75 0.175844
1356 0.75 0.175844
1357 0.75 0.175844
1358 0.6 0.133771
1359 0.6 0.133771
1360 0.65 0.131289
1361 0.6 0.133771
1362 0.6 0.133771
1363 0.6 0.133771
1364 0.55 0.135239
1365 0.55 0.135239
1366 0.55 0.135239
1367 0.6 0.152177
1368 0.55 0.135239
1369 0.55 0.135239
1370 0.55 0.135239
1371 0.65 0.15
1372 0.7 0.146898
1373 0.7 0.146898
1374 0.65 0.15
1375 0.75 0.216126
1376 0.95 0.245753
1377 1 0.240613
1378 1.05 0.223312
1379 1 0.205196
1380 1 0.205196
1381 0.95 0.2112
1382 0.95 0.2112
1383 0.85 0.181731
1384 0.9 0.176218
1385 0.95 0.184605
1386 0.95 0.184605
1387 0.95 0.184605
1388 1.05 0.2112
1389 1.05 0.2112
1390 0.95 0.2112
1391 1.05 0.234801
1392 1.1 0.239517
1393 1.05 0.223312
1394 1.05 0.223312
1395 1 0.217643
1396 1.05 0.234801
1397 1.1 0.228266
1398 1.2 0.247088
1399 1.15 0.243602
1400 1.2 0.236198
1401 1.25 0.239242
1402 1.2 0.224781
1403 1.1 0.203909
1404 1.15 0.220943
1405 1.15 0.220943
1406 1.2 0.247088
1407 1.2 0.224781
1408 1.2 0.2
1409 1.25 0.203586
1410 1.2 0.212751
1411 1.2 0.212751
1412 1.25 0.216126
1413 1.15 0.195677
1414 1.15 0.195677
1415 1.15 0.220943
1416 1.25 0.216126
1417 1.1 0.228266
1418 1.1 0.228266
1419 1.05 0.234801
1420 1.05 0.234801
1421 1 0.240613
1422 1.2 0.257519
1423 1.05 0.2112
1424 1.05 0.2112
1425 1.15 0.232549
1426 1.05 0.223312
1427 1.15 0.243602
1428 1.15 0.264326
1429 1.2 0.295581
1430 1.2 0.277204
1431 1.2 0.277204
1432 1.2 0.277204
1433 1.2 0.277204
1434 1.1 0.260566
1435 1.05 0.234801
1436 1.1 0.239517
1437 1.05 0.256238
1438 1.1 0.280038
1439 0.9 0.190567
1440 0.85 0.181731
1441 0.85 0.181731
1442 0.85 0.181731
1443 0.95 0.198348
1444 0.9 0.190567
1445 0.85 0.195677
1446 0.9 0.190567
1447 0.85 0.181731
1448 0.85 0.181731
1449 0.85 0.195677
1450 0.9 0.190567
1451 0.9 0.190567
1452 0.85 0.166623
1453 0.85 0.166623
1454 0.85 0.166623
1455 0.85 0.166623
1456 0.9 0.160591
1457 0.9 0.160591
1458 0.8 0.155597
1459 0.85 0.166623
1460 0.8 0.155597
1461 0.7 0.146898
1462 0.7 0.163836
1463 0.65 0.166623
1464 0.65 0.166623
1465 0.65 0.166623
1466 0.55 0.153469
1467 0.65 0.15
1468 0.65 0.166623
1469 0.55 0.153469
1470 0.7 0.193309
1471 0.85 0.264326
1472 0.85 0.264326
1473 0.8 0.267542
1474 0.75 0.25
1475 0.7 0.252357
1476 0.8 0.257519
1477 0.8 0.257519
1478 0.9 0.29824
1479 0.95 0.294467
1480 0.8 0.257519
1481 0.7 0.252357
1482 0.7 0.252357
1483 0.7 0.252357
1484 0.7 0.252357
1485 0.7 0.206474
1486 0.7 0.206474
1487 0.7 0.206474
1488 0.75 0.203586
1489 0.8 0.224781
1490 0.8 0.224781
1491 0.8 0.224781
1492 0.7 0.193309
1493 0.8 0.186378
1494 0.8 0.186378
1495 0.8 0.186378
1496 0.8 0.186378
1497 0.8 0.186378
1498 0.8 0.186378
1499 0.8 0.212751
1500 0.65 0.195677
1501 0.6 0.183533
1502 0.65 0.208693
1503 0.75 0.239242
1504 0.75 0.239242
1505 0.7 0.241704
1506 0.6 0.210263
1507 0.55 0.184605
1508 0.65 0.195677
1509 0.65 0.166623
1510 0.65 0.166623
1511 0.6 0.152177
1512 0.55 0.135239
1513 0.5 0.135724
1514 0.5 0.135724
1515 0.5 0.135724
1516 0.55 0.153469
1517 0.65 0.166623
1518 0.65 0.166623
1519 0.55 0.169752
1520 0.5 0.170139
1521 0.55 0.169752
1522 0.5 0.153897
1523 0.6 0.197351
1524 0.6 0.197351
1525 0.65 0.264326
1526 0.65 0.264326
1527 0.6 0.265568
1528 0.6 0.265568
1529 0.75 0.279803
1530 0.65 0.274101
1531 0.7 0.272416
1532 0.7 0.272416
1533 0.7 0.23056
1534 0.75 0.29802
1535 0.65 0.232549
1536 0.65 0.232549
1537 0.75 0.239242
1538 0.85 0.243602
1539 0.85 0.243602
1540 0.65 0.208693
1541 0.65 0.208693
1542 0.55 0.169752
1543 0.5 0.170139
1544 0.55 0.169752
1545 0.45 0.153469
1546 0.45 0.153469
1547 0.5 0.170139
1548 0.5 0.170139
1549 0.4 0.152177
1550 0.35 0.131289
1551 0.3 0.127733
1552 0.4 0.133771
1553 0.35 0.131289
1554 0.3 0.127733
1555 0.3 0.127733
1556 0.35 0.15
1557 0.45 0.169752
1558 0.5 0.170139
1559 0.5 0.170139
1560 0.55 0.169752
1561 0.55 0.169752
1562 0.55 0.169752
1563 0.6 0.197351
1564 0.6 0.197351
1565 0.6 0.197351
1566 0.6 0.197351
1567 0.65 0.232549
1568 0.65 0.232549
1569 0.7 0.252357
1570 0.65 0.220943
1571 0.7 0.23056
1572 0.65 0.195677
1573 0.6 0.197351
1574 0.7 0.206474
1575 0.65 0.195677
1576 0.75 0.227977
1577 0.85 0.254176
1578 0.8 0.236198
1579 0.9 0.260566
1580 0.85 0.264326
1581 0.75 0.260314
1582 0.8 0.257519
1583 0.8 0.257519
1584 0.8 0.267542
1585 0.85 0.292674
1586 0.75 0.25
1587 0.75 0.25
1588 0.75 0.260314
1589 0.8 0.247088
1590 0.55 0.169752
1591 0.5 0.153897
1592 0.5 0.153897
1593 0.45 0.153469
1594 0.45 0.153469
1595 0.45 0.153469
1596 0.55 0.198348
1597 0.5 0.184961
1598 0.5 0.184961
1599 0.6 0.222427
1600 0.6 0.222427
1601 0.55 0.184605
1602 0.65 0.243602
1603 0.5 0.211511
1604 0.5 0.211511
1605 0.55 0.2112
1606 0.55 0.2112
1607 0.55 0.2112
1608 0.45 0.169752
1609 0.55 0.184605
1610 0.5 0.170139
1611 0.5 0.170139
1612 0.5 0.184961
1613 0.5 0.184961
1614 0.55 0.184605
1615 0.45 0.169752
1616 0.45 0.169752
1617 0.45 0.169752
1618 0.45 0.169752
1619 0.45 0.169752
1620 0.45 0.169752
1621 0.45 0.169752
1622 0.5 0.19868
1623 0.6 0.233959
1624 0.5 0.19868
1625 0.55 0.198348
1626 0.6 0.233959
1627 0.45 0.153469
1628 0.45 0.153469
1629 0.5 0.153897
1630 0.5 0.153897
1631 0.5 0.153897
1632 0.5 0.153897
1633 0.45 0.153469
1634 0.35 0.131289
1635 0.4 0.133771
1636 0.4 0.133771
1637 0.35 0.131289
1638 0.35 0.131289
1639 0.45 0.135239
1640 0.45 0.135239
1641 0.45 0.135239
1642 0.35 0.109424
1643 0.3 0.105131
1644 0.3 0.105131
1645 0.45 0.153469
1646 0.45 0.153469
1647 0.5 0.153897
1648 0.6 0.168585
1649 0.6 0.168585
1650 0.6 0.168585
1651 0.6 0.168585
1652 0.6 0.168585
1653 0.6 0.168585
1654 0.6 0.168585
1655 0.6 0.168585
1656 0.65 0.181731
1657 0.6 0.183533
1658 0.7 0.193309
1659 0.8 0.2
1660 0.8 0.2
1661 0.8 0.212751
1662 0.85 0.208693
1663 1 0.251312
1664 0.85 0.264326
1665 0.85 0.264326
1666 0.75 0.239242
1667 0.85 0.243602
1668 0.85 0.243602
1669 0.9 0.260566
1670 0.85 0.232549
1671 0.85 0.232549
1672 0.65 0.166623
1673 0.65 0.166623
1674 0.7 0.179179
1675 0.7 0.179179
1676 0.65 0.166623
1677 0.6 0.152177
1678 0.55 0.169752
1679 0.55 0.169752
1680 0.55 0.169752
1681 0.5 0.170139
1682 0.55 0.169752
1683 0.55 0.169752
1684 0.55 0.169752
1685 0.55 0.169752
1686 0.5 0.170139
1687 0.45 0.169752
1688 0.45 0.169752
1689 0.45 0.169752
1690 0.5 0.170139
1691 0.45 0.169752
1692 0.45 0.169752
1693 0.5 0.184961
1694 0.55 0.184605
1695 0.6 0.183533
1696 0.55 0.184605
1697 0.55 0.184605
1698 0.55 0.184605
1699 0.55 0.184605
1700 0.5 0.184961
1701 0.6 0.183533
1702 0.5 0.170139
1703 0.5 0.170139
1704 0.45 0.169752
1705 0.5 0.170139
1706 0.5 0.170139
1707 0.5 0.170139
1708 0.7 0.218849
1709 0.65 0.195677
1710 0.65 0.195677
1711 0.6 0.168585
1712 0.6 0.168585
1713 0.7 0.206474
1714 0.75 0.203586
1715 0.7 0.193309
1716 0.7 0.193309
1717 0.7 0.193309
1718 0.65 0.195677
1719 0.5 0.135724
1720 0.5 0.135724
1721 0.5 0.135724
1722 0.4 0.133771
1723 0.4 0.133771
1724 0.45 0.135239
1725 0.45 0.135239
1726 0.45 0.135239
1727 0.5 0.135724
1728 0.5 0.135724
1729 0.4 0.133771
1730 0.45 0.135239
1731 0.35 0.131289
1732 0.4 0.152177
1733 0.4 0.152177
1734 0.45 0.153469
1735 0.55 0.153469
1736 0.5 0.184961
1737 0.5 0.184961
1738 0.55 0.198348
1739 0.55 0.198348
1740 0.55 0.198348
1741 0.55 0.198348
1742 0.6 0.197351
1743 0.6 0.197351
1744 0.6 0.197351
1745 0.65 0.208693
1746 0.65 0.208693
1747 0.65 0.208693
1748 0.75 0.190221
1749 0.7 0.179179
1750 0.7 0.179179
1751 0.75 0.190221
1752 0.75 0.190221
1753 0.9 0.228266
1754 0.85 0.232549
1755 0.85 0.232549
1756 1 0.271448
1757 0.95 0.276015
1758 0.95 0.276015
1759 0.75 0.25
1760 0.55 0.2112
1761 0.7 0.252357
1762 0.75 0.260314
1763 0.75 0.260314
1764 0.7 0.262578
1765 0.6 0.183533
1766 0.6 0.183533
1767 0.65 0.208693
1768 0.5 0.19868
1769 0.5 0.19868
1770 0.5 0.19868
1771 0.5 0.170139
1772 0.5 0.170139
1773 0.5 0.170139
1774 0.5 0.170139
1775 0.55 0.184605
1776 0.5 0.170139
1777 0.6 0.233959
1778 0.5 0.170139
1779 0.4 0.152177
1780 0.45 0.153469
1781 0.45 0.153469
1782 0.5 0.153897
1783 0.65 0.208693
1784 0.55 0.184605
1785 0.6 0.183533
1786 0.7 0.193309
1787 0.6 0.197351
1788 0.65 0.220943
1789 0.6 0.210263
1790 0.45 0.169752
1791 0.6 0.233959
1792 0.65 0.232549
1793 0.65 0.232549
1794 0.65 0.232549
1795 0.55 0.223312
1796 0.55 0.223312
1797 0.55 0.223312
1798 0.45 0.135239
1799 0.45 0.135239
1800 0.45 0.135239
1801 0.5 0.135724
1802 0.55 0.135239
1803 0.55 0.135239
1804 0.55 0.135239
1805 0.5 0.135724
1806 0.4 0.11239
1807 0.4 0.11239
1808 0.35 0.109424
1809 0.45 0.135239
1810 0.4 0.11239
1811 0.4 0.11239
1812 0.4 0.11239
1813 0.35 0.109424
1814 0.35 0.109424
1815 0.4 0.11239
1816 0.4 0.11239
1817 0.45 0.169752
1818 0.45 0.169752
1819 0.45 0.153469
1820 0.4 0.133771
1821 0.65 0.181731
1822 0.65 0.181731
1823 0.65 0.181731
1824 0.7 0.193309
1825 0.7 0.193309
1826 0.7 0.193309
1827 0.7 0.193309
1828 0.7 0.193309
1829 0.7 0.193309
1830 0.8 0.224781
1831 0.85 0.220943
1832 0.85 0.220943
1833 0.8 0.212751
1834 0.75 0.190221
1835 0.7 0.179179
1836 0.75 0.190221
1837 0.75 0.190221
1838 0.75 0.190221
1839 0.75 0.190221
1840 0.85 0.166623
1841 0.85 0.166623
1842 0.85 0.166623
1843 0.8 0.171679
1844 0.75 0.160181
1845 1 0.229416
1846 0.9 0.176218
1847 0.8 0.171679
1848 0.8 0.171679
1849 0.8 0.171679
1850 0.75 0.175844
1851 0.7 0.179179
1852 0.6 0.168585
1853 0.5 0.153897
1854 0.55 0.169752
1855 0.55 0.169752
1856 0.55 0.169752
1857 0.7 0.193309
1858 0.65 0.181731
1859 0.7 0.206474
1860 0.7 0.193309
1861 0.7 0.193309
1862 0.55 0.153469
1863 0.5 0.153897
1864 0.5 0.153897
1865 0.55 0.169752
1866 0.6 0.168585
1867 0.6 0.168585
1868 0.7 0.206474
1869 0.7 0.193309
1870 0.7 0.193309
1871 0.7 0.193309
1872 0.7 0.193309
1873 0.7 0.193309
1874 0.7 0.193309
1875 0.65 0.195677
1876 0.65 0.195677
1877 0.75 0.25
1878 0.75 0.25
1879 0.75 0.25
1880 0.75 0.25
1881 0.75 0.25
1882 0.7 0.218849
1883 0.7 0.218849
1884 0.65 0.208693
1885 0.6 0.183533
1886 0.7 0.193309
1887 0.7 0.193309
1888 0.7 0.193309
1889 0.55 0.169752
1890 0.55 0.169752
1891 0.55 0.169752
1892 0.55 0.169752
1893 0.55 0.169752
1894 0.55 0.169752
1895 0.55 0.184605
1896 0.5 0.184961
1897 0.4 0.133771
1898 0.45 0.135239
1899 0.45 0.135239
1900 0.5 0.153897
1901 0.6 0.168585
1902 0.6 0.168585
1903 0.65 0.181731
1904 0.6 0.183533
1905 0.55 0.169752
1906 0.5 0.153897
1907 0.45 0.153469
1908 0.45 0.153469
1909 0.45 0.153469
1910 0.45 0.153469
1911 0.4 0.133771
1912 0.5 0.135724
1913 0.5 0.135724
1914 0.45 0.135239
1915 0.45 0.135239
1916 0.4 0.11239
1917 0.4 0.11239
1918 0.4 0.11239
1919 0.4 0.11239
1920 0.4 0.11239
1921 0.4 0.11239
1922 0.5 0.135724
1923 0.5 0.135724
1924 0.65 0.15
1925 0.6 0.168585
1926 0.4 0.11239
1927 0.45 0.135239
1928 0.5 0.153897
1929 0.55 0.153469
1930 0.6 0.152177
1931 0.6 0.152177
1932 0.4 0.133771
1933 0.4 0.133771
1934 0.45 0.135239
1935 0.45 0.135239
1936 0.45 0.135239
1937 0.45 0.153469
1938 0.4 0.133771
1939 0.45 0.153469
1940 0.55 0.169752
1941 0.55 0.169752
1942 0.55 0.169752
1943 0.65 0.195677
1944 0.65 0.195677
1945 0.75 0.203586
