0 0 0
1 0.15 0.109424
2 0.3 0.127733
3 0.5 0.170139
4 0.8 0.267542
5 1.15 0.310136
6 1.2 0.312881
7 1.25 0.33931
8 1.4 0.350939
9 1.5 0.344124
10 1.55 0.336194
11 1.7 0.341051
12 1.8 0.359825
13 1.8 0.359825
14 1.8 0.359825
15 1.9 0.36921
16 2 0.39736
17 2.05 0.393867
18 2.2 0.387977
19 2.15 0.385766
20 2.25 0.369031
21 2.3 0.356149
22 2.35 0.35744
23 2.35 0.35744
24 2.4 0.358359
25 2.4 0.358359
26 2.35 0.35744
27 2.35 0.35744
28 2.4 0.343358
29 2.4 0.343358
30 2.45 0.328273
31 2.55 0.336194
32 2.6 0.335606
33 2.6 0.343358
34 2.6 0.343358
35 2.65 0.342399
36 2.65 0.342399
37 2.65 0.35
38 2.65 0.342399
39 2.65 0.342399
40 2.65 0.342399
41 2.65 0.342399
42 2.75 0.354483
43 2.75 0.354483
44 2.8 0.374166
45 2.85 0.378883
46 2.9 0.36921
47 2.9 0.36921
48 2.95 0.38027
49 3 0.39736
50 2.95 0.400493
51 3 0.39736
52 3 0.403928
53 3 0.403928
54 3 0.403928
55 2.95 0.400493
56 3 0.39736
57 3.05 0.400493
58 3.05 0.400493
59 3.05 0.400493
60 3.05 0.400493
61 3.15 0.378883
62 3.15 0.378883
63 3.15 0.378883
64 3.1 0.354668
65 3.05 0.358909
66 3.05 0.358909
67 3.1 0.362012
68 3.1 0.362012
69 3.1 0.36921
70 3.1 0.36921
71 3.05 0.38027
72 3.1 0.390007
73 3.1 0.390007
74 3.15 0.385766
75 3.25 0.376095
76 3.25 0.409589
77 3.25 0.409589
78 3.2 0.394702
79 3.25 0.409589
80 3.2 0.426738
81 3.3 0.42981
82 3.4 0.406526
83 3.45 0.400493
84 3.5 0.387298
85 3.45 0.419743
86 3.5 0.444262
87 3.6 0.431643
88 3.6 0.431643
89 3.65 0.424729
90 3.65 0.412151
91 3.65 0.412151
92 3.7 0.42981
93 3.7 0.42981
94 3.65 0.424729
95 3.65 0.424729
96 3.7 0.423643
97 3.65 0.43088
98 3.65 0.43088
99 3.7 0.459405
100 3.7 0.459405
101 3.7 0.465098
102 3.65 0.466087
103 3.75 0.469462
104 3.85 0.454654
105 3.8 0.438898
106 3.8 0.438898
107 3.8 0.438898
108 3.8 0.438898
109 3.75 0.440544
110 3.75 0.409589
111 3.75 0.409589
112 3.75 0.409589
113 3.75 0.409589
114 3.75 0.396531
115 3.7 0.398021
116 3.7 0.398021
117 3.7 0.398021
118 3.7 0.423643
119 3.65 0.43088
120 3.7 0.459405
121 3.7 0.470722
122 3.7 0.470722
123 3.7 0.470722
124 3.65 0.466087
125 3.65 0.460406
126 3.75 0.458114
127 3.75 0.463823
128 3.8 0.46226
129 3.8 0.46226
130 3.8 0.46226
131 3.85 0.448829
132 3.85 0.448829
133 3.9 0.440693
134 3.85 0.448829
135 3.85 0.412151
136 3.85 0.412151
137 3.9 0.428584
138 3.85 0.436945
139 3.95 0.45
140 3.9 0.440693
141 3.9 0.428584
142 3.85 0.43088
143 3.75 0.446477
144 3.8 0.46226
145 3.8 0.432861
146 3.8 0.432861
147 3.9 0.428584
148 3.85 0.424729
149 3.8 0.414221
150 3.85 0.412151
151 3.75 0.440544
152 3.7 0.423643
153 3.6 0.412948
154 3.6 0.412948
155 3.6 0.412948
156 3.65 0.412151
157 3.7 0.43589
158 3.7 0.43589
159 3.7 0.43589
160 3.7 0.43589
161 3.7 0.43589
162 3.7 0.43589
163 3.65 0.412151
164 3.75 0.409589
165 3.75 0.409589
166 3.7 0.411032
167 3.55 0.400493
168 3.6 0.4
169 3.6 0.406526
170 3.6 0.406526
171 3.6 0.419273
172 3.7 0.423643
173 3.65 0.418487
174 3.6 0.431643
175 3.55 0.444114
176 3.55 0.444114
177 3.65 0.454654
178 3.6 0.449561
179 3.6 0.449561
180 3.65 0.442927
181 3.65 0.442927
182 3.65 0.442927
183 3.8 0.444854
184 3.8 0.444854
185 3.8 0.444854
186 3.8 0.444854
187 3.8 0.444854
188 4 0.458831
189 4 0.458831
190 4 0.458831
191 4.05 0.472814
192 4.1 0.463965
193 4.05 0.461548
194 4.05 0.461548
195 4.15 0.448829
196 4.1 0.434681
197 3.95 0.45581
198 3.9 0.446625
199 4 0.44129
200 3.95 0.425966
201 3.95 0.438148
202 4 0.429198
203 4.05 0.444114
204 4.05 0.444114
205 4 0.429198
206 3.95 0.4321
207 3.95 0.4321
208 3.95 0.407011
209 3.85 0.412151
210 3.8 0.401314
211 3.8 0.401314
212 3.7 0.377666
213 3.7 0.377666
214 3.75 0.389838
215 3.8 0.387977
216 3.8 0.387977
217 3.75 0.369031
218 3.7 0.377666
219 3.7 0.370632
220 3.7 0.404579
221 3.7 0.404579
222 3.7 0.417385
223 3.65 0.418487
224 3.7 0.404579
225 3.7 0.404579
226 3.5 0.387298
227 3.45 0.393867
228 3.45 0.393867
229 3.45 0.393867
230 3.5 0.400657
231 3.4 0.379751
232 3.35 0.371873
233 3.25 0.354483
234 3.3 0.377666
235 3.3 0.377666
236 3.35 0.399177
237 3.35 0.399177
238 3.35 0.385766
239 3.4 0.386618
240 3.45 0.393867
241 3.4 0.372756
242 3.4 0.372756
243 3.4 0.393366
244 3.4 0.393366
245 3.4 0.4
246 3.45 0.407011
247 3.45 0.387128
248 3.5 0.373462
249 3.45 0.366168
250 3.4 0.358359
251 3.35 0.334625
252 3.35 0.342399
253 3.35 0.342399
254 3.35 0.342399
255 3.4 0.335606
256 3.4 0.335606
257 3.35 0.342399
258 3.35 0.342399
259 3.4 0.335606
260 3.4 0.335606
261 3.3 0.356149
262 3.35 0.378883
263 3.35 0.378883
264 3.35 0.378883
265 3.3 0.384571
266 3.25 0.389838
267 3.2 0.374166
268 3.25 0.376095
269 3.25 0.376095
270 3.25 0.376095
271 3.3 0.384571
272 3.3 0.411032
273 3.25 0.403113
274 3.25 0.403113
275 3.3 0.398021
276 3.3 0.391354
277 3.2 0.352435
278 3.25 0.354483
279 3.3 0.356149
280 3.3 0.356149
281 3.25 0.369031
282 3.35 0.342399
283 3.3 0.341051
284 3.25 0.354483
285 3.2 0.374166
286 3.15 0.385766
287 3.2 0.407818
288 3.3 0.391354
289 3.4 0.412948
290 3.55 0.413426
291 3.55 0.413426
292 3.65 0.418487
293 3.65 0.418487
294 3.65 0.418487
295 3.65 0.418487
296 3.6 0.412948
297 3.55 0.419743
298 3.55 0.419743
299 3.6 0.437697
300 3.6 0.437697
301 3.6 0.437697
302 3.65 0.424729
303 3.5 0.413585
304 3.5 0.413585
305 3.45 0.407011
306 3.4 0.4
307 3.45 0.419743
308 3.4 0.4
309 3.35 0.378883
310 3.3 0.363463
311 3.45 0.351501
312 3.5 0.359092
313 3.45 0.387128
314 3.55 0.393867
315 3.45 0.413426
316 3.5 0.4199
317 3.5 0.426121
318 3.55 0.387128
319 3.6 0.379751
320 3.55 0.38027
321 3.5 0.373462
322 3.55 0.38027
323 3.55 0.38027
324 3.55 0.38027
325 3.45 0.387128
326 3.6 0.386618
327 3.55 0.373286
328 3.55 0.373286
329 3.65 0.371873
330 3.65 0.364728
331 3.7 0.356149
332 3.75 0.346979
333 3.7 0.333246
334 3.65 0.326666
335 3.7 0.325253
336 3.65 0.326666
337 3.65 0.326666
338 3.6 0.335606
339 3.6 0.335606
340 3.65 0.326666
341 3.65 0.326666
342 3.7 0.333246
343 3.65 0.334625
344 3.6 0.343358
345 3.65 0.342399
346 3.75 0.376095
347 3.75 0.376095
348 3.75 0.376095
349 3.75 0.376095
350 3.75 0.376095
351 3.7 0.370632
352 3.65 0.371873
353 3.65 0.371873
354 3.7 0.384571
355 3.7 0.384571
356 3.7 0.391354
357 3.7 0.391354
358 3.65 0.385766
359 3.7 0.356149
360 3.65 0.35
361 3.65 0.378883
362 3.7 0.404579
363 3.7 0.404579
364 3.7 0.404579
365 3.65 0.418487
366 3.65 0.418487
367 3.6 0.419273
368 3.45 0.393867
369 3.4 0.406526
370 3.5 0.413585
371 3.65 0.392529
372 3.65 0.392529
373 3.65 0.392529
374 3.6 0.393366
375 3.55 0.38027
376 3.6 0.393366
377 3.6 0.412948
378 3.6 0.412948
379 3.65 0.412151
380 3.65 0.412151
381 3.65 0.412151
382 3.55 0.413426
383 3.6 0.412948
384 3.55 0.400493
385 3.55 0.400493
386 3.55 0.400493
387 3.55 0.413426
388 3.55 0.419743
389 3.55 0.419743
390 3.55 0.419743
391 3.55 0.425966
392 3.45 0.393867
393 3.35 0.385766
394 3.3 0.391354
395 3.35 0.412151
396 3.3 0.423643
397 3.45 0.4321
398 3.45 0.4321
399 3.45 0.425966
400 3.45 0.425966
401 3.45 0.425966
402 3.4 0.443669
403 3.35 0.454654
404 3.35 0.460406
405 3.4 0.46112
406 3.3 0.459405
407 3.25 0.452333
408 3.2 0.45073
409 3.25 0.458114
410 3.35 0.471699
411 3.3 0.465098
412 3.3 0.465098
413 3.35 0.454654
414 3.4 0.46112
415 3.35 0.471699
416 3.4 0.46112
417 3.45 0.45581
418 3.4 0.449561
419 3.35 0.460406
420 3.35 0.460406
421 3.45 0.45581
422 3.4 0.449561
423 3.4 0.449561
424 3.45 0.45
425 3.4 0.431643
426 3.45 0.444114
427 3.45 0.444114
428 3.45 0.444114
429 3.5 0.450146
430 3.55 0.45581
431 3.6 0.483409
432 3.6 0.483409
433 3.55 0.499868
434 3.55 0.499868
435 3.55 0.499868
436 3.5 0.483953
437 3.55 0.494576
438 3.55 0.494576
439 3.6 0.494177
440 3.55 0.510289
441 3.5 0.510418
442 3.45 0.494576
443 3.5 0.510418
444 3.6 0.520121
445 3.6 0.539981
446 3.7 0.557721
447 3.7 0.557721
448 3.7 0.557721
449 3.75 0.547122
450 3.7 0.552982
451 3.7 0.552982
452 3.7 0.523651
453 3.75 0.512348
454 3.8 0.505756
455 3.8 0.484496
456 3.7 0.476279
457 3.65 0.488149
458 3.7 0.518601
459 3.65 0.509256
460 3.55 0.505106
461 3.55 0.505106
462 3.4 0.509902
463 3.35 0.519489
464 3.3 0.523651
465 3.3 0.523651
466 3.35 0.52453
467 3.4 0.530144
468 3.35 0.544228
469 3.4 0.539981
470 3.4 0.539981
471 3.35 0.539371
472 3.35 0.539371
473 3.35 0.544228
474 3.35 0.544228
475 3.35 0.544228
476 3.35 0.544228
477 3.3 0.538516
478 3.25 0.522519
479 3.25 0.522519
480 3.3 0.523651
481 3.35 0.52453
482 3.3 0.518601
483 3.3 0.518601
484 3.35 0.52453
485 3.35 0.52453
486 3.35 0.52453
487 3.3 0.518601
488 3.2 0.467918
489 3.2 0.467918
490 3.2 0.467918
491 3.15 0.460406
492 3.15 0.493511
493 3.2 0.510933
494 3.2 0.505756
495 3.25 0.512348
496 3.2 0.479034
497 3.15 0.482728
498 3.15 0.482728
499 3.2 0.484496
500 3.2 0.484496
501 3.25 0.475035
502 3.25 0.440544
503 3.35 0.504062
504 3.35 0.504062
505 3.35 0.504062
506 3.35 0.493511
507 3.4 0.494177
508 3.4 0.525157
509 3.4 0.525157
510 3.45 0.51542
511 3.45 0.51542
512 3.45 0.525532
513 3.35 0.504062
514 3.3 0.513502
515 3.35 0.504062
516 3.35 0.504062
517 3.4 0.504715
518 3.45 0.494576
519 3.45 0.494576
520 3.45 0.494576
521 3.5 0.5
522 3.5 0.478484
523 3.5 0.450146
524 3.5 0.450146
525 3.5 0.450146
526 3.5 0.450146
527 3.5 0.450146
528 3.5 0.450146
529 3.55 0.467215
530 3.5 0.467355
531 3.5 0.467355
532 3.5 0.467355
533 3.5 0.467355
534 3.6 0.466792
535 3.6 0.477934
536 3.65 0.466087
537 3.65 0.466087
538 3.6 0.466792
539 3.6 0.466792
540 3.6 0.466792
541 3.6 0.466792
542 3.65 0.466087
543 3.65 0.466087
544 3.65 0.466087
545 3.65 0.466087
546 3.6 0.466792
547 3.5 0.472953
548 3.5 0.472953
549 3.45 0.45581
550 3.45 0.45581
551 3.45 0.45581
552 3.45 0.438148
553 3.5 0.438298
554 3.45 0.438148
555 3.45 0.444114
556 3.45 0.444114
557 3.4 0.437697
558 3.35 0.448829
559 3.4 0.494177
560 3.5 0.48936
561 3.5 0.46169
562 3.5 0.46169
563 3.45 0.461548
564 3.5 0.455955
565 3.5 0.455955
566 3.45 0.45
567 3.45 0.45
568 3.45 0.444114
569 3.45 0.444114
570 3.4 0.425503
571 3.45 0.4321
572 3.4 0.449561
573 3.4 0.449561
574 3.4 0.449561
575 3.5 0.46169
576 3.6 0.449561
577 3.6 0.449561
578 3.55 0.45
579 3.55 0.45
580 3.55 0.45
581 3.55 0.45
582 3.55 0.45
583 3.5 0.450146
584 3.5 0.450146
585 3.45 0.461548
586 3.4 0.466792
587 3.45 0.461548
588 3.55 0.461548
589 3.5 0.426121
590 3.45 0.393867
591 3.4 0.4
592 3.4 0.4
593 3.4 0.4
594 3.35 0.399177
595 3.45 0.425966
596 3.55 0.425966
597 3.45 0.419743
598 3.5 0.413585
599 3.45 0.419743
600 3.5 0.413585
601 3.5 0.413585
602 3.4 0.379751
603 3.4 0.379751
604 3.35 0.35
605 3.35 0.35
606 3.25 0.369031
607 3.25 0.369031
608 3.3 0.356149
609 3.3 0.356149
610 3.3 0.356149
611 3.3 0.356149
612 3.25 0.369031
613 3.2 0.359825
614 3.1 0.354668
615 3.1 0.354668
616 3.1 0.354668
617 3.2 0.337171
618 3.25 0.33931
619 3.25 0.33931
620 3.25 0.33931
621 3.25 0.33931
622 3.3 0.333246
623 3.15 0.378883
624 3.2 0.367065
625 3.15 0.334625
626 3.25 0.33931
627 3.35 0.35744
628 3.35 0.35744
629 3.35 0.35744
630 3.35 0.35744
631 3.35 0.326666
632 3.35 0.326666
633 3.4 0.327671
634 3.45 0.320156
635 3.45 0.320156
636 3.5 0.320362
637 3.45 0.303272
638 3.4 0.311195
639 3.35 0.292674
640 3.35 0.292674
641 3.35 0.301531
642 3.35 0.301531
643 3.35 0.301531
644 3.35 0.301531
645 3.3 0.3
646 3.4 0.311195
647 3.45 0.311828
648 3.45 0.311828
649 3.4 0.30262
650 3.4 0.30262
651 3.4 0.311195
652 3.3 0.308647
653 3.35 0.310136
654 3.35 0.310136
655 3.35 0.301531
656 3.4 0.319539
657 3.4 0.327671
658 3.4 0.327671
659 3.3 0.317059
660 3.25 0.315186
661 3.35 0.318508
662 3.4 0.319539
663 3.35 0.326666
664 3.3 0.333246
665 3.2 0.312881
666 3.15 0.326666
667 3.2 0.321182
668 3.3 0.325253
669 3.5 0.320362
670 3.45 0.320156
671 3.35 0.326666
672 3.35 0.326666
673 3.3 0.325253
674 3.2 0.312881
675 3.4 0.30262
676 3.35 0.310136
677 3.35 0.292674
678 3.35 0.274101
679 3.35 0.292674
680 3.35 0.292674
681 3.45 0.28539
682 3.45 0.28539
683 3.4 0.284697
684 3.4 0.265568
685 3.35 0.274101
686 3.35 0.274101
687 3.4 0.265568
688 3.4 0.265568
689 3.5 0.266557
690 3.55 0.276015
691 3.6 0.284697
692 3.55 0.294467
693 3.55 0.294467
694 3.55 0.294467
695 3.5 0.312039
696 3.55 0.328273
697 3.65 0.35744
698 3.7 0.341051
699 3.7 0.341051
700 3.7 0.341051
701 3.7 0.341051
702 3.65 0.35744
703 3.65 0.35744
704 3.6 0.350939
705 3.6 0.350939
706 3.55 0.328273
707 3.5 0.328473
708 3.55 0.328273
709 3.55 0.328273
710 3.55 0.328273
711 3.5 0.303488
712 3.5 0.303488
713 3.5 0.29469
714 3.5 0.29469
715 3.5 0.29469
716 3.5 0.29469
717 3.45 0.28539
718 3.55 0.294467
719 3.5 0.29469
720 3.5 0.29469
721 3.4 0.293795
722 3.45 0.294467
723 3.4 0.284697
724 3.4 0.284697
725 3.4 0.284697
726 3.25 0.289055
727 3.35 0.292674
728 3.35 0.292674
729 3.35 0.292674
730 3.4 0.30262
731 3.45 0.311828
732 3.45 0.311828
733 3.45 0.311828
734 3.45 0.311828
735 3.5 0.303488
736 3.45 0.294467
737 3.5 0.303488
738 3.5 0.312039
739 3.5 0.29469
740 3.5 0.29469
741 3.55 0.294467
742 3.55 0.303272
743 3.65 0.301531
744 3.55 0.294467
745 3.5 0.276253
746 3.45 0.276015
747 3.4 0.284697
748 3.4 0.284697
749 3.5 0.320362
750 3.5 0.320362
751 3.45 0.320156
752 3.45 0.320156
753 3.45 0.320156
754 3.45 0.320156
755 3.45 0.320156
756 3.4 0.311195
757 3.35 0.301531
758 3.4 0.327671
759 3.4 0.327671
760 3.35 0.342399
761 3.25 0.33931
762 3.25 0.33931
763 3.3 0.333246
764 3.3 0.333246
765 3.3 0.333246
766 3.3 0.333246
767 3.3 0.333246
768 3.3 0.333246
769 3.25 0.331464
770 3.2 0.312881
771 3.15 0.310136
772 3.1 0.29824
773 3.05 0.303272
774 3.05 0.303272
775 3.05 0.320156
776 3 0.316228
777 3 0.316228
778 2.95 0.320156
779 3 0.316228
780 2.95 0.311828
781 2.95 0.336194
782 2.95 0.336194
783 2.95 0.328273
784 3.05 0.387128
785 3.1 0.3832
786 3.05 0.387128
787 3 0.390681
788 3 0.390681
789 3.05 0.387128
790 3.2 0.394702
791 3.15 0.392529
792 3.25 0.389838
793 3.25 0.389838
794 3.25 0.389838
795 3.25 0.389838
796 3.2 0.359825
797 3.2 0.359825
798 3.15 0.364728
799 3.1 0.36921
800 3.15 0.378883
801 3.1 0.354668
802 3.15 0.342399
803 3.15 0.35
804 3.2 0.344887
805 3.2 0.344887
806 3.15 0.334625
807 3.2 0.337171
808 3.2 0.337171
809 3.25 0.36183
810 3.25 0.346979
811 3.25 0.33931
812 3.3 0.341051
813 3.25 0.331464
814 3.25 0.331464
815 3.25 0.33931
816 3.35 0.342399
817 3.35 0.35
818 3.25 0.346979
819 3.15 0.35
820 3.1 0.339504
821 3.1 0.339504
822 3.1 0.339504
823 3.1 0.339504
824 3.15 0.35
825 3.2 0.337171
826 3.15 0.334625
827 3 0.324443
828 2.95 0.351501
829 2.95 0.373286
830 3.05 0.366168
831 3 0.376969
832 3.1 0.3832
833 3.1 0.403276
834 3.15 0.392529
835 3.25 0.403113
836 3.2 0.414221
837 3.3 0.404579
838 3.35 0.399177
839 3.35 0.399177
840 3.45 0.387128
841 3.35 0.378883
842 3.3 0.370632
843 3.3 0.370632
844 3.5 0.394034
845 3.5 0.394034
846 3.5 0.394034
847 3.55 0.393867
848 3.6 0.4
849 3.65 0.378883
850 3.65 0.378883
851 3.65 0.378883
852 3.65 0.378883
853 3.6 0.386618
854 3.6 0.386618
855 3.65 0.378883
856 3.6 0.379751
857 3.65 0.378883
858 3.7 0.377666
859 3.65 0.385766
860 3.7 0.398021
861 3.65 0.385766
862 3.7 0.377666
863 3.7 0.377666
864 3.75 0.383028
865 3.7 0.356149
866 3.65 0.35
867 3.65 0.35
868 3.65 0.35
869 3.75 0.383028
870 3.8 0.387977
871 3.85 0.392529
872 3.8 0.387977
873 3.8 0.367065
874 3.85 0.35
875 3.9 0.362012
876 3.85 0.35744
877 3.85 0.35744
878 3.9 0.3832
879 3.9 0.3832
880 3.8 0.359825
881 3.7 0.341051
882 3.75 0.33931
883 3.9 0.354668
884 3.9 0.354668
885 3.85 0.334625
886 3.85 0.334625
887 3.8 0.321182
888 3.8 0.321182
889 3.8 0.321182
890 3.7 0.325253
891 3.65 0.318508
892 3.7 0.308647
893 3.6 0.311195
894 3.6 0.311195
895 3.7 0.333246
896 3.7 0.333246
897 3.65 0.326666
898 3.65 0.326666
899 3.65 0.326666
900 3.65 0.326666
901 3.7 0.333246
902 3.65 0.326666
903 3.6 0.319539
904 3.65 0.318508
905 3.65 0.318508
906 3.75 0.331464
907 3.7 0.333246
908 3.65 0.334625
909 3.7 0.333246
910 3.75 0.323427
911 3.75 0.323427
912 3.75 0.323427
913 3.75 0.323427
914 3.7 0.341051
915 3.7 0.341051
916 3.7 0.341051
917 3.75 0.346979
918 3.75 0.346979
919 3.8 0.359825
920 3.8 0.352435
921 3.85 0.342399
922 3.85 0.342399
923 3.8 0.337171
924 3.8 0.367065
925 3.85 0.35744
926 3.85 0.35744
927 3.8 0.367065
928 3.8 0.367065
929 3.9 0.36921
930 3.85 0.385766
931 3.8 0.381134
932 3.9 0.354668
933 3.85 0.378883
934 3.8 0.374166
935 3.75 0.383028
936 3.75 0.383028
937 3.7 0.398021
938 3.75 0.409589
939 3.7 0.398021
940 3.65 0.392529
941 3.7 0.384571
942 3.7 0.384571
943 3.7 0.384571
944 3.65 0.385766
945 3.6 0.379751
946 3.6 0.379751
947 3.6 0.379751
948 3.6 0.379751
949 3.6 0.393366
950 3.6 0.393366
951 3.55 0.400493
952 3.5 0.394034
953 3.45 0.400493
954 3.5 0.394034
955 3.5 0.394034
956 3.6 0.379751
957 3.6 0.365629
958 3.65 0.35744
959 3.65 0.35744
960 3.6 0.343358
961 3.65 0.342399
962 3.6 0.335606
963 3.65 0.326666
964 3.6 0.327671
965 3.55 0.343932
966 3.5 0.351688
967 3.5 0.344124
968 3.45 0.328273
969 3.35 0.342399
970 3.45 0.328273
971 3.55 0.311828
972 3.55 0.311828
973 3.5 0.320362
974 3.45 0.328273
975 3.5 0.320362
976 3.55 0.328273
977 3.5 0.336389
978 3.55 0.343932
979 3.5 0.366348
980 3.5 0.366348
981 3.6 0.343358
982 3.75 0.331464
983 3.8 0.337171
984 3.8 0.337171
985 3.8 0.337171
986 3.75 0.36183
987 3.75 0.354483
988 3.65 0.35
989 3.6 0.343358
990 3.65 0.318508
991 3.65 0.318508
992 3.65 0.318508
993 3.7 0.308647
994 3.75 0.306723
995 3.8 0.295581
996 3.85 0.274101
997 3.9 0.280038
998 3.95 0.294467
999 3.9 0.306937
1000 3.85 0.301531
1001 3.8 0.321182
1002 3.85 0.318508
1003 3.7 0.308647
1004 3.7 0.308647
1005 3.7 0.317059
1006 3.75 0.315186
1007 3.8 0.295581
1008 3.85 0.292674
1009 3.8 0.295581
1010 3.9 0.289282
1011 3.95 0.276015
1012 4 0.290191
1013 4 0.290191
1014 4.05 0.28539
1015 4.1 0.29824
1016 4.15 0.28354
1017 4.2 0.295581
1018 4.15 0.28354
1019 4.15 0.28354
1020 4 0.280976
1021 4.05 0.28539
1022 4.05 0.28539
1023 4 0.290191
1024 3.95 0.303272
1025 3.95 0.328273
1026 3.9 0.339504
1027 3.95 0.336194
1028 3.95 0.336194
1029 3.95 0.343932
1030 3.95 0.343932
1031 3.9 0.339504
1032 3.8 0.344887
1033 3.85 0.342399
1034 3.85 0.342399
1035 3.8 0.344887
1036 3.8 0.344887
1037 3.75 0.323427
1038 3.85 0.334625
1039 3.85 0.334625
1040 3.75 0.331464
1041 3.7 0.333246
1042 3.75 0.315186
1043 3.75 0.315186
1044 3.7 0.317059
1045 3.7 0.317059
1046 3.7 0.317059
1047 3.6 0.327671
1048 3.55 0.320156
1049 3.6 0.319539
1050 3.6 0.319539
1051 3.65 0.326666
1052 3.6 0.327671
1053 3.55 0.294467
1054 3.65 0.28354
1055 3.7 0.252357
1056 3.7 0.252357
1057 3.65 0.243602
1058 3.75 0.270234
1059 3.8 0.277204
1060 3.8 0.277204
1061 3.75 0.239242
1062 3.75 0.239242
1063 3.7 0.241704
1064 3.65 0.232549
1065 3.65 0.264326
1066 3.7 0.281911
1067 3.65 0.292674
1068 3.7 0.281911
1069 3.75 0.289055
1070 3.8 0.28654
1071 3.8 0.277204
1072 3.85 0.28354
1073 3.8 0.277204
1074 3.75 0.270234
1075 3.7 0.272416
1076 3.8 0.277204
1077 3.85 0.274101
1078 3.75 0.270234
1079 3.75 0.270234
1080 3.8 0.267542
1081 3.85 0.264326
1082 3.9 0.270477
1083 3.85 0.274101
1084 3.85 0.274101
1085 3.9 0.270477
1086 3.95 0.26631
1087 3.9 0.270477
1088 3.9 0.270477
1089 3.9 0.270477
1090 3.9 0.289282
1091 3.9 0.270477
1092 3.95 0.276015
1093 4.05 0.26631
1094 4.05 0.28539
1095 4 0.280976
1096 4.1 0.250263
1097 4.1 0.250263
1098 4 0.261574
1099 4 0.261574
1100 4.05 0.28539
1101 4.2 0.28654
1102 4.3 0.3
1103 4.3 0.3
1104 4.4 0.284697
1105 4.35 0.292674
1106 4.45 0.276015
1107 4.4 0.284697
1108 4.4 0.284697
1109 4.4 0.284697
1110 4.35 0.274101
1111 4.3 0.281911
1112 4.3 0.281911
1113 4.3 0.281911
1114 4.35 0.28354
1115 4.3 0.291096
1116 4.3 0.308647
1117 4.3 0.308647
1118 4.3 0.3
1119 4.3 0.3
1120 4.2 0.329274
1121 4.2 0.344887
1122 4.15 0.334625
1123 4.2 0.329274
1124 4.2 0.329274
1125 4.2 0.359825
1126 4.15 0.342399
1127 4.15 0.342399
1128 4.15 0.342399
1129 4.1 0.347169
1130 4.05 0.343932
1131 4 0.332455
1132 4.1 0.331662
1133 4.15 0.326666
1134 4.15 0.326666
1135 4.05 0.343932
1136 4 0.324443
1137 3.95 0.303272
1138 3.95 0.303272
1139 3.85 0.310136
1140 3.85 0.28354
1141 3.85 0.264326
1142 3.95 0.303272
1143 3.9 0.29824
1144 3.95 0.303272
1145 3.85 0.292674
1146 3.85 0.28354
1147 3.85 0.28354
1148 3.8 0.277204
1149 3.8 0.277204
1150 3.9 0.29824
1151 3.8 0.312881
1152 4.1 0.339504
1153 4.1 0.347169
1154 4.1 0.323631
1155 4.1 0.323631
1156 4.15 0.342399
1157 4.05 0.343932
1158 4.1 0.347169
1159 4.1 0.347169
1160 4.05 0.358909
1161 4.05 0.373286
1162 4.1 0.362012
1163 4.1 0.362012
1164 4.05 0.373286
1165 4.1 0.396697
1166 4.1 0.40975
1167 4.1 0.40975
1168 4.1 0.40975
1169 4.15 0.392529
1170 4.15 0.392529
1171 4.15 0.392529
1172 4.2 0.394702
1173 4.2 0.387977
1174 4.25 0.383028
1175 4.25 0.383028
1176 4.25 0.354483
1177 4.2 0.352435
1178 4.1 0.339504
1179 4.1 0.339504
1180 4.05 0.343932
1181 4 0.347926
1182 4.05 0.366168
1183 4.05 0.366168
1184 4.15 0.364728
1185 4.15 0.364728
1186 4.2 0.359825
1187 4.2 0.359825
1188 4.25 0.354483
1189 4.2 0.359825
1190 4.2 0.359825
1191 4.15 0.35744
1192 4.15 0.35744
1193 4.15 0.35744
1194 4.2 0.367065
1195 4.15 0.371873
1196 4.15 0.371873
1197 4.15 0.371873
1198 4.1 0.37627
1199 4.1 0.3832
1200 4.1 0.3832
1201 4.1 0.390007
1202 4.15 0.392529
1203 4.1 0.390007
1204 4.1 0.390007
1205 4 0.39736
1206 4.05 0.387128
1207 3.95 0.366168
1208 3.9 0.37627
1209 3.85 0.35
1210 3.8 0.359825
1211 3.7 0.363463
1212 3.7 0.363463
1213 3.7 0.363463
1214 3.7 0.348682
1215 3.7 0.348682
1216 3.65 0.301531
1217 3.65 0.301531
1218 3.65 0.326666
1219 3.65 0.326666
1220 3.65 0.35
1221 3.7 0.348682
1222 3.65 0.326666
1223 3.75 0.315186
1224 3.75 0.306723
1225 3.7 0.317059
1226 3.75 0.306723
1227 3.85 0.318508
1228 3.85 0.318508
1229 3.75 0.306723
1230 3.7 0.3
1231 3.65 0.28354
1232 3.65 0.28354
1233 3.5 0.276253
1234 3.55 0.328273
1235 3.55 0.328273
1236 3.6 0.327671
1237 3.6 0.327671
1238 3.6 0.327671
1239 3.65 0.301531
1240 3.7 0.308647
1241 3.7 0.308647
1242 3.65 0.318508
1243 3.65 0.301531
1244 3.7 0.3
1245 3.7 0.3
1246 3.6 0.284697
1247 3.5 0.276253
1248 3.5 0.276253
1249 3.55 0.303272
1250 3.6 0.319539
1251 3.55 0.328273
1252 3.6 0.319539
1253 3.6 0.319539
1254 3.6 0.319539
1255 3.65 0.326666
1256 3.55 0.336194
1257 3.6 0.327671
1258 3.7 0.333246
1259 3.65 0.342399
1260 3.65 0.342399
1261 3.75 0.376095
1262 3.7 0.370632
1263 3.75 0.376095
1264 3.7 0.370632
1265 3.75 0.376095
1266 3.65 0.385766
1267 3.65 0.385766
1268 3.7 0.384571
1269 3.75 0.383028
1270 3.75 0.383028
1271 3.75 0.36183
1272 3.8 0.359825
1273 3.75 0.354483
1274 3.65 0.364728
1275 3.6 0.372756
1276 3.6 0.372756
1277 3.6 0.379751
1278 3.65 0.364728
1279 3.6 0.358359
1280 3.5 0.328473
1281 3.65 0.399177
1282 3.55 0.393867
1283 3.55 0.387128
1284 3.6 0.406526
1285 3.6 0.406526
1286 3.65 0.392529
1287 3.7 0.417385
1288 3.75 0.403113
1289 3.8 0.407818
1290 3.8 0.407818
1291 3.8 0.401314
1292 3.85 0.392529
1293 3.85 0.392529
1294 3.85 0.412151
1295 3.85 0.399177
1296 3.9 0.396697
1297 3.95 0.400493
1298 3.85 0.399177
1299 3.85 0.399177
1300 3.85 0.399177
1301 3.8 0.407818
1302 3.75 0.389838
1303 3.7 0.341051
1304 3.65 0.35
1305 3.65 0.35
1306 3.7 0.363463
1307 3.75 0.354483
1308 3.75 0.33931
1309 3.75 0.33931
1310 3.7 0.348682
1311 3.65 0.364728
1312 3.7 0.356149
1313 3.65 0.371873
1314 3.75 0.369031
1315 3.85 0.385766
1316 3.9 0.37627
1317 3.9 0.362012
1318 3.85 0.364728
1319 3.85 0.35744
1320 3.85 0.35744
1321 3.8 0.374166
1322 3.7 0.398021
1323 3.65 0.399177
1324 3.65 0.412151
1325 3.6 0.406526
1326 3.65 0.405716
1327 3.6 0.379751
1328 3.6 0.379751
1329 3.55 0.38027
1330 3.55 0.400493
1331 3.6 0.4
1332 3.65 0.405716
1333 3.6 0.379751
1334 3.6 0.365629
1335 3.65 0.342399
1336 3.65 0.342399
1337 3.65 0.342399
1338 3.65 0.342399
1339 3.6 0.335606
1340 3.65 0.35
1341 3.65 0.35
1342 3.7 0.356149
1343 3.7 0.356149
1344 3.75 0.346979
1345 3.65 0.326666
1346 3.6 0.335606
1347 3.6 0.335606
1348 3.6 0.327671
1349 3.55 0.336194
1350 3.75 0.376095
1351 3.75 0.376095
1352 3.75 0.383028
1353 3.7 0.384571
1354 3.65 0.385766
1355 3.7 0.384571
1356 3.65 0.385766
1357 3.7 0.384571
1358 3.75 0.389838
1359 3.7 0.411032
1360 3.7 0.411032
1361 3.7 0.404579
1362 3.65 0.378883
1363 3.7 0.384571
1364 3.7 0.384571
1365 3.7 0.384571
1366 3.65 0.35744
1367 3.65 0.35744
1368 3.65 0.35744
1369 3.65 0.35744
1370 3.65 0.392529
1371 3.6 0.393366
1372 3.5 0.380443
1373 3.4 0.379751
1374 3.45 0.373286
1375 3.45 0.373286
1376 3.45 0.351501
1377 3.45 0.336194
1378 3.45 0.336194
1379 3.5 0.359092
1380 3.4 0.30262
1381 3.5 0.359092
1382 3.55 0.393867
1383 3.6 0.386618
1384 3.7 0.398021
1385 3.75 0.396531
1386 3.7 0.384571
1387 3.75 0.376095
1388 3.6 0.412948
1389 3.5 0.413585
1390 3.6 0.437697
1391 3.55 0.400493
1392 3.5 0.366348
1393 3.5 0.373462
1394 3.55 0.407011
1395 3.55 0.407011
1396 3.55 0.407011
1397 3.5 0.4199
1398 3.6 0.419273
1399 3.65 0.424729
1400 3.6 0.412948
1401 3.55 0.419743
1402 3.7 0.45364
1403 3.65 0.424729
1404 3.7 0.417385
1405 3.65 0.424729
1406 3.65 0.43088
1407 3.75 0.409589
1408 3.7 0.391354
1409 3.7 0.391354
1410 3.65 0.392529
1411 3.65 0.392529
1412 3.65 0.392529
1413 3.55 0.407011
1414 3.55 0.407011
1415 3.55 0.407011
1416 3.55 0.38027
1417 3.5 0.373462
1418 3.6 0.419273
1419 3.4 0.406526
1420 3.5 0.413585
1421 3.45 0.425966
1422 3.45 0.425966
1423 3.45 0.425966
1424 3.45 0.425966
1425 3.45 0.407011
1426 3.5 0.407173
1427 3.45 0.425966
1428 3.5 0.4199
1429 3.6 0.425503
1430 3.5 0.438298
1431 3.5 0.413585
1432 3.5 0.407173
1433 3.5 0.432252
1434 3.5 0.432252
1435 3.45 0.438148
1436 3.45 0.4321
1437 3.45 0.4321
1438 3.5 0.432252
1439 3.5 0.432252
1440 3.5 0.432252
1441 3.55 0.438148
1442 3.6 0.449561
1443 3.65 0.442927
1444 3.7 0.43589
1445 3.7 0.43589
1446 3.7 0.404579
1447 3.7 0.404579
1448 3.65 0.399177
1449 3.6 0.4
1450 3.55 0.400493
1451 3.6 0.393366
1452 3.65 0.392529
1453 3.65 0.392529
1454 3.6 0.406526
1455 3.6 0.406526
1456 3.55 0.413426
1457 3.65 0.405716
1458 3.75 0.396531
1459 3.7 0.398021
1460 3.75 0.389838
1461 3.75 0.403113
1462 3.7 0.411032
1463 3.7 0.411032
1464 3.7 0.404579
1465 3.6 0.406526
1466 3.65 0.399177
1467 3.65 0.392529
1468 3.7 0.391354
1469 3.6 0.4
1470 3.6 0.4
1471 3.55 0.407011
1472 3.55 0.407011
1473 3.5 0.444262
1474 3.65 0.442927
1475 3.75 0.415964
1476 3.85 0.412151
1477 3.85 0.412151
1478 3.85 0.412151
1479 3.8 0.420526
1480 3.75 0.42843
1481 3.85 0.405716
1482 3.85 0.405716
1483 3.85 0.405716
1484 3.75 0.354483
1485 3.8 0.367065
1486 3.85 0.392529
1487 3.8 0.401314
1488 3.85 0.392529
1489 3.9 0.3832
1490 3.85 0.392529
1491 3.9 0.3832
1492 3.9 0.3832
1493 3.9 0.3832
1494 3.85 0.399177
1495 3.7 0.363463
1496 3.7 0.363463
1497 3.7 0.363463
1498 3.7 0.363463
1499 3.7 0.363463
1500 3.8 0.374166
1501 3.8 0.374166
1502 3.75 0.376095
1503 3.75 0.376095
1504 3.8 0.352435
1505 3.75 0.323427
1506 3.8 0.321182
1507 3.85 0.301531
1508 3.75 0.279803
1509 3.8 0.28654
1510 3.7 0.281911
1511 3.7 0.252357
1512 3.7 0.252357
1513 3.65 0.264326
1514 3.7 0.262578
1515 3.85 0.28354
1516 3.8 0.28654
1517 3.85 0.28354
1518 3.8 0.28654
1519 3.85 0.292674
1520 3.85 0.310136
1521 3.9 0.339504
1522 3.9 0.339504
1523 3.9 0.339504
1524 3.8 0.329274
1525 3.75 0.331464
1526 3.8 0.352435
1527 3.85 0.35744
1528 3.8 0.367065
1529 3.8 0.367065
1530 3.8 0.367065
1531 3.8 0.367065
1532 3.8 0.367065
1533 3.7 0.370632
1534 3.65 0.371873
1535 3.7 0.370632
1536 3.65 0.371873
1537 3.65 0.371873
1538 3.65 0.371873
1539 3.7 0.370632
1540 3.7 0.370632
1541 3.6 0.386618
1542 3.5 0.407173
1543 3.55 0.400493
1544 3.6 0.4
1545 3.65 0.399177
1546 3.65 0.399177
1547 3.7 0.391354
1548 3.65 0.371873
1549 3.6 0.343358
1550 3.65 0.334625
1551 3.65 0.334625
1552 3.65 0.318508
1553 3.45 0.366168
1554 3.65 0.318508
1555 3.65 0.318508
1556 3.65 0.326666
1557 3.55 0.336194
1558 3.55 0.336194
1559 3.65 0.35
1560 3.6 0.343358
1561 3.65 0.342399
1562 3.7 0.333246
1563 3.6 0.350939
1564 3.6 0.350939
1565 3.65 0.342399
1566 3.65 0.342399
1567 3.65 0.342399
1568 3.75 0.33931
1569 3.75 0.33931
1570 3.75 0.33931
1571 3.75 0.33931
1572 3.75 0.33931
1573 3.8 0.337171
1574 3.8 0.337171
1575 3.8 0.337171
1576 3.9 0.331662
1577 3.9 0.331662
1578 3.9 0.331662
1579 3.85 0.364728
1580 3.75 0.36183
1581 3.75 0.376095
1582 3.8 0.344887
1583 3.8 0.344887
1584 3.6 0.311195
1585 3.65 0.342399
1586 3.55 0.311828
1587 3.55 0.311828
1588 3.55 0.328273
1589 3.55 0.343932
1590 3.7 0.333246
1591 3.65 0.326666
1592 3.7 0.333246
1593 3.75 0.331464
1594 3.75 0.331464
1595 3.75 0.315186
1596 3.85 0.310136
1597 3.7 0.325253
1598 3.75 0.315186
1599 3.75 0.289055
1600 3.75 0.306723
1601 3.75 0.306723
1602 3.8 0.28654
1603 3.7 0.291096
1604 3.8 0.312881
1605 3.85 0.342399
1606 3.85 0.342399
1607 3.9 0.339504
1608 3.95 0.336194
1609 3.9 0.339504
1610 3.85 0.342399
1611 3.85 0.334625
1612 3.8 0.344887
1613 3.75 0.346979
1614 3.75 0.376095
1615 3.9 0.396697
1616 3.85 0.371873
1617 3.85 0.371873
1618 3.85 0.371873
1619 3.9 0.36921
1620 4 0.355409
1621 4.05 0.351501
1622 4.05 0.351501
1623 4.1 0.339504
1624 4.15 0.364728
1625 4.05 0.366168
1626 4.15 0.35744
1627 4.2 0.359825
1628 4.25 0.389838
1629 4.3 0.391354
1630 4.25 0.409589
1631 4.2 0.426738
1632 4.2 0.426738
1633 4.2 0.426738
1634 4.2 0.420526
1635 4.2 0.420526
1636 4.2 0.420526
1637 4.2 0.420526
1638 4.25 0.415964
1639 4.3 0.417385
1640 4.3 0.417385
1641 4.2 0.420526
1642 4.1 0.446625
1643 4.15 0.424729
1644 4.3 0.404579
1645 4.25 0.376095
1646 4.35 0.35744
1647 4.4 0.350939
1648 4.35 0.35744
1649 4.3 0.348682
1650 4.3 0.348682
1651 4.25 0.354483
1652 4.3 0.363463
1653 4.25 0.396531
1654 4.35 0.392529
1655 4.35 0.392529
1656 4.4 0.4
1657 4.35 0.392529
1658 4.35 0.392529
1659 4.35 0.385766
1660 4.35 0.385766
1661 4.35 0.385766
1662 4.45 0.373286
1663 4.45 0.373286
1664 4.45 0.373286
1665 4.5 0.380443
1666 4.45 0.400493
1667 4.45 0.400493
1668 4.35 0.412151
1669 4.4 0.379751
1670 4.25 0.369031
1671 4.35 0.418487
1672 4.35 0.448829
1673 4.3 0.45364
1674 4.3 0.45364
1675 4.3 0.45364
1676 4.3 0.45364
1677 4.05 0.505106
1678 4.1 0.507315
1679 4.15 0.504062
1680 4.1 0.507315
1681 4.1 0.507315
1682 4.1 0.507315
1683 4.1 0.522645
1684 4.2 0.521132
1685 4.2 0.536068
1686 4.2 0.536068
1687 4.15 0.539371
1688 4.15 0.539371
1689 4.05 0.535454
1690 4 0.542897
1691 4.05 0.535454
1692 4.05 0.535454
1693 4.1 0.522645
1694 4.25 0.517458
1695 4.3 0.465098
1696 4.4 0.504715
1697 4.4 0.504715
1698 4.35 0.514398
1699 4.35 0.514398
1700 4.35 0.514398
1701 4.35 0.514398
1702 4.3 0.523651
1703 4.3 0.523651
1704 4.35 0.52453
1705 4.35 0.52453
1706 4.45 0.505106
1707 4.4 0.477934
1708 4.45 0.478347
1709 4.45 0.478347
1710 4.4 0.455377
1711 4.4 0.455377
1712 4.35 0.466087
1713 4.35 0.471699
1714 4.3 0.470722
1715 4.3 0.470722
1716 4.35 0.482728
1717 4.2 0.479034
1718 4.25 0.475035
1719 4.2 0.467918
1720 4.15 0.466087
1721 4.1 0.469602
1722 4.05 0.478347
1723 4.15 0.482728
1724 4.1 0.480679
1725 4.05 0.472814
1726 4.05 0.472814
1727 4.1 0.475173
1728 3.95 0.45581
1729 4.15 0.454654
1730 4.15 0.448829
1731 4.1 0.458258
1732 4.1 0.469602
1733 4.05 0.472814
1734 4.05 0.472814
1735 3.95 0.45
1736 4 0.45306
1737 4 0.45306
1738 4 0.45306
1739 4 0.464531
1740 4.05 0.461548
1741 3.95 0.444114
1742 3.9 0.446625
1743 3.9 0.469602
1744 3.9 0.469602
1745 3.95 0.478347
1746 3.9 0.463965
1747 4 0.458831
1748 3.95 0.461548
1749 3.95 0.461548
1750 3.9 0.469602
1751 3.8 0.479034
1752 3.8 0.46226
1753 3.75 0.446477
1754 3.7 0.441886
1755 3.75 0.446477
1756 3.8 0.456532
1757 3.8 0.456532
1758 3.8 0.467918
1759 3.85 0.477245
1760 3.95 0.483817
1761 3.95 0.483817
1762 3.95 0.483817
1763 4 0.481227
1764 4 0.481227
1765 3.8 0.510933
1766 3.75 0.522519
1767 3.75 0.527531
1768 3.75 0.517458
1769 3.75 0.517458
1770 3.8 0.505756
1771 3.9 0.507315
1772 3.85 0.514398
1773 4 0.502625
1774 4 0.502625
1775 4 0.502625
1776 3.95 0.51542
1777 3.95 0.51542
1778 3.9 0.496832
1779 3.9 0.496832
1780 3.85 0.493511
1781 3.75 0.463823
1782 3.8 0.484496
1783 3.75 0.485988
1784 3.75 0.485988
1785 3.7 0.476279
1786 3.75 0.485988
1787 3.65 0.482728
1788 3.6 0.466792
1789 3.55 0.45581
1790 3.5 0.444262
1791 3.6 0.437697
1792 3.65 0.448829
1793 3.5 0.444262
1794 3.45 0.45
1795 3.5 0.455955
1796 3.5 0.455955
1797 3.55 0.461548
1798 3.55 0.461548
1799 3.55 0.461548
1800 3.5 0.467355
1801 3.55 0.472814
1802 3.55 0.472814
1803 3.55 0.472814
1804 3.6 0.472396
1805 3.55 0.45581
1806 3.6 0.449561
1807 3.5 0.450146
1808 3.65 0.460406
1809 3.55 0.45
1810 3.45 0.444114
1811 3.7 0.481773
1812 3.7 0.481773
1813 3.7 0.481773
1814 3.7 0.481773
1815 3.75 0.50197
1816 3.75 0.50197
1817 3.8 0.505756
1818 3.75 0.4967
1819 3.75 0.4967
1820 3.75 0.4967
1821 3.75 0.4967
1822 3.75 0.4967
1823 3.75 0.4967
1824 3.85 0.504062
1825 3.8 0.484496
1826 3.85 0.498814
1827 3.85 0.519489
1828 3.9 0.527656
1829 3.9 0.527656
1830 3.75 0.4967
1831 3.7 0.49789
1832 3.7 0.49789
1833 3.75 0.512348
1834 3.75 0.512348
1835 3.75 0.507185
1836 3.8 0.521132
1837 3.9 0.522645
1838 3.8 0.500526
1839 3.8 0.516058
1840 3.85 0.519489
1841 3.85 0.519489
1842 3.85 0.519489
1843 3.85 0.519489
1844 3.85 0.53447
1845 3.85 0.53447
1846 3.85 0.53447
1847 3.85 0.519489
1848 3.85 0.519489
1849 3.85 0.509256
1850 3.8 0.505756
1851 3.85 0.519489
1852 3.75 0.4967
1853 3.85 0.504062
1854 3.9 0.512476
1855 3.95 0.499868
1856 3.9 0.507315
1857 3.9 0.507315
1858 3.9 0.527656
1859 3.8 0.510933
1860 3.85 0.52453
1861 3.9 0.527656
1862 3.9 0.527656
1863 3.85 0.519489
1864 3.85 0.519489
1865 3.85 0.519489
1866 3.8 0.505756
1867 3.9 0.542412
1868 3.95 0.55
1869 4 0.566615
1870 4 0.557249
1871 4 0.557249
1872 4.05 0.564171
1873 4 0.542897
1874 4.05 0.545194
1875 4.05 0.545194
1876 4.05 0.545194
1877 4.05 0.545194
1878 3.95 0.545194
1879 4 0.571241
1880 3.9 0.556776
1881 3.85 0.553815
1882 3.9 0.584448
1883 3.9 0.584448
1884 4 0.598243
1885 3.9 0.597803
1886 4 0.598243
1887 4.05 0.582531
1888 4 0.584898
1889 4 0.58938
1890 4 0.58938
1891 4 0.58938
1892 3.95 0.582531
1893 4 0.584898
1894 4 0.584898
1895 3.95 0.587031
1896 3.85 0.553815
1897 3.85 0.549042
1898 3.9 0.547242
1899 3.95 0.55
1900 3.95 0.55
1901 3.9 0.537538
1902 3.95 0.554764
1903 3.9 0.55203
1904 3.95 0.55
1905 4 0.557249
1906 3.95 0.559488
1907 3.9 0.56615
1908 3.9 0.56615
1909 3.95 0.559488
1910 4 0.561951
1911 4 0.547723
1912 4.05 0.554764
1913 4.15 0.553815
1914 4.1 0.55203
1915 4.15 0.563238
1916 4.15 0.563238
1917 4.1 0.556776
1918 4.05 0.540346
1919 3.95 0.520501
1920 3.95 0.520501
1921 4 0.518094
1922 4.05 0.520501
1923 4 0.523148
1924 4 0.533114
1925 4.1 0.547242
1926 4.1 0.547242
1927 4.1 0.547242
1928 4.25 0.570664
1929 4.25 0.570664
1930 4.3 0.611727
1931 4.3 0.611727
1932 4.25 0.610759
1933 4.15 0.61248
1934 4.2 0.609573
1935 4.25 0.606435
1936 4.3 0.620272
1937 4.2 0.609573
1938 4.25 0.610759
1939 4.35 0.608168
1940 4.35 0.608168
1941 4.3 0.60741
1942 4.35 0.608168
1943 4.3 0.589826
1944 4.35 0.603826
1945 4.4 0.595598
