0 0 0
1 12.05 0.465406
2 20.675 0.553992
3 27.1 0.581554
4 31.175 0.722254
5 33.95 0.697017
6 36.375 0.715835
7 38.55 0.773727
8 39.2 0.815082
9 39.2 0.726071
10 39.075 0.6965
11 39.1 0.718617
12 38.5 0.767948
13 38.25 0.786708
14 37.625 0.81782
15 36.725 0.781999
16 36.45 0.720532
17 36.4 0.801281
18 35.4 0.762755
19 34.425 0.806931
20 33.65 0.857508
21 32.8 0.818222
22 32.15 0.827066
23 31.2 0.791947
24 30.625 0.755058
25 30.075 0.740225
26 29.525 0.67462
27 28.75 0.642262
28 27.975 0.615492
29 27.475 0.629395
30 26.875 0.56861
31 26.375 0.590184
32 25.675 0.57667
33 24.975 0.620677
34 24.775 0.629904
35 24.35 0.609277
36 23.925 0.598489
37 23.525 0.592677
38 23.05 0.60016
39 22.425 0.595805
40 22.175 0.591486
41 22 0.599145
42 21.775 0.592136
43 21.4 0.60954
44 21 0.602346
45 20.525 0.614971
46 20.2 0.619346
47 19.9 0.602133
48 19.55 0.564948
49 19.375 0.583631
50 19.125 0.597202
51 18.775 0.595375
52 18.125 0.580879
53 17.825 0.587135
54 17.525 0.610787
55 17.3 0.622443
56 17.025 0.612359
57 16.875 0.620367
58 16.6 0.627163
59 16.425 0.613823
60 16.325 0.583301
61 16.225 0.6018
62 15.95 0.621155
63 15.925 0.627763
64 15.75 0.645249
65 15.5 0.60553
66 15.325 0.625718
67 15.175 0.625205
68 15 0.632456
69 14.925 0.624692
70 14.85 0.636043
71 14.7 0.629611
72 14.325 0.630819
73 14.225 0.630921
74 14.025 0.628885
75 13.95 0.626294
76 13.925 0.625718
77 13.7 0.603622
78 13.525 0.622225
79 13.425 0.620057
80 13.25 0.62301
81 12.925 0.589858
82 12.725 0.566124
83 12.35 0.559934
84 12.275 0.55237
85 12.175 0.540521
86 12.1 0.536847
87 11.975 0.534079
88 11.925 0.526707
89 11.825 0.523655
90 11.575 0.507492
91 11.475 0.497413
92 11.4 0.490682
93 11.2 0.485957
94 11.175 0.484222
95 11.125 0.484619
96 11 0.465475
97 10.95 0.462643
98 10.875 0.476617
99 10.8 0.473936
100 10.7 0.480651
101 10.65 0.470338
102 10.475 0.450053
103 10.5 0.459933
104 10.325 0.459079
105 10.25 0.443977
106 10.225 0.44504
107 10.125 0.435872
108 9.975 0.428904
109 9.8 0.411688
110 9.65 0.405965
111 9.625 0.40142
112 9.6 0.4
113 9.525 0.397085
114 9.425 0.383786
115 9.375 0.38512
116 9.35 0.388208
117 9.275 0.383953
118 9.25 0.378509
119 9.175 0.377046
120 9.225 0.38144
121 9.15 0.384891
122 9.1 0.386967
123 9 0.387298
124 8.975 0.388104
125 8.925 0.381272
126 8.875 0.345646
127 8.825 0.335673
128 8.75 0.34297
129 8.725 0.345275
130 8.75 0.341096
131 8.625 0.323616
132 8.575 0.327945
133 8.475 0.332025
134 8.45 0.341471
135 8.375 0.353893
136 8.25 0.35761
137 8.175 0.354255
138 8.15 0.360822
139 8.025 0.355339
140 7.975 0.353531
141 7.875 0.351166
142 7.875 0.351166
143 7.725 0.32421
144 7.725 0.326181
145 7.7 0.316633
146 7.675 0.314984
147 7.675 0.317012
148 7.625 0.315594
149 7.5 0.328165
150 7.525 0.332025
151 7.525 0.328141
152 7.45 0.322152
153 7.425 0.322028
154 7.4 0.319856
155 7.425 0.318022
156 7.4 0.319856
157 7.4 0.319856
158 7.35 0.331179
159 7.325 0.334717
160 7.25 0.321754
161 7.25 0.321754
162 7.225 0.315187
163 7.1 0.323839
164 7.125 0.324605
165 7.125 0.326574
166 7.1 0.323839
167 7.1 0.323839
168 7.125 0.324605
169 7.1 0.323839
170 7 0.322252
171 6.9 0.323839
172 6.725 0.33395
173 6.65 0.333109
174 6.675 0.336626
175 6.6 0.331662
176 6.575 0.325985
177 6.5 0.320256
178 6.475 0.322227
179 6.475 0.322227
180 6.475 0.322227
181 6.5 0.316228
182 6.425 0.318022
183 6.4 0.319856
184 6.425 0.316
185 6.45 0.314092
186 6.425 0.311916
187 6.425 0.311916
188 6.325 0.306735
189 6.325 0.310887
190 6.325 0.310887
191 6.275 0.307987
192 6.25 0.303294
193 6.25 0.299037
194 6.25 0.299037
195 6.225 0.304849
196 6.2 0.306343
197 6.125 0.297829
198 6.05 0.301598
199 6.025 0.287535
200 6.025 0.285297
201 6 0.286446
202 5.975 0.287535
203 5.925 0.3004
204 5.9 0.301279
205 5.9 0.301279
206 5.875 0.308403
207 5.85 0.315314
208 5.875 0.314576
209 5.775 0.304849
210 5.775 0.304849
211 5.675 0.310887
212 5.675 0.310887
213 5.675 0.310887
214 5.675 0.310887
215 5.65 0.319354
216 5.675 0.319028
217 5.6 0.321854
218 5.575 0.322028
219 5.575 0.322028
220 5.55 0.320156
221 5.55 0.322152
222 5.55 0.303716
223 5.55 0.303716
224 5.55 0.303716
225 5.55 0.303716
226 5.525 0.299546
227 5.5 0.301705
228 5.475 0.301678
229 5.475 0.301678
230 5.475 0.301678
231 5.475 0.301678
232 5.475 0.301678
233 5.475 0.301678
234 5.45 0.30582
235 5.475 0.297398
236 5.45 0.295153
237 5.45 0.295153
238 5.4 0.301279
239 5.4 0.301279
240 5.375 0.298903
241 5.375 0.298903
242 5.35 0.300747
243 5.325 0.302527
244 5.325 0.302527
245 5.3 0.3
246 5.275 0.297398
247 5.275 0.299546
248 5.275 0.299546
249 5.25 0.299037
250 5.25 0.299037
251 5.25 0.299037
252 5.25 0.299037
253 5.25 0.299037
254 5.2 0.282389
255 5.2 0.282389
256 5.2 0.282389
257 5.15 0.273978
258 5.075 0.256674
259 5.075 0.256674
260 5.05 0.260547
261 5.05 0.260547
262 5.05 0.260547
263 5.025 0.256923
264 4.975 0.261866
265 4.975 0.261866
266 4.975 0.261866
267 4.95 0.270209
268 4.925 0.268871
269 4.925 0.268871
270 4.875 0.268394
271 4.85 0.269258
272 4.85 0.269258
273 4.85 0.269258
274 4.85 0.269258
275 4.825 0.270061
276 4.8 0.268424
277 4.775 0.266717
278 4.8 0.266025
279 4.675 0.256674
280 4.675 0.256674
281 4.675 0.256674
282 4.675 0.256674
283 4.675 0.256674
284 4.65 0.257079
285 4.65 0.257079
286 4.625 0.252392
287 4.625 0.252392
288 4.625 0.252392
289 4.6 0.252678
290 4.6 0.252678
291 4.575 0.250352
292 4.525 0.253153
293 4.5 0.253185
294 4.45 0.255579
295 4.375 0.2599
296 4.375 0.2599
297 4.375 0.262355
298 4.375 0.262355
299 4.375 0.262355
300 4.35 0.264454
301 4.325 0.261621
302 4.275 0.263087
303 4.275 0.263087
304 4.275 0.263087
305 4.2 0.243374
306 4.2 0.243374
307 4.1 0.244949
308 4.025 0.24413
309 4.025 0.24413
310 4.025 0.24413
311 4.025 0.24413
312 4.025 0.24413
313 3.975 0.24413
314 3.975 0.24413
315 3.95 0.242714
316 3.95 0.242714
317 3.95 0.242714
318 3.85 0.236291
319 3.825 0.231737
320 3.825 0.231737
321 3.825 0.231737
322 3.825 0.231737
323 3.8 0.235339
324 3.75 0.236833
325 3.75 0.236833
326 3.75 0.231356
327 3.725 0.22642
328 3.7 0.224179
329 3.675 0.224715
330 3.675 0.224715
331 3.675 0.224715
332 3.625 0.225569
333 3.6 0.228709
334 3.6 0.228709
335 3.575 0.226137
336 3.575 0.226137
337 3.575 0.226137
338 3.55 0.229129
339 3.55 0.229129
340 3.55 0.229129
341 3.525 0.23476
342 3.525 0.23476
343 3.475 0.220685
344 3.45 0.223463
345 3.45 0.223463
346 3.4 0.225889
347 3.325 0.218935
348 3.325 0.218935
349 3.325 0.218935
350 3.325 0.218935
351 3.3 0.21543
352 3.275 0.217761
353 3.25 0.222889
354 3.225 0.219228
355 3.225 0.219228
356 3.225 0.219228
357 3.225 0.219228
358 3.2 0.218386
359 3.175 0.214499
360 3.175 0.214499
361 3.175 0.214499
362 3.15 0.222313
363 3.15 0.222313
364 3.15 0.222313
365 3.15 0.222313
366 3.15 0.222313
367 3.125 0.224144
368 3.1 0.22014
369 3.1 0.22014
370 3.1 0.22014
371 3.125 0.229792
372 3.125 0.229792
373 3.1 0.231495
374 3.1 0.231495
375 3.1 0.231495
376 3.1 0.22014
377 3.1 0.225889
378 3.1 0.225889
379 3.1 0.225889
380 3.1 0.225889
381 3.1 0.225889
382 3.075 0.224715
383 3.05 0.220576
384 3.05 0.220576
385 3.05 0.220576
386 3.05 0.220576
387 3.025 0.219228
388 2.975 0.219228
389 2.975 0.219228
390 2.95 0.214685
391 2.95 0.214685
392 2.95 0.214685
393 2.95 0.214685
394 2.925 0.215988
395 2.95 0.220576
396 2.95 0.220576
397 2.95 0.220576
398 2.95 0.220576
399 2.95 0.220576
400 2.95 0.220576
401 2.95 0.220576
402 2.95 0.220576
403 2.95 0.220576
404 2.95 0.220576
405 2.95 0.220576
406 2.9 0.22014
407 2.9 0.22014
408 2.9 0.228709
409 2.9 0.228709
410 2.925 0.23035
411 2.925 0.23035
412 2.925 0.23035
413 2.925 0.23035
414 2.925 0.23035
415 2.925 0.23035
416 2.925 0.23035
417 2.925 0.23035
418 2.925 0.23035
419 2.925 0.23035
420 2.925 0.23035
421 2.875 0.232565
422 2.875 0.232565
423 2.875 0.232565
424 2.875 0.232565
425 2.875 0.232565
426 2.85 0.222313
427 2.825 0.223284
428 2.825 0.223284
429 2.825 0.223284
430 2.825 0.223284
431 2.8 0.227021
432 2.825 0.231737
433 2.825 0.231737
434 2.825 0.231737
435 2.775 0.227831
436 2.775 0.227831
437 2.775 0.227831
438 2.75 0.228569
439 2.75 0.228569
440 2.75 0.228569
441 2.725 0.232013
442 2.725 0.232013
443 2.725 0.232013
444 2.75 0.23411
445 2.75 0.23411
446 2.75 0.239524
447 2.75 0.239524
448 2.75 0.239524
449 2.75 0.239524
450 2.75 0.239524
451 2.75 0.239524
452 2.75 0.239524
453 2.75 0.239524
454 2.75 0.239524
455 2.725 0.240159
456 2.725 0.240159
457 2.7 0.245994
458 2.675 0.238552
459 2.675 0.238552
460 2.675 0.238552
461 2.6 0.223033
462 2.6 0.223033
463 2.575 0.223284
464 2.575 0.223284
465 2.575 0.223284
466 2.55 0.220576
467 2.525 0.205649
468 2.525 0.205649
469 2.475 0.214797
470 2.475 0.214797
471 2.475 0.214797
472 2.475 0.214797
473 2.45 0.211678
474 2.45 0.211678
475 2.425 0.211489
476 2.4 0.208167
477 2.375 0.210882
478 2.375 0.210882
479 2.375 0.210882
480 2.325 0.206892
481 2.3 0.206311
482 2.25 0.204908
483 2.25 0.204908
484 2.25 0.204908
485 2.25 0.204908
486 2.275 0.205649
487 2.275 0.205649
488 2.275 0.205649
489 2.275 0.205649
490 2.275 0.205649
491 2.275 0.205649
492 2.25 0.201755
493 2.25 0.201755
494 2.225 0.204085
495 2.225 0.204085
496 2.225 0.204085
497 2.225 0.204085
498 2.225 0.204085
499 2.2 0.196769
500 2.2 0.196769
501 2.2 0.196769
502 2.225 0.204085
503 2.2 0.206311
504 2.225 0.210273
505 2.175 0.211489
506 2.15 0.210463
507 2.175 0.202192
508 2.175 0.202192
509 2.2 0.20318
510 2.2 0.209395
511 2.25 0.208013
512 2.275 0.217761
513 2.325 0.22755
514 2.375 0.222709
515 2.35 0.236291
516 2.35 0.236291
517 2.35 0.236291
518 2.375 0.24202
519 2.4 0.242318
520 2.425 0.239892
521 2.45 0.237373
522 2.45 0.237373
523 2.475 0.237475
524 2.55 0.234657
525 2.55 0.234657
526 2.525 0.237475
527 2.5 0.232048
528 2.575 0.239892
529 2.6 0.242318
530 2.575 0.234487
531 2.575 0.237205
532 2.575 0.2529
533 2.6 0.252678
534 2.7 0.253691
535 2.8 0.277812
536 2.85 0.285437
537 2.85 0.276308
538 2.875 0.277783
539 2.85 0.283182
540 2.875 0.282361
541 2.975 0.289756
542 3.025 0.296318
543 3.15 0.309155
544 3.2 0.318651
545 3.275 0.326181
546 3.4 0.343063
547 3.475 0.358035
548 3.625 0.368099
549 3.675 0.364072
550 3.7 0.356622
551 3.7 0.345669
552 3.75 0.33541
553 3.725 0.337767
554 3.725 0.33966
555 3.75 0.341096
556 3.725 0.3508
557 3.65 0.331179
558 3.625 0.321629
559 3.75 0.339211
560 3.8 0.34381
561 3.85 0.348164
562 3.85 0.346318
563 3.825 0.350618
564 3.725 0.337767
565 3.725 0.332025
566 3.8 0.33817
567 3.725 0.326181
568 3.75 0.339211
569 3.775 0.351713
570 3.775 0.358929
571 3.775 0.36775
572 3.75 0.376812
573 3.775 0.383117
574 3.775 0.384787
575 3.75 0.381881
576 3.725 0.383953
577 3.725 0.397085
578 3.8 0.425471
579 3.825 0.430991
580 3.9 0.438237
581 3.925 0.442005
582 3.975 0.450765
583 4 0.444338
584 4.025 0.440698
585 4.1 0.44549
586 4.125 0.453176
587 4.175 0.45838
588 4.15 0.460699
589 4.325 0.456277
590 4.375 0.446765
591 4.45 0.44137
592 4.55 0.432568
593 4.575 0.415852
594 4.675 0.430247
595 4.75 0.439624
596 4.725 0.435577
597 4.7 0.441733
598 4.8 0.446065
599 4.75 0.409424
600 4.675 0.386283
601 4.7 0.394189
602 4.675 0.40094
603 4.725 0.398696
604 4.75 0.396701
605 4.75 0.403113
606 4.725 0.392212
607 4.8 0.394189
608 4.85 0.399599
609 4.9 0.398394
610 5 0.395487
611 5.05 0.40024
612 5.1 0.40636
613 5.125 0.395791
614 5.175 0.398535
615 5.25 0.391823
616 5.3 0.374166
617 5.375 0.368099
618 5.425 0.370183
619 5.425 0.35606
620 5.475 0.354436
621 5.55 0.366812
622 5.675 0.371048
623 5.6 0.380283
624 5.6 0.38364
625 5.65 0.388208
626 5.675 0.379587
627 5.75 0.376812
628 5.75 0.364709
629 5.8 0.379271
630 5.75 0.368208
631 5.9 0.390266
632 5.9 0.38862
633 5.9 0.38364
634 6 0.398716
635 6 0.408248
636 5.95 0.406596
637 5.95 0.411299
638 6 0.411377
639 6 0.416025
640 6.05 0.425094
641 6.05 0.419019
642 6.1 0.427875
643 6.1 0.436771
644 6.1 0.439697
645 5.925 0.442005
646 5.95 0.44137
647 6 0.442893
648 5.975 0.443598
649 5.975 0.443598
650 5.975 0.440698
651 5.95 0.414404
652 5.85 0.407541
653 5.925 0.419688
654 6 0.420622
655 5.975 0.413688
656 6 0.409815
657 6 0.417563
658 5.975 0.405866
659 6.025 0.410577
660 5.975 0.405866
661 6.05 0.405017
662 6 0.40032
663 6.025 0.374658
664 6 0.363389
665 6.075 0.356959
666 6.05 0.352555
667 6.1 0.352282
668 6.1 0.337411
669 6.175 0.357856
670 6.175 0.361421
671 6.125 0.361953
672 6.2 0.380957
673 6.15 0.384891
674 6.225 0.384787
675 6.325 0.377895
676 6.325 0.38295
677 6.275 0.393843
678 6.275 0.378911
679 6.225 0.378064
680 6.25 0.35761
681 6.225 0.355339
682 6.325 0.364072
683 6.3 0.358415
684 6.3 0.361975
685 6.35 0.360822
686 6.175 0.345089
687 6.15 0.340719
688 6.225 0.344345
689 6.175 0.333758
690 6.175 0.333758
691 6.2 0.33817
692 6.3 0.351188
693 6.3 0.34194
694 6.275 0.33395
695 6.275 0.332025
696 6.225 0.327162
697 6.275 0.330088
698 6.175 0.333758
699 6.15 0.338833
700 6.15 0.348164
701 6.15 0.336936
702 6.125 0.363719
703 6.1 0.368295
704 6.075 0.364072
705 6.15 0.366113
706 6.15 0.369598
707 6.275 0.352623
708 6.25 0.361177
709 6.275 0.35624
710 6.25 0.355813
711 6.275 0.363367
712 6.325 0.365828
713 6.325 0.387939
714 6.3 0.389279
715 6.275 0.388929
716 6.325 0.389588
717 6.3 0.392559
718 6.275 0.395467
719 6.175 0.382112
720 6.15 0.391496
721 6.125 0.394168
722 6.15 0.383222
723 6.075 0.38295
724 6.025 0.374658
725 6.025 0.376365
726 6.05 0.382217
727 6.05 0.392151
728 6.1 0.401599
729 6.05 0.388868
730 6.025 0.38144
731 6 0.378932
732 5.875 0.385951
733 5.975 0.38144
734 5.925 0.381272
735 5.925 0.394493
736 6 0.398716
737 5.975 0.397891
738 5.975 0.402695
739 6 0.395487
740 5.875 0.384287
741 5.85 0.388208
742 5.825 0.375342
743 5.875 0.380936
744 5.95 0.393782
745 5.95 0.406596
746 5.9 0.409503
747 5.8 0.397428
748 5.85 0.397992
749 5.775 0.393028
750 5.725 0.393843
751 5.65 0.389855
752 5.7 0.394189
753 5.65 0.391496
754 5.85 0.397992
755 5.8 0.390923
756 5.75 0.380199
757 5.7 0.390923
758 5.7 0.380957
759 5.75 0.369945
760 5.775 0.393028
761 5.75 0.378509
762 5.65 0.386553
763 5.725 0.390574
764 5.775 0.388104
765 5.75 0.388538
766 5.8 0.392559
767 5.75 0.378509
768 5.85 0.376471
769 5.875 0.385951
770 5.875 0.379249
771 6.075 0.392865
772 6.125 0.380936
773 6.15 0.399599
774 6.075 0.39123
775 6.15 0.4012
776 6.15 0.415331
777 6.175 0.406498
778 6.05 0.395406
779 5.975 0.418311
780 6 0.409815
781 6.075 0.399338
782 6.125 0.394168
783 6.05 0.40024
784 6.05 0.411299
785 6.1 0.409503
786 6.025 0.413688
787 6.025 0.407443
788 6.025 0.416776
789 6 0.390595
790 6.1 0.376897
791 6 0.354459
792 6 0.356263
793 5.95 0.350732
794 5.925 0.353349
795 6.075 0.353349
796 5.925 0.351531
797 6 0.343437
798 6.075 0.351531
799 6.05 0.335792
800 6.05 0.335792
801 6.075 0.358751
802 6.075 0.362307
803 6.05 0.348899
804 6.025 0.332989
805 6.025 0.340602
806 6.075 0.336626
807 6.2 0.326599
808 6.2 0.322649
809 6.2 0.330501
810 6.225 0.32322
811 6.275 0.322227
812 6.275 0.320231
813 6.3 0.326599
814 6.35 0.327285
815 6.35 0.335028
816 6.475 0.3508
817 6.375 0.359286
818 6.375 0.366353
819 6.375 0.373287
820 6.425 0.368447
821 6.475 0.383953
822 6.55 0.392151
823 6.6 0.386967
824 6.575 0.388764
825 6.575 0.383786
826 6.525 0.383953
827 6.525 0.388929
828 6.525 0.388929
829 6.475 0.368621
830 6.425 0.368447
831 6.425 0.359643
832 6.425 0.36319
833 6.425 0.357856
834 6.35 0.348164
835 6.375 0.342853
836 6.45 0.356173
837 6.375 0.342853
838 6.375 0.344717
839 6.325 0.353349
840 6.35 0.348164
841 6.4 0.341189
842 6.4 0.33359
843 6.4 0.343063
844 6.275 0.33395
845 6.2 0.326599
846 6.175 0.324012
847 6.2 0.318651
848 6.275 0.326181
849 6.275 0.316202
850 6.3 0.312558
851 6.325 0.304638
852 6.35 0.307075
853 6.425 0.303584
854 6.375 0.305269
855 6.375 0.305269
856 6.375 0.30944
857 6.325 0.310887
858 6.425 0.305689
859 6.425 0.301465
860 6.425 0.299332
861 6.35 0.307075
862 6.35 0.313275
863 6.4 0.311736
864 6.45 0.318148
865 6.4 0.327774
866 6.45 0.330016
867 6.475 0.330088
868 6.45 0.330016
869 6.4 0.331662
870 6.35 0.329238
871 6.325 0.336626
872 6.35 0.333109
873 6.275 0.326181
874 6.275 0.328141
875 6.2 0.32463
876 6.2 0.328556
877 6.15 0.323344
878 6.1 0.331662
879 6.075 0.323022
880 6.2 0.322649
881 6.075 0.325
882 6.075 0.336626
883 6.075 0.353349
884 6.125 0.343786
885 6.15 0.340719
886 6.175 0.339471
887 6.15 0.340719
888 6.2 0.33817
889 6.125 0.332411
890 6.15 0.357251
891 6.15 0.367859
892 6.15 0.364358
893 6.175 0.366703
894 6.1 0.343063
895 6.15 0.348164
896 6.1 0.339305
897 6.05 0.348899
898 5.975 0.348049
899 6 0.350823
900 6.025 0.353531
901 6.025 0.362483
902 6.1 0.370031
903 6 0.390595
904 6 0.383974
905 5.875 0.375854
906 5.9 0.375192
907 6.075 0.381272
908 6.15 0.376471
909 6.125 0.367227
910 6.1 0.354097
911 6.125 0.343786
912 6.175 0.359643
913 6.225 0.378064
914 6.15 0.355452
915 6.125 0.363719
916 6.125 0.363719
917 6.125 0.354798
918 6.15 0.342596
919 6.2 0.372449
920 6.25 0.385224
921 6.25 0.385224
922 6.275 0.372083
923 6.125 0.377555
924 6.1 0.376897
925 6.175 0.385453
926 6.2 0.380957
927 6.175 0.380431
928 6.2 0.375875
929 6.175 0.37363
930 6.1 0.370031
931 6.05 0.366812
932 6 0.359843
933 6.05 0.3633
934 6.075 0.376195
935 6.025 0.383117
936 6.05 0.377152
937 6.025 0.372943
938 6.025 0.378064
939 6.025 0.38144
940 6.05 0.397024
941 5.975 0.394656
942 6.075 0.39773
943 6.075 0.39773
944 5.95 0.385557
945 6 0.38062
946 6.025 0.389753
947 5.925 0.402536
948 6 0.411377
949 6.025 0.412136
950 6.1 0.412621
951 6.075 0.410421
952 6.025 0.407443
953 6 0.40032
954 5.95 0.419019
955 5.9 0.403192
956 5.95 0.398635
957 5.875 0.397407
958 5.825 0.383786
959 5.875 0.379249
960 5.9 0.386967
961 5.875 0.368969
962 5.95 0.375448
963 6.1 0.37348
964 6.125 0.372427
965 6.15 0.37817
966 6.175 0.382112
967 6.175 0.382112
968 6.1 0.37348
969 6 0.373823
970 5.975 0.357139
971 6 0.354459
972 5.975 0.349886
973 6 0.352646
974 5.95 0.352555
975 5.95 0.348899
976 5.925 0.338525
977 5.85 0.333109
978 5.8 0.334357
979 5.9 0.343063
980 5.85 0.35
981 5.875 0.349335
982 5.85 0.357251
983 5.825 0.35606
984 5.825 0.35606
985 5.775 0.351713
986 5.8 0.34006
987 5.75 0.341096
988 5.775 0.348049
989 5.8 0.347519
990 5.85 0.340719
991 5.775 0.340602
992 5.775 0.338715
993 5.775 0.319229
994 5.8 0.322649
995 5.825 0.316
996 5.85 0.315314
997 5.875 0.316608
998 5.875 0.322624
999 5.975 0.313147
1000 5.95 0.316126
1001 5.925 0.321031
1002 5.925 0.304638
1003 5.9 0.3034
1004 5.85 0.283182
1005 5.85 0.287674
1006 5.95 0.316126
1007 5.9 0.313786
1008 5.875 0.312532
1009 5.85 0.315314
1010 5.8 0.302129
1011 5.75 0.301173
1012 5.775 0.309026
1013 5.75 0.307492
1014 5.7 0.3
1015 5.675 0.302527
1016 5.55 0.297317
1017 5.55 0.290777
1018 5.5 0.286446
1019 5.5 0.279652
1020 5.525 0.284171
1021 5.475 0.295235
1022 5.475 0.295235
1023 5.425 0.290639
1024 5.45 0.295153
1025 5.5 0.297425
1026 5.475 0.297398
1027 5.45 0.288564
1028 5.475 0.29086
1029 5.425 0.288425
1030 5.35 0.296453
1031 5.35 0.294283
1032 5.3 0.3
1033 5.25 0.299037
1034 5.2 0.312558
1035 5.175 0.311916
1036 5.175 0.311916
1037 5.15 0.307075
1038 5.125 0.310474
1039 5.15 0.309155
1040 5.15 0.309155
1041 5.15 0.309155
1042 5.125 0.316608
1043 5.125 0.316608
1044 5.075 0.325
1045 5.075 0.325
1046 5.075 0.325
1047 5.025 0.327162
1048 5 0.335888
1049 5.025 0.334908
1050 5 0.324235
1051 4.925 0.328921
1052 4.925 0.328921
1053 4.95 0.330016
1054 4.9 0.33359
1055 4.875 0.334333
1056 4.875 0.334333
1057 4.875 0.334333
1058 4.8 0.330501
1059 4.8 0.330501
1060 4.7 0.336269
1061 4.7 0.336269
1062 4.725 0.33395
1063 4.725 0.33395
1064 4.65 0.331179
1065 4.625 0.331445
1066 4.625 0.331445
1067 4.625 0.331445
1068 4.625 0.331445
1069 4.575 0.329894
1070 4.575 0.335673
1071 4.65 0.333109
1072 4.7 0.330501
1073 4.65 0.336936
1074 4.675 0.338525
1075 4.65 0.336936
1076 4.6 0.343063
1077 4.55 0.345205
1078 4.55 0.345205
1079 4.525 0.341542
1080 4.525 0.341542
1081 4.525 0.341542
1082 4.55 0.347057
1083 4.525 0.3508
1084 4.525 0.3508
1085 4.45 0.356173
1086 4.45 0.356173
1087 4.425 0.352441
1088 4.425 0.352441
1089 4.375 0.359286
1090 4.375 0.359286
1091 4.4 0.361266
1092 4.375 0.3557
1093 4.375 0.3557
1094 4.4 0.352282
1095 4.4 0.339305
1096 4.4 0.339305
1097 4.375 0.331445
1098 4.325 0.321031
1099 4.35 0.327285
1100 4.375 0.325591
1101 4.35 0.327285
1102 4.375 0.323616
1103 4.35 0.327285
1104 4.3 0.320656
1105 4.3 0.320656
1106 4.3 0.320656
1107 4.275 0.326181
1108 4.275 0.326181
1109 4.275 0.326181
1110 4.275 0.326181
1111 4.25 0.319756
1112 4.2 0.318651
1113 4.2 0.318651
1114 4.175 0.324012
1115 4.15 0.321355
1116 4.125 0.316608
1117 4.075 0.308818
1118 4.075 0.306735
1119 4.075 0.306735
1120 4.05 0.309983
1121 4 0.305924
1122 4 0.305924
1123 4 0.305924
1124 4.025 0.304849
1125 4.025 0.304849
1126 4 0.308013
1127 3.975 0.309026
1128 3.975 0.309026
1129 3.95 0.307909
1130 3.95 0.307909
1131 3.95 0.307909
1132 4 0.308013
1133 4 0.308013
1134 4 0.308013
1135 4 0.308013
1136 4 0.308013
1137 3.975 0.302739
1138 3.85 0.285437
1139 3.825 0.286194
1140 3.825 0.286194
1141 3.8 0.282389
1142 3.8 0.282389
1143 3.8 0.282389
1144 3.8 0.282389
1145 3.825 0.290639
1146 3.85 0.285437
1147 3.85 0.285437
1148 3.85 0.285437
1149 3.825 0.290639
1150 3.825 0.290639
1151 3.825 0.290639
1152 3.825 0.290639
1153 3.8 0.289119
1154 3.775 0.294147
1155 3.675 0.287312
1156 3.65 0.285437
1157 3.65 0.285437
1158 3.65 0.285437
1159 3.65 0.285437
1160 3.625 0.285746
1161 3.625 0.28798
1162 3.625 0.28798
1163 3.625 0.28798
1164 3.625 0.28798
1165 3.65 0.283182
1166 3.65 0.276308
1167 3.65 0.276308
1168 3.65 0.276308
1169 3.65 0.276308
1170 3.65 0.276308
1171 3.625 0.2743
1172 3.6 0.269853
1173 3.625 0.267197
1174 3.575 0.262843
1175 3.575 0.262843
1176 3.575 0.262843
1177 3.575 0.262843
1178 3.55 0.265422
1179 3.55 0.265422
1180 3.55 0.265422
1181 3.525 0.265512
1182 3.5 0.255704
1183 3.475 0.250608
1184 3.45 0.255579
1185 3.425 0.250352
1186 3.425 0.250352
1187 3.4 0.252678
1188 3.375 0.247261
1189 3.275 0.250608
1190 3.275 0.255673
1191 3.25 0.257577
1192 3.25 0.257577
1193 3.25 0.257577
1194 3.275 0.253153
1195 3.275 0.253153
1196 3.275 0.253153
1197 3.275 0.253153
1198 3.275 0.253153
1199 3.275 0.253153
1200 3.275 0.253153
1201 3.25 0.255077
1202 3.25 0.255077
1203 3.25 0.255077
1204 3.225 0.259406
1205 3.225 0.259406
1206 3.225 0.259406
1207 3.2 0.261161
1208 3.2 0.261161
1209 3.2 0.261161
1210 3.2 0.261161
1211 3.2 0.261161
1212 3.2 0.261161
1213 3.2 0.261161
1214 3.175 0.257919
1215 3.15 0.262019
1216 3.15 0.262019
1217 3.15 0.262019
1218 3.15 0.262019
1219 3.15 0.262019
1220 3.15 0.262019
1221 3.125 0.268394
1222 3.125 0.268394
1223 3.125 0.268394
1224 3.125 0.268394
1225 3.125 0.268394
1226 3.125 0.268394
1227 3.125 0.268394
1228 3.125 0.268394
1229 3.125 0.268394
1230 3.125 0.268394
1231 3.125 0.268394
1232 3.1 0.269853
1233 3.1 0.269853
1234 3.1 0.269853
1235 3.1 0.269853
1236 3.125 0.277783
1237 3.1 0.279193
1238 3.1 0.279193
1239 3.1 0.279193
1240 3.1 0.279193
1241 3.1 0.279193
1242 3.1 0.279193
1243 3.1 0.279193
1244 3.1 0.279193
1245 3.1 0.279193
1246 3.1 0.279193
1247 3.1 0.279193
1248 3.1 0.279193
1249 3.1 0.279193
1250 3.1 0.279193
1251 3.1 0.279193
1252 3.075 0.275931
1253 3.075 0.275931
1254 3.075 0.275931
1255 3.05 0.272571
1256 3.05 0.272571
1257 3.05 0.272571
1258 3.075 0.275931
1259 3.075 0.275931
1260 3.075 0.275931
1261 3.075 0.275931
1262 3.1 0.272218
1263 3.1 0.272218
1264 3.075 0.271245
1265 3.075 0.271245
1266 3.05 0.267826
1267 3.05 0.267826
1268 3.025 0.259406
1269 3.025 0.259406
1270 3.025 0.259406
1271 3.025 0.259406
1272 2.975 0.266717
1273 2.975 0.266717
1274 2.95 0.258075
1275 2.95 0.258075
1276 2.9 0.26263
1277 2.9 0.26263
1278 2.9 0.26263
1279 2.9 0.26263
1280 2.9 0.26263
1281 2.9 0.26263
1282 2.875 0.263574
1283 2.925 0.256674
1284 2.925 0.256674
1285 2.925 0.256674
1286 2.925 0.256674
1287 2.925 0.256674
1288 2.875 0.245961
1289 2.875 0.245961
1290 2.875 0.245961
1291 2.85 0.249487
1292 2.85 0.249487
1293 2.825 0.2529
1294 2.775 0.24149
1295 2.775 0.24149
1296 2.775 0.24149
1297 2.775 0.24149
1298 2.775 0.24149
1299 2.775 0.24149
1300 2.825 0.242549
1301 2.825 0.242549
1302 2.8 0.240725
1303 2.8 0.240725
1304 2.8 0.240725
1305 2.775 0.233391
1306 2.775 0.24413
1307 2.775 0.24413
1308 2.775 0.24413
1309 2.775 0.24413
1310 2.775 0.24413
1311 2.8 0.243374
1312 2.8 0.243374
1313 2.8 0.243374
1314 2.8 0.243374
1315 2.775 0.238821
1316 2.775 0.238821
1317 2.775 0.238821
1318 2.775 0.238821
1319 2.8 0.238048
1320 2.8 0.238048
1321 2.8 0.238048
1322 2.75 0.231356
1323 2.7 0.229827
1324 2.7 0.229827
1325 2.7 0.229827
1326 2.7 0.229827
1327 2.7 0.229827
1328 2.7 0.229827
1329 2.7 0.229827
1330 2.675 0.23035
1331 2.675 0.23035
1332 2.675 0.23035
1333 2.675 0.23035
1334 2.675 0.23035
1335 2.65 0.222313
1336 2.65 0.222313
1337 2.65 0.222313
1338 2.625 0.222709
1339 2.625 0.222709
1340 2.625 0.222709
1341 2.625 0.222709
1342 2.625 0.222709
1343 2.625 0.222709
1344 2.6 0.223033
1345 2.6 0.223033
1346 2.625 0.219812
1347 2.625 0.219812
1348 2.625 0.219812
1349 2.625 0.219812
1350 2.6 0.223033
1351 2.625 0.228393
1352 2.625 0.228393
1353 2.625 0.228393
1354 2.625 0.228393
1355 2.6 0.231495
1356 2.6 0.231495
1357 2.6 0.231495
1358 2.6 0.231495
1359 2.6 0.231495
1360 2.575 0.228954
1361 2.575 0.228954
1362 2.525 0.22642
1363 2.525 0.22642
1364 2.525 0.22642
1365 2.5 0.226455
1366 2.5 0.226455
1367 2.5 0.226455
1368 2.5 0.226455
1369 2.5 0.226455
1370 2.5 0.226455
1371 2.5 0.226455
1372 2.5 0.226455
1373 2.5 0.226455
1374 2.5 0.226455
1375 2.475 0.22642
1376 2.475 0.22642
1377 2.475 0.22642
1378 2.475 0.22642
1379 2.475 0.22642
1380 2.475 0.22642
1381 2.475 0.22642
1382 2.475 0.229234
1383 2.475 0.229234
1384 2.5 0.226455
1385 2.5 0.226455
1386 2.5 0.226455
1387 2.5 0.226455
1388 2.5 0.226455
1389 2.5 0.226455
1390 2.5 0.226455
1391 2.5 0.226455
1392 2.5 0.226455
1393 2.5 0.226455
1394 2.5 0.226455
1395 2.5 0.226455
1396 2.5 0.226455
1397 2.5 0.226455
1398 2.5 0.226455
1399 2.5 0.226455
1400 2.5 0.226455
1401 2.5 0.226455
1402 2.5 0.226455
1403 2.5 0.226455
1404 2.475 0.229234
1405 2.475 0.229234
1406 2.45 0.229129
1407 2.45 0.229129
1408 2.45 0.229129
1409 2.45 0.229129
1410 2.45 0.229129
1411 2.425 0.231737
1412 2.425 0.231737
1413 2.425 0.231737
1414 2.425 0.231737
1415 2.425 0.231737
1416 2.425 0.231737
1417 2.425 0.231737
1418 2.425 0.231737
1419 2.425 0.231737
1420 2.425 0.231737
1421 2.425 0.231737
1422 2.425 0.231737
1423 2.425 0.231737
1424 2.425 0.231737
1425 2.425 0.231737
1426 2.425 0.231737
1427 2.45 0.23191
1428 2.45 0.23191
1429 2.45 0.23191
1430 2.45 0.23191
1431 2.45 0.23191
1432 2.425 0.226137
1433 2.4 0.225889
1434 2.4 0.225889
1435 2.375 0.228393
1436 2.325 0.224715
1437 2.325 0.224715
1438 2.3 0.227021
1439 2.3 0.227021
1440 2.275 0.223571
1441 2.275 0.223571
1442 2.275 0.223571
1443 2.225 0.2133
1444 2.225 0.2133
1445 2.225 0.2133
1446 2.225 0.2133
1447 2.225 0.2133
1448 2.225 0.2133
1449 2.225 0.2133
1450 2.225 0.2133
1451 2.225 0.2133
1452 2.225 0.2133
1453 2.25 0.211072
1454 2.25 0.211072
1455 2.25 0.211072
1456 2.25 0.211072
1457 2.225 0.207202
1458 2.225 0.207202
1459 2.25 0.208013
1460 2.25 0.208013
1461 2.25 0.208013
1462 2.25 0.208013
1463 2.25 0.208013
1464 2.25 0.208013
1465 2.25 0.208013
1466 2.25 0.208013
1467 2.25 0.208013
1468 2.2 0.212434
1469 2.2 0.212434
1470 2.225 0.207202
1471 2.175 0.208436
1472 2.175 0.208436
1473 2.175 0.208436
1474 2.175 0.208436
1475 2.175 0.208436
1476 2.175 0.208436
1477 2.2 0.209395
1478 2.2 0.209395
1479 2.175 0.195748
1480 2.175 0.195748
1481 2.175 0.195748
1482 2.175 0.195748
1483 2.175 0.195748
1484 2.175 0.195748
1485 2.175 0.195748
1486 2.175 0.195748
1487 2.175 0.195748
1488 2.175 0.195748
1489 2.175 0.195748
1490 2.125 0.20314
1491 2.125 0.20314
1492 2.125 0.20314
1493 2.125 0.20314
1494 2.125 0.20314
1495 2.125 0.20314
1496 2.125 0.20314
1497 2.125 0.20314
1498 2.125 0.20314
1499 2.125 0.20314
1500 2.125 0.20314
1501 2.125 0.20314
1502 2.125 0.20314
1503 2.125 0.20314
1504 2.125 0.20314
1505 2.1 0.198714
1506 2.1 0.198714
1507 2.1 0.198714
1508 2.05 0.205532
1509 2 0.205688
1510 2.125 0.20314
1511 2.125 0.20314
1512 2.125 0.20314
1513 2.1 0.198714
1514 2.1 0.198714
1515 2.1 0.198714
1516 2.1 0.198714
1517 2.1 0.198714
1518 2.15 0.197906
1519 2.15 0.197906
1520 2.15 0.197906
1521 2.15 0.197906
1522 2.15 0.204281
1523 2.15 0.207395
1524 2.175 0.211489
1525 2.15 0.204281
1526 2.15 0.204281
1527 2.15 0.204281
1528 2.125 0.206272
1529 2.15 0.213488
1530 2.175 0.211489
1531 2.175 0.211489
1532 2.225 0.222133
1533 2.225 0.222133
1534 2.225 0.222133
1535 2.3 0.227021
1536 2.3 0.224179
1537 2.325 0.221844
1538 2.325 0.221844
1539 2.35 0.225178
1540 2.375 0.222709
1541 2.35 0.225178
1542 2.325 0.23035
1543 2.35 0.228007
1544 2.35 0.228007
1545 2.425 0.239892
1546 2.4 0.242318
1547 2.4 0.242318
1548 2.45 0.240059
1549 2.425 0.239892
1550 2.425 0.239892
1551 2.4 0.239658
1552 2.45 0.242714
1553 2.45 0.242714
1554 2.4 0.242318
1555 2.45 0.240059
1556 2.475 0.229234
1557 2.5 0.226455
1558 2.5 0.226455
1559 2.55 0.220576
1560 2.575 0.226137
1561 2.6 0.225889
1562 2.6 0.225889
1563 2.6 0.225889
1564 2.6 0.225889
1565 2.675 0.22755
1566 2.675 0.224715
1567 2.7 0.221302
1568 2.7 0.224179
1569 2.75 0.236833
1570 2.825 0.245178
1571 2.825 0.245178
1572 2.85 0.244294
1573 2.85 0.244294
1574 2.925 0.261621
1575 3 0.265543
1576 3 0.265543
1577 2.975 0.259406
1578 2.95 0.255579
1579 3.025 0.251884
1580 3.05 0.24794
1581 3.05 0.240059
1582 3.1 0.247552
1583 3.125 0.240692
1584 3.075 0.246482
1585 3.05 0.250512
1586 3.1 0.255202
1587 3.175 0.250352
1588 3.2 0.248586
1589 3.3 0.251151
1590 3.3 0.251151
1591 3.325 0.251629
1592 3.4 0.269853
1593 3.4 0.269853
1594 3.425 0.265271
1595 3.375 0.262355
1596 3.475 0.260639
1597 3.55 0.24794
1598 3.6 0.257702
1599 3.625 0.252392
1600 3.575 0.257919
1601 3.575 0.257919
1602 3.55 0.262996
1603 3.575 0.272424
1604 3.55 0.270209
1605 3.45 0.253058
1606 3.45 0.250512
1607 3.475 0.248037
1608 3.425 0.247779
1609 3.4 0.247552
1610 3.4 0.247552
1611 3.45 0.242714
1612 3.425 0.239892
1613 3.4 0.234247
1614 3.45 0.234657
1615 3.475 0.242813
1616 3.45 0.24794
1617 3.45 0.255579
1618 3.5 0.263117
1619 3.525 0.255673
1620 3.575 0.267676
1621 3.65 0.266867
1622 3.725 0.270298
1623 3.7 0.275495
1624 3.675 0.275931
1625 3.7 0.270801
1626 3.675 0.268871
1627 3.675 0.273598
1628 3.65 0.273978
1629 3.7 0.273158
1630 3.725 0.270298
1631 3.75 0.279078
1632 3.725 0.288647
1633 3.75 0.285886
1634 3.8 0.297856
1635 3.85 0.307075
1636 3.75 0.276772
1637 3.825 0.301465
1638 3.8 0.302129
1639 3.8 0.304243
1640 3.775 0.304849
1641 3.775 0.311093
1642 3.875 0.324605
1643 3.875 0.312532
1644 3.825 0.303584
1645 3.725 0.305898
1646 3.775 0.306944
1647 3.8 0.326599
1648 3.75 0.341096
1649 3.825 0.348785
1650 3.8 0.349358
1651 3.825 0.348785
1652 3.85 0.348164
1653 3.875 0.354798
1654 3.85 0.355452
1655 3.85 0.355452
1656 3.9 0.361266
1657 3.9 0.352282
1658 3.825 0.357856
1659 3.775 0.358929
1660 3.825 0.370183
1661 3.85 0.379862
1662 3.85 0.379862
1663 3.875 0.377555
1664 3.975 0.372943
1665 3.925 0.362307
1666 3.95 0.350732
1667 3.875 0.345646
1668 3.925 0.349702
1669 3.925 0.349702
1670 3.9 0.344927
1671 3.9 0.350458
1672 3.975 0.342479
1673 4.025 0.349886
1674 4.05 0.345205
1675 4.075 0.355159
1676 4.175 0.345089
1677 4.2 0.345669
1678 4.175 0.343227
1679 4.25 0.355813
1680 4.25 0.341096
1681 4.2 0.345669
1682 4.2 0.345669
1683 4.225 0.340602
1684 4.2 0.34194
1685 4.175 0.335673
1686 4.175 0.331832
1687 4.15 0.329238
1688 4.125 0.328531
1689 4.125 0.334333
1690 4.15 0.336936
1691 4.2 0.34006
1692 4.225 0.336817
1693 4.25 0.337316
1694 4.25 0.333494
1695 4.175 0.327945
1696 4.2 0.318651
1697 4.15 0.323344
1698 4.175 0.322028
1699 4.125 0.314576
1700 4.225 0.32322
1701 4.225 0.319229
1702 4.15 0.296453
1703 4.15 0.285437
1704 4.175 0.286194
1705 4.175 0.279394
1706 4.25 0.288119
1707 4.325 0.3004
1708 4.35 0.302871
1709 4.3 0.304243
1710 4.325 0.3004
1711 4.375 0.31963
1712 4.425 0.309854
1713 4.325 0.314984
1714 4.5 0.326206
1715 4.425 0.301465
1716 4.35 0.287674
1717 4.475 0.270298
1718 4.425 0.265271
1719 4.4 0.283748
1720 4.375 0.28798
1721 4.375 0.28798
1722 4.325 0.293929
1723 4.3 0.3
1724 4.225 0.294147
1725 4.225 0.29196
1726 4.2 0.286893
1727 4.225 0.298474
1728 4.2 0.291328
1729 4.175 0.288425
1730 4.2 0.289119
1731 4.3 0.28465
1732 4.225 0.280767
1733 4.25 0.283635
1734 4.25 0.288119
1735 4.25 0.294718
1736 4.275 0.295235
1737 4.2 0.263604
1738 4.175 0.265271
1739 4.275 0.284171
1740 4.225 0.280767
1741 4.2 0.273158
1742 4.2 0.273158
1743 4.175 0.27709
1744 4.25 0.276772
1745 4.275 0.284171
1746 4.275 0.279623
1747 4.275 0.272659
1748 4.3 0.266025
1749 4.25 0.269734
1750 4.2 0.275495
1751 4.15 0.269258
1752 4.1 0.260177
1753 4.05 0.265422
1754 4.05 0.262996
1755 4.125 0.270772
1756 4.1 0.269853
1757 4.125 0.270772
1758 4.125 0.286865
1759 4.15 0.287674
1760 4.15 0.278618
1761 4.175 0.27709
1762 4.1 0.269853
1763 4.1 0.283748
1764 4.15 0.28091
1765 4.15 0.285437
1766 4.2 0.28465
1767 4.2 0.282389
1768 4.175 0.27709
1769 4.175 0.281679
1770 4.125 0.280081
1771 4.1 0.285998
1772 4.125 0.289091
1773 4.175 0.297182
1774 4.075 0.304638
1775 4.1 0.296993
1776 4.075 0.3004
1777 4.075 0.304638
1778 4.05 0.297317
1779 4.025 0.296318
1780 4 0.297425
1781 3.95 0.290777
1782 3.975 0.271481
1783 3.9 0.265059
1784 3.8 0.258695
1785 3.825 0.260393
1786 3.85 0.254574
1787 3.875 0.256174
1788 3.85 0.259561
1789 3.825 0.262843
1790 3.8 0.268424
1791 3.8 0.268424
1792 3.85 0.276308
1793 3.85 0.266867
1794 3.825 0.270061
1795 3.85 0.266867
1796 3.85 0.273978
1797 3.875 0.280081
1798 3.95 0.281821
1799 4.025 0.294147
1800 4 0.308013
1801 4 0.305924
1802 4.025 0.309026
1803 4 0.301705
1804 3.975 0.302739
1805 4.025 0.298474
1806 4.025 0.298474
1807 4.05 0.297317
1808 4.025 0.29196
1809 4.025 0.294147
1810 4 0.293083
1811 3.95 0.297317
1812 4.05 0.303716
1813 4 0.290887
1814 3.9 0.276887
1815 3.9 0.272218
1816 4.025 0.273832
1817 4 0.26067
1818 4.025 0.269109
1819 4.025 0.269109
1820 4.075 0.271245
1821 4.025 0.266717
1822 4.05 0.258075
1823 4.025 0.254416
1824 4.1 0.26263
1825 4.15 0.262019
1826 4.15 0.266867
1827 4.15 0.266867
1828 4.2 0.277812
1829 4.2 0.275495
1830 4.2 0.28465
1831 4.175 0.283945
1832 4.175 0.281679
1833 4.225 0.29196
1834 4.275 0.281906
1835 4.325 0.282814
1836 4.45 0.284086
1837 4.55 0.292973
1838 4.65 0.30498
1839 4.6 0.28148
1840 4.65 0.287674
1841 4.65 0.28091
1842 4.65 0.28091
1843 4.65 0.28091
1844 4.575 0.283945
1845 4.675 0.289534
1846 4.75 0.294718
1847 4.825 0.292836
1848 4.8 0.289119
1849 4.7 0.282389
1850 4.85 0.300747
1851 4.85 0.294283
1852 4.8 0.291328
1853 4.725 0.293055
1854 4.725 0.29086
1855 4.675 0.287312
1856 4.625 0.294582
1857 4.65 0.294283
1858 4.675 0.29174
1859 4.725 0.297398
1860 4.8 0.297856
1861 4.75 0.301173
1862 4.725 0.297398
1863 4.7 0.308429
1864 4.7 0.308429
1865 4.7 0.314602
1866 4.75 0.327676
1867 4.75 0.333494
1868 4.775 0.334908
1869 4.725 0.33395
1870 4.725 0.33395
1871 4.775 0.351713
1872 4.8 0.363741
1873 4.825 0.357856
1874 4.8 0.351188
1875 4.775 0.353531
1876 4.75 0.346688
1877 4.875 0.343786
1878 4.875 0.347496
1879 4.8 0.33817
1880 4.825 0.339471
1881 4.85 0.342596
1882 4.875 0.349335
1883 4.9 0.350458
1884 4.9 0.354097
1885 4.85 0.355452
1886 4.825 0.346942
1887 4.7 0.360199
1888 4.95 0.354368
1889 4.95 0.359754
1890 4.95 0.350732
1891 4.875 0.345646
1892 4.85 0.340719
1893 4.85 0.338833
1894 4.85 0.346318
1895 4.875 0.347496
1896 4.775 0.344345
1897 4.75 0.333494
1898 4.75 0.333494
1899 4.75 0.33541
1900 4.775 0.327162
1901 4.775 0.327162
1902 4.85 0.335028
1903 4.8 0.349358
1904 4.85 0.342596
1905 4.85 0.35
1906 4.925 0.344159
1907 5 0.356263
1908 5.05 0.366812
1909 5 0.373823
1910 5.025 0.36775
1911 5 0.365148
1912 5.05 0.365061
1913 5.025 0.351713
1914 5.025 0.351713
1915 5.15 0.364358
1916 5.225 0.362483
1917 5.175 0.346942
1918 5.175 0.350618
1919 5.2 0.353009
1920 5.15 0.353644
1921 5.125 0.336245
1922 5.125 0.332411
1923 5.1 0.339305
1924 5.15 0.335028
1925 5.15 0.327285
1926 5.2 0.33817
1927 5.25 0.366463
1928 5.325 0.365828
1929 5.375 0.350252
1930 5.325 0.349702
1931 5.375 0.353893
1932 5.425 0.352441
1933 5.35 0.360822
1934 5.35 0.364358
1935 5.35 0.359041
1936 5.375 0.353893
1937 5.425 0.377046
1938 5.45 0.378848
1939 5.5 0.377237
1940 5.475 0.372083
1941 5.475 0.387278
1942 5.475 0.385619
1943 5.475 0.380599
1944 5.45 0.382217
1945 5.45 0.382217
1946 5.5 0.383974
1947 5.475 0.375512
1948 5.45 0.377152
1949 5.5 0.378932
1950 5.5 0.383974
1951 5.45 0.385557
1952 5.5 0.390595
1953 5.55 0.395406
1954 5.475 0.406655
1955 5.45 0.40817
1956 5.5 0.414481
1957 5.475 0.40349
1958 5.5 0.401918
1959 5.45 0.40024
1960 5.5 0.408248
1961 5.475 0.409796
1962 5.45 0.388868
1963 5.45 0.388868
1964 5.475 0.390574
1965 5.425 0.380431
1966 5.375 0.38512
1967 5.4 0.364797
1968 5.375 0.361066
1969 5.4 0.368295
1970 5.375 0.383452
1971 5.325 0.38295
1972 5.325 0.381272
1973 5.35 0.386553
1974 5.325 0.38462
1975 5.325 0.394493
1976 5.275 0.392212
1977 5.375 0.394981
1978 5.375 0.386781
1979 5.45 0.390512
1980 5.5 0.372104
1981 5.6 0.376897
1982 5.55 0.378848
1983 5.55 0.375448
1984 5.525 0.395467
1985 5.55 0.38389
1986 5.55 0.40024
1987 5.475 0.385619
1988 5.375 0.381776
1989 5.325 0.360533
1990 5.275 0.358035
1991 5.325 0.356959
1992 5.325 0.362307
1993 5.325 0.356959
1994 5.275 0.3508
1995 5.35 0.346318
1996 5.35 0.338833
1997 5.275 0.335864
1998 5.275 0.335864
1999 5.25 0.331566
2000 5.225 0.327162
2001 5.225 0.32322
2002 5.225 0.32322
2003 5.25 0.325714
2004 5.225 0.338715
2005 5.2 0.332435
2006 5.225 0.332989
2007 5.2 0.330501
2008 5.225 0.334908
2009 5.175 0.345089
2010 5.2 0.345669
2011 5.275 0.347126
2012 5.325 0.344159
2013 5.325 0.344159
2014 0.6 0.294827
2015 0.6 0.294827
2016 0.6 0.294827
