0 0 0
1 0.7 0.152753
2 2.3 0.251151
3 3.575 0.255422
4 5.2 0.248586
5 7.225 0.384787
6 8.325 0.346017
7 9.275 0.393843
8 10.25 0.426299
9 11.1 0.454042
10 12.025 0.485016
11 12.725 0.4987
12 13.125 0.507871
13 13.4 0.534454
14 13.775 0.47702
15 14.05 0.570593
16 14.025 0.49158
17 13.65 0.526904
18 13.7 0.500256
19 13.875 0.552602
20 13.7 0.574233
21 13.425 0.551092
22 13.325 0.562033
23 13.3 0.550291
24 12.95 0.551164
25 12.725 0.529861
26 12.825 0.504959
27 12.425 0.468067
28 11.9 0.508643
29 11.6 0.488063
30 11.275 0.486994
31 10.975 0.520709
32 10.7 0.530119
33 10.425 0.51997
34 9.925 0.552834
35 9.6 0.51366
36 9.425 0.502414
37 9.075 0.447769
38 8.8 0.444626
39 8.65 0.415331
40 8.2 0.363741
41 7.825 0.37363
42 7.55 0.373737
43 7.4 0.350458
44 7.175 0.343227
45 7.275 0.370356
46 7.05 0.350732
47 6.975 0.369489
48 6.925 0.387939
49 6.85 0.364358
50 6.675 0.349702
51 6.425 0.368447
52 6.4 0.37176
53 6.375 0.375
54 6.25 0.373394
55 6.225 0.358929
56 6.175 0.377046
57 5.9 0.355903
58 5.75 0.359398
59 5.65 0.371328
60 5.425 0.37363
61 5.35 0.410675
62 5.3 0.405412
63 5.075 0.404125
64 5.025 0.383117
65 4.75 0.355813
66 4.75 0.366463
67 4.575 0.361421
68 4.375 0.327554
69 4.225 0.319229
70 4.1 0.325813
71 4.05 0.309983
72 3.975 0.306944
73 3.85 0.300747
74 3.75 0.303294
75 3.625 0.294582
76 3.575 0.292836
77 3.475 0.29086
78 3.45 0.303716
79 3.275 0.303795
80 3.225 0.311093
81 3.125 0.302103
82 3.1 0.305505
83 3.1 0.305505
84 3.075 0.289534
85 2.95 0.279537
86 2.85 0.254574
87 2.775 0.254416
88 2.575 0.242549
89 2.55 0.23191
90 2.55 0.23191
91 2.45 0.223463
92 2.4 0.214237
93 2.4 0.208167
94 2.325 0.197379
95 2.35 0.19464
96 2.225 0.177184
97 2.125 0.164813
98 2.1 0.174679
99 2.05 0.159928
100 2.075 0.157657
101 1.95 0.155868
102 2 0.147631
103 1.975 0.149733
104 1.95 0.163887
105 1.875 0.164813
106 1.85 0.166217
107 1.9 0.181871
108 1.85 0.173759
109 1.775 0.173529
110 1.775 0.184278
111 1.8 0.179743
112 1.775 0.177184
113 1.7 0.190142
114 1.65 0.184495
115 1.6 0.181871
116 1.55 0.175229
117 1.475 0.156022
118 1.5 0.156074
119 1.475 0.167896
120 1.45 0.163887
121 1.45 0.163887
122 1.4 0.159326
123 1.4 0.15525
124 1.425 0.159677
125 1.425 0.163642
126 1.4 0.15525
127 1.4 0.159326
128 1.375 0.162857
129 1.325 0.153537
130 1.225 0.149733
131 1.125 0.1527
132 1.1 0.151065
133 1.175 0.163642
134 1.125 0.1527
135 1.1 0.151065
136 1.125 0.148443
137 1.125 0.1527
138 1.075 0.153537
139 1.1 0.15525
140 1.075 0.149304
141 1.05 0.1517
142 1.025 0.145389
143 1 0.143223
144 0.975 0.145389
145 0.975 0.145389
146 0.975 0.145389
147 1 0.147631
148 0.975 0.140911
149 0.875 0.134867
150 0.825 0.12854
151 0.825 0.12854
152 0.85 0.136579
153 0.8 0.130089
154 0.8 0.130089
155 0.75 0.132771
156 0.7 0.130089
157 0.7 0.130089
158 0.675 0.131009
159 0.7 0.130089
160 0.675 0.131009
161 0.65 0.131802
162 0.625 0.122409
163 0.675 0.120828
164 0.675 0.120828
165 0.7 0.119829
166 0.7 0.119829
167 0.65 0.1163
168 0.65 0.1163
169 0.625 0.111444
170 0.7 0.130089
171 0.65 0.126845
172 0.65 0.126845
173 0.65 0.126845
174 0.625 0.122409
175 0.625 0.122409
176 0.6 0.122997
177 0.6 0.133012
178 0.6 0.122997
179 0.55 0.123776
180 0.5 0.118754
181 0.45 0.118484
182 0.45 0.118484
183 0.425 0.112589
184 0.375 0.111444
185 0.35 0.110651
186 0.375 0.111444
187 0.375 0.111444
188 0.375 0.111444
189 0.375 0.111444
190 0.375 0.111444
191 0.35 0.104697
192 0.375 0.105536
193 0.325 0.0904937
194 0.35 0.0983844
195 0.375 0.0992762
196 0.375 0.0992762
197 0.35 0.0916375
198 0.375 0.0925944
199 0.35 0.0916375
200 0.325 0.0831087
201 0.325 0.0831087
202 0.3 0.0816497
203 0.3 0.0816497
204 0.3 0.0733799
205 0.275 0.0714995
206 0.3 0.0733799
207 0.275 0.0714995
208 0.275 0.0714995
209 0.25 0.0693375
210 0.25 0.0693375
211 0.225 0.0668667
212 0.2 0.0640513
213 0.2 0.0640513
214 0.2 0.0640513
215 0.225 0.0668667
216 0.25 0.0693375
217 0.25 0.0693375
218 0.25 0.0693375
219 0.225 0.0668667
220 0.175 0.0608434
221 0.15 0.0571772
222 0.2 0.0640513
223 0.2 0.0640513
224 0.2 0.0640513
225 0.2 0.0640513
226 0.2 0.0640513
227 0.2 0.0640513
228 0.2 0.0640513
229 0.2 0.0640513
230 0.175 0.0608434
231 0.175 0.0608434
232 0.175 0.0608434
233 0.175 0.0608434
234 0.2 0.0640513
235 0.175 0.0608434
236 0.175 0.0608434
237 0.175 0.0608434
238 0.175 0.0608434
239 0.175 0.0608434
240 0.175 0.0608434
241 0.175 0.0608434
242 0.175 0.0608434
243 0.175 0.0608434
244 0.175 0.0608434
245 0.2 0.0640513
246 0.175 0.0608434
247 0.175 0.0608434
248 0.175 0.0608434
249 0.175 0.0608434
250 0.175 0.0608434
251 0.175 0.0608434
252 0.15 0.0571772
253 0.15 0.0571772
254 0.15 0.0571772
255 0.15 0.0571772
256 0.15 0.0571772
257 0.15 0.0571772
258 0.175 0.0608434
259 0.2 0.0640513
260 0.2 0.0640513
261 0.15 0.0571772
262 0.15 0.0571772
263 0.15 0.0571772
264 0.15 0.0571772
265 0.15 0.0571772
266 0.125 0.0529574
267 0.1 0.0480384
268 0.1 0.0480384
269 0.1 0.0480384
270 0.125 0.0529574
271 0.125 0.0529574
272 0.125 0.0529574
273 0.125 0.0529574
274 0.125 0.0529574
275 0.15 0.0571772
276 0.15 0.0571772
277 0.15 0.0571772
278 0.15 0.0571772
279 0.15 0.0571772
280 0.125 0.0529574
281 0.125 0.0529574
282 0.125 0.0529574
283 0.125 0.0529574
284 0.125 0.0529574
285 0.125 0.0529574
286 0.125 0.0529574
287 0.125 0.0529574
288 0.125 0.0529574
289 0.125 0.0529574
290 0.075 0.0421764
291 0.1 0.0480384
292 0.1 0.0480384
293 0.1 0.0480384
294 0.1 0.0480384
295 0.1 0.0480384
296 0.1 0.0480384
297 0.125 0.0529574
298 0.125 0.0529574
299 0.125 0.0529574
300 0.125 0.0529574
301 0.125 0.0529574
302 0.125 0.0529574
303 0.125 0.0529574
304 0.125 0.0529574
305 0.125 0.0529574
306 0.125 0.0529574
307 0.125 0.0529574
308 0.125 0.0529574
309 0.125 0.0529574
310 0.125 0.0529574
311 0.125 0.0529574
312 0.15 0.0674632
313 0.15 0.0674632
314 0.15 0.0674632
315 0.15 0.0674632
316 0.15 0.0674632
317 0.15 0.0674632
318 0.15 0.0674632
319 0.125 0.063926
320 0.125 0.063926
321 0.125 0.063926
322 0.1 0.0599145
323 0.1 0.0599145
324 0.1 0.0599145
325 0.075 0.0421764
326 0.075 0.0421764
327 0.075 0.0421764
328 0.075 0.0421764
329 0.075 0.0421764
330 0.075 0.0421764
331 0.075 0.0421764
332 0.1 0.0480384
333 0.1 0.0480384
334 0.1 0.0480384
335 0.125 0.0529574
336 0.125 0.0529574
337 0.125 0.0529574
338 0.125 0.0529574
339 0.125 0.0529574
340 0.125 0.0529574
341 0.15 0.0571772
342 0.15 0.0571772
343 0.125 0.0529574
344 0.125 0.0529574
345 0.125 0.0529574
346 0.125 0.0529574
347 0.175 0.0705973
348 0.175 0.0705973
349 0.175 0.0705973
350 0.175 0.0705973
351 0.2 0.0733799
352 0.225 0.0758499
353 0.2 0.0733799
354 0.2 0.0733799
355 0.2 0.0733799
356 0.2 0.0733799
357 0.2 0.0733799
358 0.225 0.0758499
359 0.225 0.0758499
360 0.225 0.0758499
361 0.225 0.0758499
362 0.225 0.0758499
363 0.225 0.0758499
364 0.225 0.0758499
365 0.225 0.0758499
366 0.225 0.0758499
367 0.225 0.0758499
368 0.2 0.0733799
369 0.2 0.0733799
370 0.175 0.0705973
371 0.175 0.0705973
372 0.175 0.0705973
373 0.15 0.0674632
374 0.125 0.0529574
375 0.125 0.0529574
376 0.15 0.0674632
377 0.15 0.0674632
378 0.15 0.0674632
379 0.15 0.0674632
380 0.175 0.0791582
381 0.175 0.0791582
382 0.175 0.0791582
383 0.2 0.0816497
384 0.175 0.0705973
385 0.175 0.0705973
386 0.175 0.0705973
387 0.175 0.0705973
388 0.15 0.0571772
389 0.125 0.0529574
390 0.125 0.0529574
391 0.125 0.0529574
392 0.125 0.0529574
393 0.125 0.0529574
394 0.1 0.0480384
395 0.1 0.0480384
396 0.1 0.0480384
397 0.1 0.0480384
398 0.1 0.0480384
399 0.1 0.0480384
400 0.1 0.0480384
401 0.1 0.0480384
402 0.1 0.0480384
403 0.1 0.0480384
404 0.1 0.0480384
405 0.1 0.0480384
406 0.1 0.0480384
407 0.075 0.0421764
408 0.075 0.0421764
409 0.075 0.0421764
410 0.1 0.0480384
411 0.1 0.0480384
412 0.075 0.0421764
413 0.075 0.0421764
414 0.075 0.0421764
415 0.075 0.0421764
416 0.075 0.0421764
417 0.075 0.0421764
418 0.05 0.0348991
419 0.05 0.0348991
420 0.05 0.0348991
421 0.075 0.0421764
422 0.075 0.0421764
423 0.075 0.0421764
424 0.075 0.0421764
425 0.05 0.0348991
426 0.05 0.0348991
427 0.05 0.0348991
428 0.025 0.025
429 0.025 0.025
430 0.025 0.025
431 0.025 0.025
432 0.025 0.025
433 0.025 0.025
434 0.025 0.025
435 0.025 0.025
436 0.025 0.025
437 0.025 0.025
438 0.025 0.025
439 0.025 0.025
440 0.025 0.025
441 0.025 0.025
442 0.025 0.025
443 0.025 0.025
444 0.025 0.025
445 0.025 0.025
446 0.025 0.025
447 0.025 0.025
448 0.025 0.025
449 0.025 0.025
450 0 0
451 0 0
452 0 0
453 0 0
454 0 0
455 0 0
456 0 0
457 0 0
458 0.025 0.025
459 0.025 0.025
460 0.025 0.025
461 0.025 0.025
462 0.025 0.025
463 0.025 0.025
464 0.025 0.025
465 0.025 0.025
466 0.025 0.025
467 0.025 0.025
468 0.025 0.025
469 0.025 0.025
470 0.025 0.025
471 0.025 0.025
472 0.025 0.025
473 0.05 0.0348991
474 0.05 0.0348991
475 0.05 0.0348991
476 0.05 0.0348991
477 0.05 0.0348991
478 0.075 0.0421764
479 0.075 0.0421764
480 0.1 0.0480384
481 0.075 0.0421764
482 0.075 0.0421764
483 0.075 0.0421764
484 0.075 0.0421764
485 0.075 0.0421764
486 0.075 0.0421764
487 0.075 0.0421764
488 0.075 0.0421764
489 0.025 0.025
490 0.025 0.025
491 0.025 0.025
492 0.025 0.025
493 0.025 0.025
494 0.025 0.025
495 0.025 0.025
496 0.025 0.025
497 0.025 0.025
498 0.025 0.025
499 0.025 0.025
500 0.025 0.025
501 0.05 0.0348991
502 0.025 0.025
503 0.1 0.0480384
504 0.125 0.0529574
505 0.175 0.0608434
506 0.25 0.0693375
507 0.35 0.0843527
508 0.325 0.0831087
509 0.35 0.0916375
510 0.525 0.113157
511 0.525 0.101195
512 0.7 0.102532
513 0.725 0.118687
514 0.775 0.121357
515 0.825 0.133433
516 1.025 0.136285
517 0.975 0.126529
518 1.05 0.138444
519 1.075 0.135814
520 1.15 0.15
521 1.3 0.176141
522 1.25 0.174496
523 1.35 0.173759
524 1.4 0.181871
525 1.35 0.173759
526 1.425 0.192445
527 1.475 0.189424
528 1.425 0.182179
529 1.425 0.175
530 1.575 0.189085
531 1.675 0.197379
532 1.75 0.214087
533 1.85 0.225178
534 1.95 0.240059
535 1.95 0.237373
536 1.875 0.224144
537 1.9 0.214237
538 1.925 0.209968
539 1.975 0.197703
540 2 0.202548
541 2.175 0.228954
542 2.15 0.246904
543 2.175 0.214499
544 2.175 0.226137
545 2.15 0.230801
546 2.175 0.231737
547 2.2 0.229827
548 2.075 0.209968
549 2.075 0.224715
550 2.175 0.234487
551 2.275 0.23476
552 2.2 0.212434
553 2.25 0.214087
554 2.35 0.225178
555 2.35 0.230801
556 2.375 0.225569
557 2.375 0.228393
558 2.375 0.222709
559 2.325 0.218935
560 2.3 0.212434
561 2.225 0.2133
562 2.25 0.228569
563 2.325 0.238552
564 2.4 0.239658
565 2.4 0.22014
566 2.225 0.216284
567 2.325 0.224715
568 2.425 0.226137
569 2.425 0.223284
570 2.5 0.205688
571 2.5 0.229269
572 2.575 0.255422
573 2.6 0.252678
574 2.625 0.262355
575 2.725 0.265512
576 2.75 0.269734
577 2.825 0.262843
578 2.875 0.256174
579 2.975 0.259406
580 3.1 0.28148
581 3 0.275029
582 3.125 0.280081
583 3.075 0.273598
584 3.075 0.278244
585 3.025 0.266717
586 2.975 0.276163
587 3 0.263117
588 3.2 0.28465
589 3.125 0.263574
590 3.1 0.260177
591 3.125 0.289091
592 3 0.301705
593 2.925 0.298259
594 3 0.310087
595 3.025 0.289756
596 3.125 0.306317
597 3.125 0.312532
598 3.125 0.324605
599 3.05 0.295153
600 3.05 0.279537
601 2.975 0.287535
602 3.075 0.282814
603 3.225 0.294147
604 3.2 0.3105
605 3.25 0.3054
606 3.325 0.310887
607 3.325 0.312942
608 3.375 0.298903
609 3.275 0.303795
610 3.275 0.303795
611 3.225 0.311093
612 3.15 0.307075
613 3.2 0.320656
614 3.25 0.329627
615 3.275 0.320231
616 3.2 0.302129
617 3.075 0.308818
618 3.275 0.3508
619 3.2 0.328556
620 3.2 0.314602
621 3.3 0.320656
622 3.375 0.315594
623 3.325 0.319028
624 3.4 0.313786
625 3.325 0.3004
626 3.2 0.28465
627 3.225 0.287535
628 3.275 0.318223
629 3.3 0.314602
630 3.275 0.322227
631 3.25 0.301173
632 3.2 0.286893
633 3.075 0.282814
634 3.175 0.283945
635 3.15 0.296453
636 3.175 0.288425
637 3.15 0.266867
638 3.05 0.255579
639 3.175 0.286194
640 3.2 0.275495
641 3.2 0.275495
642 3 0.25064
643 2.975 0.256923
644 2.875 0.258664
645 2.825 0.262843
646 2.875 0.258664
647 2.8 0.258695
648 2.8 0.243374
649 2.775 0.233391
650 2.75 0.239524
651 2.775 0.24149
652 2.85 0.233562
653 2.9 0.223033
654 2.9 0.22014
655 3.125 0.251119
656 3.1 0.269853
657 3 0.279652
658 3.025 0.300614
659 2.925 0.289534
660 2.825 0.279394
661 2.85 0.289894
662 2.975 0.285297
663 3.025 0.294147
664 3.125 0.286865
665 3.15 0.30498
666 3.075 0.319028
667 3.15 0.313275
668 3.1 0.305505
669 3.075 0.293929
670 3.175 0.265271
671 3.2 0.261161
672 3.175 0.250352
673 2.95 0.245341
674 2.975 0.261866
675 3.075 0.26406
676 3.15 0.254574
677 3.2 0.277812
678 3.25 0.288119
679 3.375 0.281223
680 3.325 0.289534
681 3.275 0.279623
682 3.275 0.272659
683 3.225 0.266717
684 3.15 0.244294
685 3.175 0.2529
686 3.275 0.255673
687 3.3 0.251151
688 3.325 0.249069
689 3.275 0.245439
690 3.275 0.248037
691 3.05 0.23191
692 3.05 0.240059
693 2.9 0.228709
694 2.925 0.249069
695 2.85 0.236291
696 2.95 0.240059
697 3 0.229269
698 3.05 0.250512
699 3.05 0.272571
700 3.2 0.306343
701 3.25 0.313684
702 3.25 0.303294
703 3.2 0.3
704 3.15 0.289894
705 3.075 0.287312
706 3.125 0.289091
707 3.275 0.316202
708 3.45 0.316126
709 3.4 0.313786
710 3.5 0.318248
711 3.55 0.322152
712 3.55 0.299465
713 3.4 0.307596
714 3.25 0.313684
715 3.4 0.315822
716 3.475 0.318223
717 3.375 0.311505
718 3.325 0.314984
719 3.325 0.325
720 3.425 0.329894
721 3.4 0.321854
722 3.425 0.320031
723 3.5 0.332049
724 3.35 0.317341
725 3.325 0.314984
726 3.25 0.299037
727 3.2 0.3
728 3.175 0.324012
729 3.1 0.325813
730 3.075 0.3004
731 3.075 0.312942
732 3.175 0.313965
733 3.275 0.320231
734 3.425 0.346942
735 3.4 0.355903
736 3.375 0.352077
737 3.4 0.380283
738 3.35 0.364358
739 3.325 0.347864
740 3.4 0.352282
741 3.35 0.348164
742 3.225 0.340602
743 3.15 0.329238
744 3.05 0.328067
745 3.075 0.317012
746 2.95 0.309983
747 3.225 0.309026
748 3.3 0.320656
749 3.325 0.334717
750 3.45 0.350732
751 3.525 0.352623
752 3.475 0.330088
753 3.5 0.326206
754 3.35 0.338833
755 3.325 0.338525
756 3.225 0.329116
757 3.225 0.296318
758 3.15 0.278618
759 3.125 0.293492
760 3.15 0.302871
761 3.2 0.3105
762 3.3 0.304243
763 3.3 0.297856
764 3.275 0.301678
765 3.225 0.256923
766 3.15 0.241656
767 3.125 0.251119
768 3.125 0.248554
769 3.175 0.234487
770 3.125 0.215393
771 3.075 0.206892
772 3.075 0.209968
773 3.05 0.214685
774 3.075 0.215988
775 2.95 0.237373
776 2.9 0.244949
777 2.825 0.260393
778 2.9 0.242318
779 2.925 0.254164
780 2.925 0.266476
781 2.925 0.293929
782 2.85 0.300747
783 2.75 0.3054
784 2.675 0.278244
785 2.6 0.309673
786 2.675 0.321031
787 2.625 0.321629
788 2.7 0.308429
789 2.825 0.331832
790 2.8 0.32463
791 2.8 0.328556
792 2.95 0.335792
793 3.15 0.335028
794 3.175 0.318022
795 3.2 0.316633
796 3.075 0.302527
797 3.125 0.322624
798 3.075 0.321031
799 2.875 0.318626
800 2.875 0.295669
801 2.875 0.280081
802 2.875 0.275466
803 2.875 0.275466
804 3 0.293083
805 3 0.293083
806 3.05 0.290777
807 3 0.284199
808 3.05 0.284086
809 3.075 0.280539
810 3.125 0.273129
811 3.075 0.266476
812 3.15 0.246904
813 3.175 0.239892
814 3.125 0.229792
815 3.075 0.23585
816 3.1 0.236968
817 3.15 0.230801
818 3.15 0.246904
819 3.125 0.270772
820 3.075 0.271245
821 2.975 0.264302
822 2.975 0.278475
823 2.9 0.276887
824 2.925 0.271245
825 3.075 0.238552
826 3.1 0.260177
827 3.1 0.239658
828 3.025 0.238821
829 3.1 0.252678
830 3.125 0.253659
831 3.075 0.249069
832 2.9 0.228709
833 2.825 0.226137
834 2.8 0.243374
835 2.875 0.232565
836 2.9 0.239658
837 2.775 0.233391
838 2.65 0.213488
839 2.6 0.211224
840 2.625 0.210882
841 2.6 0.208167
842 2.6 0.234247
843 2.525 0.23476
844 2.525 0.23476
845 2.55 0.24794
846 2.575 0.237205
847 2.525 0.258168
848 2.475 0.258168
849 2.45 0.229129
850 2.5 0.229269
851 2.475 0.253153
852 2.55 0.262996
853 2.575 0.262843
854 2.625 0.25492
855 2.5 0.237508
856 2.55 0.223463
857 2.675 0.22755
858 2.625 0.228393
859 2.525 0.237475
860 2.55 0.234657
861 2.75 0.244818
862 2.775 0.24413
863 2.875 0.26113
864 2.95 0.281821
865 2.875 0.268394
866 2.95 0.270209
867 2.875 0.273129
868 2.85 0.271629
869 2.8 0.258695
870 2.9 0.267467
871 2.9 0.244949
872 2.8 0.21543
873 2.725 0.217761
874 2.775 0.222133
875 2.7 0.212434
876 2.75 0.217061
877 2.7 0.21543
878 2.775 0.246742
879 2.775 0.24413
880 2.825 0.228954
881 2.9 0.22014
882 2.75 0.204908
883 2.7 0.20318
884 2.675 0.209968
885 2.7 0.235339
886 2.75 0.252551
887 2.75 0.255077
888 2.85 0.262019
889 2.95 0.260547
890 2.9 0.242318
891 2.9 0.247552
892 3 0.25064
893 3 0.245472
894 2.9 0.242318
895 3.025 0.24413
896 3.05 0.245341
897 3.125 0.240692
898 3.225 0.236121
899 3.175 0.234487
900 2.975 0.222133
901 2.95 0.223463
902 2.875 0.229792
903 3.025 0.24149
904 3 0.255704
905 2.975 0.256923
906 2.875 0.243341
907 2.825 0.262843
908 2.875 0.284622
909 2.95 0.274913
910 2.975 0.259406
911 2.975 0.246742
912 2.775 0.246742
913 2.75 0.244818
914 2.7 0.261161
915 2.75 0.257577
916 2.9 0.292645
917 2.9 0.290446
918 2.825 0.297182
919 2.75 0.257577
920 2.725 0.267916
921 2.7 0.263604
922 2.7 0.270801
923 2.7 0.266025
924 2.725 0.277321
925 2.6 0.274563
926 2.625 0.278935
927 2.65 0.285437
928 2.6 0.272218
929 2.575 0.270061
930 2.6 0.247552
931 2.6 0.234247
932 2.65 0.219411
933 2.575 0.205337
934 2.55 0.20239
935 2.525 0.211792
936 2.6 0.22014
937 2.8 0.227021
938 2.875 0.251119
939 2.85 0.241656
940 2.85 0.238988
941 2.825 0.231737
942 2.775 0.222133
943 2.875 0.235305
944 2.975 0.246742
945 2.875 0.251119
946 2.9 0.274563
947 2.95 0.260547
948 2.875 0.263574
949 2.9 0.257702
950 3 0.293083
951 3.05 0.299465
952 3.025 0.294147
953 3.075 0.3004
954 3.125 0.295669
955 3.15 0.292097
956 3.1 0.313786
957 3.175 0.301465
958 3.2 0.304243
959 3.3 0.312558
960 3.275 0.297398
961 3.375 0.317618
962 3.425 0.309854
963 3.45 0.337696
964 3.4 0.344927
965 3.45 0.350732
966 3.45 0.359754
967 3.425 0.352441
968 3.45 0.356173
969 3.525 0.352623
970 3.575 0.377046
971 3.575 0.368447
972 3.5 0.393863
973 3.4 0.404779
974 3.325 0.399338
975 3.35 0.407541
976 3.4 0.404779
977 3.3 0.379271
978 3.375 0.368099
979 3.35 0.344462
980 3.4 0.329724
981 3.375 0.327554
982 3.3 0.312558
983 3.25 0.319756
984 3.125 0.299973
985 3.1 0.305505
986 2.875 0.302103
987 2.925 0.287312
988 3.025 0.278475
989 3.075 0.280539
990 3 0.272688
991 3.175 0.27709
992 3.2 0.277812
993 3.175 0.274767
994 3.275 0.284171
995 3.3 0.277812
996 3.4 0.3034
997 3.225 0.296318
998 3.05 0.272571
999 3 0.258199
1000 2.95 0.255579
1001 3.125 0.270772
1002 3.175 0.262843
1003 3.275 0.250608
1004 3.225 0.264302
1005 3.15 0.252043
1006 2.925 0.259159
1007 2.8 0.258695
1008 2.75 0.257577
1009 2.75 0.255077
1010 2.7 0.253691
1011 2.7 0.253691
1012 2.625 0.244654
1013 2.6 0.228709
1014 2.475 0.245439
1015 2.425 0.247779
1016 2.425 0.272424
1017 2.325 0.278244
1018 2.275 0.277321
1019 2.275 0.270298
1020 2.2 0.277812
1021 2.075 0.268871
1022 2 0.258199
1023 1.975 0.256923
1024 1.9 0.244949
1025 1.85 0.249487
1026 1.775 0.251884
1027 1.775 0.249326
1028 1.675 0.243867
1029 1.675 0.256674
1030 1.625 0.24984
1031 1.575 0.247779
1032 1.55 0.245341
1033 1.475 0.232013
1034 1.425 0.220394
1035 1.4 0.214237
1036 1.4 0.214237
1037 1.4 0.205064
1038 1.375 0.210882
1039 1.275 0.208743
1040 1.225 0.204085
1041 1.15 0.197906
1042 1.15 0.184495
1043 1.1 0.181871
1044 1.075 0.18393
1045 1.075 0.18393
1046 1.05 0.182399
1047 1.025 0.169794
1048 0.975 0.169794
1049 0.925 0.153537
1050 0.9 0.137747
1051 0.925 0.149304
1052 0.875 0.148443
1053 0.875 0.148443
1054 0.925 0.153537
1055 0.875 0.14406
1056 0.85 0.145664
1057 0.75 0.127852
1058 0.75 0.122736
1059 0.7 0.108604
1060 0.7 0.114354
1061 0.7 0.114354
1062 0.7 0.119829
1063 0.65 0.1163
1064 0.675 0.115401
1065 0.675 0.126021
1066 0.65 0.126845
1067 0.6 0.11209
1068 0.575 0.106744
1069 0.55 0.107118
1070 0.525 0.0946485
1071 0.5 0.0947331
1072 0.475 0.0876144
1073 0.475 0.0876144
1074 0.5 0.101274
1075 0.475 0.101195
1076 0.475 0.101195
1077 0.475 0.101195
1078 0.45 0.100957
1079 0.475 0.107343
1080 0.45 0.107118
1081 0.45 0.107118
1082 0.45 0.107118
1083 0.475 0.113157
1084 0.475 0.113157
1085 0.475 0.107343
1086 0.475 0.107343
1087 0.5 0.107417
1088 0.45 0.0943942
1089 0.5 0.101274
1090 0.5 0.101274
1091 0.5 0.101274
1092 0.5 0.101274
1093 0.475 0.101195
1094 0.45 0.100957
1095 0.5 0.107417
1096 0.5 0.107417
1097 0.525 0.107343
1098 0.55 0.128851
1099 0.525 0.129037
1100 0.525 0.129037
1101 0.5 0.118754
1102 0.5 0.118754
1103 0.5 0.124035
1104 0.5 0.124035
1105 0.475 0.12397
1106 0.475 0.12397
1107 0.475 0.12397
1108 0.475 0.12397
1109 0.45 0.118484
1110 0.45 0.118484
1111 0.475 0.118687
1112 0.5 0.113228
1113 0.5 0.113228
1114 0.525 0.113157
1115 0.55 0.112944
1116 0.55 0.112944
1117 0.55 0.112944
1118 0.525 0.107343
1119 0.525 0.107343
1120 0.55 0.107118
1121 0.575 0.106744
1122 0.55 0.107118
1123 0.5 0.107417
1124 0.5 0.107417
1125 0.5 0.107417
1126 0.5 0.107417
1127 0.475 0.107343
1128 0.45 0.100957
1129 0.425 0.100559
1130 0.4 0.1
1131 0.375 0.0992762
1132 0.475 0.107343
1133 0.425 0.100559
1134 0.425 0.100559
1135 0.425 0.100559
1136 0.4 0.1
1137 0.425 0.100559
1138 0.425 0.118145
1139 0.425 0.118145
1140 0.425 0.118145
1141 0.425 0.118145
1142 0.375 0.117055
1143 0.35 0.0983844
1144 0.325 0.0973199
1145 0.325 0.0973199
1146 0.325 0.0973199
1147 0.325 0.0973199
1148 0.325 0.0973199
1149 0.35 0.0983844
1150 0.375 0.105536
1151 0.375 0.105536
1152 0.375 0.105536
1153 0.375 0.0925944
1154 0.375 0.0853913
1155 0.35 0.0843527
1156 0.375 0.0853913
1157 0.375 0.0853913
1158 0.375 0.0853913
1159 0.375 0.0853913
1160 0.325 0.0831087
1161 0.325 0.0831087
1162 0.325 0.0831087
1163 0.325 0.0831087
1164 0.325 0.0831087
1165 0.325 0.0831087
1166 0.35 0.0916375
1167 0.35 0.0916375
1168 0.35 0.0916375
1169 0.35 0.0916375
1170 0.375 0.0992762
1171 0.4 0.1
1172 0.425 0.100559
1173 0.425 0.100559
1174 0.45 0.100957
1175 0.45 0.100957
1176 0.45 0.100957
1177 0.425 0.0939688
1178 0.425 0.0868797
1179 0.425 0.0868797
1180 0.425 0.0868797
1181 0.425 0.0868797
1182 0.425 0.0868797
1183 0.45 0.0873396
1184 0.475 0.0876144
1185 0.45 0.0873396
1186 0.425 0.0868797
1187 0.375 0.0775217
1188 0.4 0.0784465
1189 0.375 0.0853913
1190 0.375 0.0853913
1191 0.4 0.09337
1192 0.375 0.0925944
1193 0.4 0.09337
1194 0.4 0.09337
1195 0.325 0.0831087
1196 0.325 0.0831087
1197 0.325 0.0831087
1198 0.3 0.0816497
1199 0.3 0.0816497
1200 0.275 0.0799639
1201 0.3 0.0816497
1202 0.3 0.0816497
1203 0.3 0.0816497
1204 0.325 0.075
1205 0.325 0.075
1206 0.35 0.0763763
1207 0.375 0.0853913
1208 0.375 0.0853913
1209 0.35 0.0843527
1210 0.325 0.0831087
1211 0.325 0.0831087
1212 0.275 0.0799639
1213 0.275 0.0799639
1214 0.25 0.0780368
1215 0.25 0.0780368
1216 0.25 0.0780368
1217 0.25 0.0780368
1218 0.25 0.0780368
1219 0.175 0.0608434
1220 0.175 0.0608434
1221 0.2 0.0640513
1222 0.175 0.0608434
1223 0.175 0.0608434
1224 0.175 0.0608434
1225 0.175 0.0608434
1226 0.175 0.0608434
1227 0.175 0.0608434
1228 0.2 0.0640513
1229 0.2 0.0640513
1230 0.2 0.0640513
1231 0.175 0.0608434
1232 0.15 0.0571772
1233 0.15 0.0571772
1234 0.15 0.0571772
1235 0.15 0.0571772
1236 0.15 0.0571772
1237 0.125 0.0529574
1238 0.1 0.0480384
1239 0.1 0.0480384
1240 0.1 0.0480384
1241 0.1 0.0480384
1242 0.1 0.0480384
1243 0.1 0.0480384
1244 0.1 0.0480384
1245 0.1 0.0480384
1246 0.1 0.0480384
1247 0.1 0.0480384
1248 0.1 0.0480384
1249 0.1 0.0480384
1250 0.1 0.0480384
1251 0.1 0.0480384
1252 0.125 0.0529574
1253 0.125 0.0529574
1254 0.125 0.0529574
1255 0.125 0.0529574
1256 0.125 0.0529574
1257 0.125 0.0529574
1258 0.125 0.0529574
1259 0.125 0.0529574
1260 0.125 0.0529574
1261 0.125 0.0529574
1262 0.125 0.0529574
1263 0.15 0.0571772
1264 0.175 0.0705973
1265 0.175 0.0705973
1266 0.175 0.0705973
1267 0.175 0.0705973
1268 0.175 0.0705973
1269 0.175 0.0705973
1270 0.175 0.0705973
1271 0.175 0.0705973
1272 0.225 0.0758499
1273 0.225 0.0758499
1274 0.2 0.0733799
1275 0.175 0.0608434
1276 0.175 0.0608434
1277 0.175 0.0608434
1278 0.2 0.0640513
1279 0.2 0.0640513
1280 0.2 0.0640513
1281 0.2 0.0640513
1282 0.175 0.0608434
1283 0.175 0.0608434
1284 0.175 0.0608434
1285 0.175 0.0608434
1286 0.175 0.0608434
1287 0.15 0.0571772
1288 0.15 0.0571772
1289 0.15 0.0571772
1290 0.15 0.0571772
1291 0.175 0.0608434
1292 0.175 0.0608434
1293 0.2 0.0640513
1294 0.2 0.0640513
1295 0.2 0.0640513
1296 0.2 0.0640513
1297 0.15 0.0571772
1298 0.15 0.0571772
1299 0.15 0.0571772
1300 0.175 0.0608434
1301 0.175 0.0608434
1302 0.2 0.0640513
1303 0.2 0.0640513
1304 0.2 0.0640513
1305 0.175 0.0608434
1306 0.2 0.0640513
1307 0.2 0.0640513
1308 0.2 0.0640513
1309 0.175 0.0608434
1310 0.175 0.0608434
1311 0.175 0.0608434
1312 0.175 0.0608434
1313 0.175 0.0608434
1314 0.15 0.0571772
1315 0.15 0.0674632
1316 0.15 0.0674632
1317 0.15 0.0674632
1318 0.15 0.0674632
1319 0.15 0.0674632
1320 0.125 0.0529574
1321 0.1 0.0480384
1322 0.1 0.0480384
1323 0.1 0.0480384
1324 0.1 0.0480384
1325 0.1 0.0480384
1326 0.05 0.0348991
1327 0.05 0.0348991
1328 0.05 0.0348991
1329 0.05 0.0348991
1330 0.075 0.0421764
1331 0.075 0.0421764
1332 0.075 0.0421764
1333 0.075 0.0421764
1334 0.075 0.0421764
1335 0.075 0.0421764
1336 0.075 0.0421764
1337 0.075 0.0421764
1338 0.1 0.0480384
1339 0.1 0.0480384
1340 0.125 0.0529574
1341 0.125 0.0529574
1342 0.125 0.0529574
1343 0.125 0.0529574
1344 0.15 0.0571772
1345 0.125 0.0529574
1346 0.125 0.0529574
1347 0.125 0.0529574
1348 0.075 0.0421764
1349 0.05 0.0348991
1350 0.075 0.0421764
1351 0.075 0.0421764
1352 0.075 0.0421764
1353 0.075 0.0421764
1354 0.075 0.0421764
1355 0.1 0.0480384
1356 0.1 0.0480384
1357 0.1 0.0480384
1358 0.1 0.0480384
1359 0.1 0.0480384
1360 0.125 0.0529574
1361 0.125 0.0529574
1362 0.125 0.0529574
1363 0.1 0.0480384
1364 0.1 0.0480384
1365 0.1 0.0480384
1366 0.1 0.0480384
1367 0.1 0.0480384
1368 0.1 0.0480384
1369 0.075 0.0421764
1370 0.05 0.0348991
1371 0.05 0.0348991
1372 0.05 0.0348991
1373 0.025 0.025
1374 0.025 0.025
1375 0.025 0.025
1376 0.025 0.025
1377 0.025 0.025
1378 0.025 0.025
1379 0.025 0.025
1380 0.025 0.025
1381 0.025 0.025
1382 0.05 0.0348991
1383 0.05 0.0348991
1384 0.025 0.025
1385 0.025 0.025
1386 0.025 0.025
1387 0.025 0.025
1388 0.025 0.025
1389 0.025 0.025
1390 0.025 0.025
1391 0.025 0.025
1392 0.025 0.025
1393 0.025 0.025
1394 0.025 0.025
1395 0.025 0.025
1396 0.025 0.025
1397 0.025 0.025
1398 0.05 0.0348991
1399 0.075 0.0421764
1400 0.075 0.0421764
1401 0.075 0.0421764
1402 0.075 0.0421764
1403 0.075 0.0421764
1404 0.075 0.0421764
1405 0.075 0.0421764
1406 0.075 0.0421764
1407 0.075 0.0421764
1408 0.075 0.0421764
1409 0.075 0.0421764
1410 0.075 0.0421764
1411 0.1 0.0480384
1412 0.1 0.0480384
1413 0.075 0.0421764
1414 0.075 0.0421764
1415 0.075 0.0421764
1416 0.075 0.0421764
1417 0.05 0.0348991
1418 0.05 0.0348991
1419 0.05 0.0348991
1420 0.05 0.0348991
1421 0.025 0.025
1422 0.05 0.0348991
1423 0.075 0.0553254
1424 0.075 0.0553254
1425 0.075 0.0553254
1426 0.075 0.0553254
1427 0.075 0.0553254
1428 0.075 0.0553254
1429 0.075 0.0553254
1430 0.1 0.0599145
1431 0.1 0.0599145
1432 0.125 0.063926
1433 0.125 0.063926
1434 0.125 0.063926
1435 0.15 0.0674632
1436 0.125 0.0529574
1437 0.125 0.0529574
1438 0.125 0.0529574
1439 0.125 0.0529574
1440 0.15 0.0571772
1441 0.15 0.0571772
1442 0.175 0.0608434
1443 0.15 0.0571772
1444 0.15 0.0571772
1445 0.15 0.0571772
1446 0.15 0.0571772
1447 0.15 0.0571772
1448 0.15 0.0571772
1449 0.15 0.0571772
1450 0.15 0.0571772
1451 0.15 0.0571772
1452 0.15 0.0571772
1453 0.125 0.0529574
1454 0.125 0.0529574
1455 0.1 0.0480384
1456 0.1 0.0480384
1457 0.1 0.0480384
1458 0.1 0.0480384
1459 0.1 0.0480384
1460 0.1 0.0480384
1461 0.1 0.0480384
1462 0.075 0.0421764
1463 0.075 0.0421764
1464 0.1 0.0480384
1465 0.1 0.0480384
1466 0.1 0.0480384
1467 0.125 0.0529574
1468 0.125 0.0529574
1469 0.1 0.0480384
1470 0.1 0.0480384
1471 0.1 0.0480384
1472 0.1 0.0480384
1473 0.1 0.0480384
1474 0.1 0.0480384
1475 0.1 0.0480384
1476 0.1 0.0480384
1477 0.1 0.0480384
1478 0.075 0.0421764
1479 0.1 0.0480384
1480 0.1 0.0480384
1481 0.1 0.0480384
1482 0.1 0.0480384
1483 0.1 0.0480384
1484 0.075 0.0421764
1485 0.075 0.0421764
1486 0.075 0.0421764
1487 0.075 0.0421764
1488 0.075 0.0421764
1489 0.075 0.0421764
1490 0.075 0.0421764
1491 0.075 0.0421764
1492 0.075 0.0421764
1493 0.075 0.0421764
1494 0.075 0.0421764
1495 0.075 0.0421764
1496 0.075 0.0421764
1497 0.075 0.0421764
1498 0.075 0.0421764
1499 0.075 0.0421764
1500 0.075 0.0421764
1501 0.075 0.0421764
1502 0.075 0.0421764
1503 0.075 0.0421764
1504 0.075 0.0421764
1505 0.075 0.0421764
1506 0.075 0.0421764
1507 0.05 0.0348991
1508 0.05 0.0348991
1509 0.025 0.025
1510 0.075 0.0421764
1511 0.2 0.0640513
1512 0.275 0.0946485
1513 0.275 0.0946485
1514 0.275 0.0946485
1515 0.325 0.103698
1516 0.425 0.118145
1517 0.45 0.112944
1518 0.5 0.113228
1519 0.575 0.123452
1520 0.7 0.125064
1521 0.725 0.129037
1522 0.875 0.139539
1523 0.925 0.140455
1524 0.975 0.140911
1525 0.975 0.140911
1526 1.025 0.140911
1527 1 0.143223
1528 1.075 0.149304
1529 1.1 0.159326
1530 1.175 0.155611
1531 1.175 0.159677
1532 1.325 0.169416
1533 1.35 0.166217
1534 1.35 0.17003
1535 1.425 0.189085
1536 1.55 0.199197
1537 1.6 0.205064
1538 1.65 0.213488
1539 1.75 0.211072
1540 1.825 0.195748
1541 1.925 0.197379
1542 1.925 0.190773
1543 1.9 0.208167
1544 1.925 0.206892
1545 1.875 0.19996
1546 1.9 0.192154
1547 1.875 0.186697
1548 1.9 0.17097
1549 1.925 0.176822
1550 2 0.189466
1551 2.125 0.1901
1552 2.15 0.201119
1553 2.15 0.204281
1554 2.225 0.200919
1555 2.225 0.2133
1556 2.2 0.206311
1557 2.225 0.216284
1558 2.2 0.221302
1559 2.25 0.225747
1560 2.275 0.229234
1561 2.35 0.238988
1562 2.475 0.245439
1563 2.45 0.253058
1564 2.5 0.26067
1565 2.65 0.271629
1566 2.65 0.276308
1567 2.6 0.285998
1568 2.7 0.289119
1569 2.625 0.283494
1570 2.45 0.284086
1571 2.475 0.286418
1572 2.425 0.274767
1573 2.375 0.2743
1574 2.425 0.255422
1575 2.425 0.255422
1576 2.45 0.267826
1577 2.45 0.270209
1578 2.425 0.255422
1579 2.575 0.260393
1580 2.4 0.252678
1581 2.325 0.271245
1582 2.3 0.258695
1583 2.275 0.242813
1584 2.275 0.237475
1585 2.3 0.243374
1586 2.225 0.259406
1587 2.325 0.23585
1588 2.275 0.248037
1589 2.25 0.257577
1590 2.325 0.246482
1591 2.375 0.233939
1592 2.325 0.241224
1593 2.25 0.222889
1594 2.3 0.2326
1595 2.275 0.240159
1596 2.25 0.228569
1597 2.175 0.214499
1598 2.225 0.216284
1599 2.325 0.23035
1600 2.375 0.225569
1601 2.6 0.252678
1602 2.6 0.260177
1603 2.575 0.242549
1604 2.55 0.245341
1605 2.6 0.239658
1606 2.575 0.239892
1607 2.6 0.255202
1608 2.6 0.255202
1609 2.6 0.250128
1610 2.575 0.247779
1611 2.5 0.248069
1612 2.55 0.258075
1613 2.6 0.247552
1614 2.625 0.252392
1615 2.6 0.239658
1616 2.525 0.237475
1617 2.575 0.262843
1618 2.6 0.279193
1619 2.675 0.246482
1620 2.725 0.237475
1621 2.725 0.22642
1622 2.725 0.223571
1623 2.75 0.201755
1624 2.7 0.193484
1625 2.625 0.201556
1626 2.575 0.211489
1627 2.525 0.214797
1628 2.525 0.205649
1629 2.425 0.202192
1630 2.475 0.214797
1631 2.45 0.214685
1632 2.55 0.208628
1633 2.55 0.226314
1634 2.5 0.240192
1635 2.5 0.234794
1636 2.475 0.220685
1637 2.425 0.220394
1638 2.525 0.217761
1639 2.5 0.208782
1640 2.6 0.223033
1641 2.575 0.231737
1642 2.575 0.239892
1643 2.55 0.242714
1644 2.55 0.217651
1645 2.55 0.214685
1646 2.45 0.226314
1647 2.375 0.231183
1648 2.4 0.239658
1649 2.4 0.250128
1650 2.3 0.238048
1651 2.275 0.23476
1652 2.45 0.245341
1653 2.325 0.246482
1654 2.15 0.249487
1655 2.225 0.251884
1656 2.225 0.256923
1657 2.425 0.260393
1658 2.425 0.250352
1659 2.325 0.224715
1660 2.3 0.240725
1661 2.225 0.238821
1662 2.25 0.242186
1663 2.25 0.242186
1664 2.3 0.270801
1665 2.4 0.255202
1666 2.425 0.245178
1667 2.55 0.253058
1668 2.45 0.255579
1669 2.45 0.240059
1670 2.65 0.228007
1671 2.775 0.207202
1672 2.7 0.209395
1673 2.8 0.218386
1674 2.825 0.228954
1675 2.825 0.211489
1676 2.8 0.21543
1677 2.75 0.228569
1678 2.725 0.22642
1679 2.725 0.214797
1680 2.75 0.217061
1681 2.6 0.214237
1682 2.575 0.198996
1683 2.6 0.201914
1684 2.55 0.199197
1685 2.65 0.204281
1686 2.625 0.210882
1687 2.625 0.20782
1688 2.55 0.199197
1689 2.525 0.205649
1690 2.45 0.223463
1691 2.45 0.234657
1692 2.45 0.226314
1693 2.625 0.233939
1694 2.625 0.231183
1695 2.65 0.233562
1696 2.575 0.223284
1697 2.675 0.259159
1698 2.775 0.271481
1699 2.85 0.264454
1700 2.8 0.261161
1701 2.825 0.260393
1702 2.9 0.252678
1703 2.875 0.26113
1704 2.9 0.255202
1705 2.875 0.258664
1706 2.8 0.245994
1707 2.725 0.255673
1708 2.85 0.252043
1709 2.875 0.258664
1710 2.975 0.266717
1711 2.9 0.265059
1712 2.725 0.270298
1713 2.65 0.257079
1714 2.65 0.269258
1715 2.625 0.269585
1716 2.6 0.265059
1717 2.5 0.270327
1718 2.625 0.24984
1719 2.65 0.238988
1720 2.725 0.242813
1721 2.875 0.245961
1722 2.875 0.248554
1723 2.9 0.228709
1724 2.9 0.217208
1725 2.925 0.23585
1726 2.95 0.234657
1727 2.875 0.229792
1728 3 0.258199
1729 3.1 0.276887
1730 3.125 0.286865
1731 3.1 0.276887
1732 3.25 0.279078
1733 3.125 0.284622
1734 3.125 0.2913
1735 3.125 0.280081
1736 3.125 0.295669
1737 3.225 0.304849
1738 3.2 0.304243
1739 3.125 0.314576
1740 3.225 0.319229
1741 3.25 0.313684
1742 3.2 0.308429
1743 3.2 0.306343
1744 3.3 0.302129
1745 3.275 0.284171
1746 3.225 0.264302
1747 3.125 0.265995
1748 3.175 0.267676
1749 3.2 0.266025
1750 3.375 0.262355
1751 3.35 0.264454
1752 3.325 0.238552
1753 3.325 0.261621
1754 3.4 0.272218
1755 3.325 0.289534
1756 3.4 0.301279
1757 3.425 0.307778
1758 3.45 0.288564
1759 3.5 0.299572
1760 3.55 0.318148
1761 3.725 0.316202
1762 3.375 0.30944
1763 3.275 0.314169
1764 3.2 0.328556
1765 3.2 0.328556
1766 3.25 0.311633
1767 3.1 0.309673
1768 3.025 0.280767
1769 2.95 0.265422
1770 2.85 0.244294
1771 2.925 0.256674
1772 3.025 0.261866
1773 3.075 0.246482
1774 3.1 0.252678
1775 3.05 0.260547
1776 3.025 0.251884
1777 3.05 0.217651
1778 3.05 0.237373
1779 3.025 0.261866
1780 2.95 0.281821
1781 2.95 0.267826
1782 3.075 0.282814
1783 3.225 0.276163
1784 3.225 0.276163
1785 3.275 0.277321
1786 3.2 0.282389
1787 3.2 0.306343
1788 3.15 0.273978
1789 3.125 0.275466
1790 3.175 0.27709
1791 3.225 0.276163
1792 3.175 0.272424
1793 3.125 0.265995
1794 3.075 0.266476
1795 3.1 0.250128
1796 3.05 0.262996
1797 3.025 0.285297
1798 2.975 0.285297
1799 2.975 0.289756
1800 2.9 0.294827
1801 2.95 0.284086
1802 3.025 0.285297
1803 2.95 0.297317
1804 2.95 0.295153
1805 2.85 0.311222
1806 2.825 0.309854
1807 2.95 0.316126
1808 2.925 0.314984
1809 2.9 0.311736
1810 2.825 0.322028
1811 2.85 0.321355
1812 2.8 0.308429
1813 2.725 0.328141
1814 2.825 0.322028
1815 2.8 0.326599
1816 2.7 0.322649
1817 2.75 0.30957
1818 2.7 0.312558
1819 2.85 0.296453
1820 2.8 0.291328
1821 2.725 0.279623
1822 2.725 0.263087
1823 2.8 0.253691
1824 2.675 0.23585
1825 2.7 0.235339
1826 2.775 0.251884
1827 2.825 0.265271
1828 2.875 0.26113
1829 2.925 0.266476
1830 2.85 0.269258
1831 2.9 0.257702
1832 2.925 0.268871
1833 2.875 0.273129
1834 3.025 0.271481
1835 2.925 0.256674
1836 2.775 0.24149
1837 2.75 0.244818
1838 2.825 0.247779
1839 2.875 0.275466
1840 2.9 0.276887
1841 2.9 0.269853
1842 2.8 0.258695
1843 2.775 0.251884
1844 2.775 0.249326
1845 2.65 0.238988
1846 2.675 0.249069
1847 2.7 0.258695
1848 2.725 0.242813
1849 2.825 0.237205
1850 2.675 0.23585
1851 2.775 0.227831
1852 2.75 0.225747
1853 2.825 0.255422
1854 2.85 0.28091
1855 2.775 0.273832
1856 2.825 0.281679
1857 2.75 0.264938
1858 2.85 0.271629
1859 2.875 0.277783
1860 2.8 0.268424
1861 2.8 0.258695
1862 2.725 0.250608
1863 2.725 0.237475
1864 2.825 0.239892
1865 2.725 0.248037
1866 2.7 0.248586
1867 2.825 0.257919
1868 2.775 0.249326
1869 2.9 0.247552
1870 2.875 0.245961
1871 2.925 0.256674
1872 2.825 0.260393
1873 2.8 0.256205
1874 2.6 0.260177
1875 2.525 0.245439
1876 2.575 0.257919
1877 2.6 0.252678
1878 2.5 0.270327
1879 2.525 0.279623
1880 2.375 0.24984
1881 2.375 0.239357
1882 2.275 0.253153
1883 2.35 0.264454
1884 2.325 0.282814
1885 2.35 0.285437
1886 2.35 0.273978
1887 2.5 0.290887
1888 2.25 0.257577
1889 2.2 0.256205
1890 2.15 0.246904
1891 2.225 0.271481
1892 2.3 0.28011
1893 2.4 0.279193
1894 2.425 0.279394
1895 2.325 0.268871
1896 2.375 0.247261
1897 2.4 0.255202
1898 2.375 0.247261
1899 2.4 0.236968
1900 2.325 0.251629
1901 2.275 0.250608
1902 2.275 0.250608
1903 2.425 0.2529
1904 2.475 0.253153
1905 2.55 0.260547
1906 2.575 0.281679
1907 2.525 0.284171
1908 2.5 0.286446
1909 2.525 0.284171
1910 2.525 0.279623
1911 2.6 0.269853
1912 2.575 0.279394
1913 2.525 0.279623
1914 2.6 0.269853
1915 2.675 0.275931
1916 2.725 0.277321
1917 2.625 0.283494
1918 2.625 0.2743
1919 2.5 0.263117
1920 2.575 0.260393
1921 2.525 0.263087
1922 2.625 0.262355
1923 2.525 0.255673
1924 2.575 0.267676
1925 2.65 0.259561
1926 2.5 0.284199
1927 2.625 0.28798
1928 2.5 0.293083
1929 2.5 0.286446
1930 2.525 0.265512
1931 2.6 0.299144
1932 2.55 0.297317
1933 2.625 0.294582
1934 2.7 0.286893
1935 2.6 0.283748
1936 2.55 0.255579
1937 2.55 0.24794
1938 2.45 0.24794
1939 2.425 0.247779
1940 2.475 0.250608
1941 2.475 0.253153
1942 2.425 0.245178
1943 2.425 0.228954
1944 2.475 0.232013
1945 2.525 0.23476
1946 2.375 0.24202
1947 2.425 0.242549
1948 2.375 0.24202
1949 2.425 0.228954
1950 2.45 0.211678
1951 2.55 0.237373
1952 2.575 0.237205
1953 2.575 0.226137
1954 2.575 0.223284
1955 2.625 0.225569
1956 2.6 0.214237
1957 2.575 0.234487
1958 2.525 0.242813
1959 2.6 0.250128
1960 2.5 0.253185
1961 2.65 0.249487
1962 2.675 0.256674
1963 2.625 0.25492
1964 2.625 0.257422
1965 2.6 0.250128
1966 2.675 0.224715
1967 2.725 0.220685
1968 2.7 0.21543
1969 2.7 0.221302
1970 2.7 0.221302
1971 2.7 0.20318
1972 2.725 0.186009
1973 2.7 0.172463
1974 2.675 0.173159
1975 2.775 0.184278
1976 2.8 0.209395
1977 2.8 0.2
1978 2.625 0.201556
1979 2.55 0.189297
1980 2.55 0.17885
1981 2.425 0.195748
1982 2.4 0.192154
1983 2.4 0.205064
1984 2.325 0.212999
1985 2.375 0.210882
1986 2.425 0.198996
1987 2.45 0.208628
1988 2.425 0.208436
1989 2.475 0.208743
1990 2.525 0.202508
1991 2.675 0.221844
1992 2.75 0.225747
1993 2.725 0.220685
1994 2.775 0.2133
1995 2.775 0.200919
1996 2.7 0.212434
1997 2.725 0.242813
1998 2.75 0.25
1999 2.825 0.262843
2000 2.6 0.244949
2001 2.525 0.242813
2002 2.575 0.247779
2003 2.55 0.253058
2004 2.6 0.274563
2005 2.6 0.272218
2006 2.625 0.271953
2007 2.55 0.281821
2008 2.55 0.286334
2009 2.475 0.272659
2010 2.425 0.262843
2011 2.4 0.257702
2012 2.425 0.242549
2013 2.3 0.238048
2014 0.15 0.0843527
2015 0.15 0.0843527
2016 0.15 0.0843527
