0 0 0
1 0.075 0.0421764
2 0.125 0.0529574
3 0.45 0.112944
4 0.875 0.160877
5 1.35 0.173759
6 1.825 0.159677
7 2.3 0.190142
8 3.025 0.236121
9 3.75 0.264938
10 3.875 0.349335
11 4.075 0.362307
12 4.35 0.346318
13 4.7 0.32463
14 4.65 0.32532
15 4.9 0.337411
16 5.125 0.358393
17 4.875 0.360177
18 4.975 0.362483
19 4.775 0.366003
20 4.75 0.380199
21 4.575 0.361421
22 4.525 0.332025
23 4.4 0.299144
24 4.15 0.283182
25 4.15 0.271629
26 4.05 0.290777
27 4 0.295262
28 4.125 0.304217
29 3.975 0.315187
30 3.9 0.294827
31 3.925 0.278244
32 3.825 0.262843
33 3.9 0.269853
34 3.825 0.274767
35 3.675 0.256674
36 3.425 0.265271
37 3.6 0.276887
38 3.5 0.267946
39 3.425 0.260393
40 3.3 0.251151
41 3.025 0.259406
42 2.85 0.244294
43 2.8 0.253691
44 2.75 0.262508
45 2.675 0.238552
46 2.65 0.230801
47 2.575 0.237205
48 2.625 0.24202
49 2.6 0.239658
50 2.55 0.24794
51 2.525 0.242813
52 2.425 0.234487
53 2.3 0.212434
54 2.375 0.2139
55 2.175 0.208436
56 2.15 0.201119
57 2.2 0.21543
58 2.2 0.224179
59 2.05 0.195953
60 1.95 0.199197
61 1.925 0.206892
62 1.875 0.20314
63 1.95 0.229129
64 1.925 0.218935
65 1.95 0.220576
66 1.975 0.207202
67 1.9 0.211224
68 1.975 0.2133
69 1.9 0.223033
70 1.85 0.213488
71 1.775 0.227831
72 1.775 0.24149
73 1.7 0.240725
74 1.625 0.2139
75 1.55 0.217651
76 1.475 0.208743
77 1.425 0.220394
78 1.425 0.217466
79 1.425 0.211489
80 1.325 0.203771
81 1.25 0.178131
82 1.325 0.180411
83 1.35 0.166217
84 1.375 0.166747
85 1.375 0.170548
86 1.275 0.171672
87 1.25 0.163103
88 1.2 0.152753
89 1.2 0.156893
90 1.125 0.164813
91 1.15 0.166217
92 1.125 0.160877
93 1.05 0.159928
94 1.025 0.153954
95 1.025 0.162068
96 1.05 0.175229
97 0.95 0.163887
98 0.925 0.157657
99 0.875 0.1527
100 0.85 0.15
101 0.8 0.152753
102 0.8 0.148497
103 0.725 0.143167
104 0.7 0.148497
105 0.675 0.149304
106 0.675 0.149304
107 0.65 0.145664
108 0.65 0.154214
109 0.7 0.156893
110 0.7 0.156893
111 0.675 0.144947
112 0.6 0.128103
113 0.6 0.122997
114 0.6 0.11767
115 0.6 0.11767
116 0.6 0.11767
117 0.65 0.126845
118 0.625 0.122409
119 0.6 0.122997
120 0.55 0.118484
121 0.525 0.129037
122 0.5 0.129099
123 0.5 0.129099
124 0.475 0.12397
125 0.45 0.118484
126 0.45 0.112944
127 0.425 0.112589
128 0.425 0.100559
129 0.35 0.0916375
130 0.35 0.0916375
131 0.425 0.0939688
132 0.425 0.0868797
133 0.4 0.0862316
134 0.375 0.0853913
135 0.4 0.0862316
136 0.4 0.0862316
137 0.4 0.09337
138 0.375 0.0925944
139 0.325 0.103698
140 0.3 0.0891556
141 0.3 0.0891556
142 0.275 0.0799639
143 0.325 0.0831087
144 0.275 0.0799639
145 0.25 0.0780368
146 0.225 0.0758499
147 0.225 0.0758499
148 0.225 0.0758499
149 0.25 0.0858592
150 0.275 0.0876144
151 0.275 0.0876144
152 0.3 0.0891556
153 0.275 0.0876144
154 0.25 0.0780368
155 0.2 0.0733799
156 0.2 0.0733799
157 0.2 0.0733799
158 0.2 0.0733799
159 0.2 0.0733799
160 0.225 0.0838764
161 0.225 0.0838764
162 0.225 0.0758499
163 0.2 0.0733799
164 0.175 0.0705973
165 0.125 0.063926
166 0.1 0.0480384
167 0.1 0.0480384
168 0.125 0.0529574
169 0.125 0.0529574
170 0.125 0.0529574
171 0.125 0.0529574
172 0.175 0.0608434
173 0.125 0.0529574
174 0.1 0.0480384
175 0.125 0.0529574
176 0.075 0.0421764
177 0.075 0.0421764
178 0.075 0.0421764
179 0.05 0.0348991
180 0.05 0.0348991
181 0.05 0.0348991
182 0.075 0.0421764
183 0.075 0.0421764
184 0.075 0.0421764
185 0.075 0.0421764
186 0.075 0.0421764
187 0.05 0.0348991
188 0.05 0.0348991
189 0.05 0.0348991
190 0.05 0.0348991
191 0.05 0.0348991
192 0.05 0.0348991
193 0.05 0.0348991
194 0.05 0.0348991
195 0.05 0.0348991
196 0.05 0.0348991
197 0.075 0.0421764
198 0.075 0.0421764
199 0.075 0.0421764
200 0.05 0.0348991
201 0.05 0.0348991
202 0.05 0.0348991
203 0.075 0.0421764
204 0.075 0.0421764
205 0.05 0.0348991
206 0.05 0.0348991
207 0.05 0.0348991
208 0.05 0.0348991
209 0.075 0.0421764
210 0.075 0.0421764
211 0.1 0.0480384
212 0.1 0.0480384
213 0.1 0.0480384
214 0.1 0.0480384
215 0.1 0.0480384
216 0.1 0.0480384
217 0.1 0.0480384
218 0.1 0.0480384
219 0.1 0.0480384
220 0.1 0.0480384
221 0.1 0.0480384
222 0.1 0.0480384
223 0.1 0.0480384
224 0.1 0.0480384
225 0.1 0.0480384
226 0.1 0.0480384
227 0.1 0.0480384
228 0.1 0.0480384
229 0.1 0.0480384
230 0.1 0.0480384
231 0.1 0.0480384
232 0.1 0.0480384
233 0.1 0.0480384
234 0.075 0.0421764
235 0.075 0.0421764
236 0.075 0.0421764
237 0.075 0.0421764
238 0.075 0.0421764
239 0.075 0.0421764
240 0.075 0.0421764
241 0.075 0.0421764
242 0.075 0.0421764
243 0.075 0.0421764
244 0.075 0.0421764
245 0.075 0.0421764
246 0.075 0.0421764
247 0.075 0.0421764
248 0.075 0.0421764
249 0.075 0.0421764
250 0.075 0.0421764
251 0.075 0.0421764
252 0.075 0.0421764
253 0.075 0.0421764
254 0.075 0.0421764
255 0.075 0.0421764
256 0.075 0.0421764
257 0.1 0.0480384
258 0.125 0.0529574
259 0.125 0.0529574
260 0.125 0.0529574
261 0.125 0.0529574
262 0.125 0.0529574
263 0.125 0.0529574
264 0.15 0.0571772
265 0.125 0.0529574
266 0.125 0.0529574
267 0.125 0.0529574
268 0.125 0.0529574
269 0.125 0.0529574
270 0.125 0.0529574
271 0.125 0.0529574
272 0.125 0.0529574
273 0.125 0.0529574
274 0.125 0.0529574
275 0.125 0.0529574
276 0.125 0.0529574
277 0.1 0.0480384
278 0.075 0.0421764
279 0.125 0.063926
280 0.125 0.063926
281 0.1 0.0599145
282 0.1 0.0599145
283 0.1 0.0599145
284 0.1 0.0599145
285 0.1 0.0599145
286 0.1 0.0599145
287 0.075 0.0553254
288 0.075 0.0553254
289 0.075 0.0553254
290 0.1 0.0599145
291 0.1 0.0599145
292 0.15 0.0763763
293 0.125 0.0732707
294 0.15 0.0763763
295 0.175 0.0791582
296 0.175 0.0791582
297 0.15 0.0763763
298 0.15 0.0763763
299 0.15 0.0763763
300 0.175 0.0791582
301 0.15 0.0763763
302 0.175 0.0791582
303 0.175 0.0791582
304 0.15 0.0763763
305 0.175 0.0791582
306 0.175 0.0791582
307 0.15 0.0763763
308 0.125 0.0732707
309 0.125 0.0732707
310 0.1 0.0599145
311 0.075 0.0421764
312 0.075 0.0421764
313 0.05 0.0348991
314 0.05 0.0348991
315 0.05 0.0348991
316 0.05 0.0348991
317 0.025 0.025
318 0.075 0.0421764
319 0.075 0.0421764
320 0.05 0.0348991
321 0.05 0.0348991
322 0.025 0.025
323 0.025 0.025
324 0.025 0.025
325 0.025 0.025
326 0.025 0.025
327 0.025 0.025
328 0.025 0.025
329 0.05 0.05
330 0.05 0.05
331 0.05 0.05
332 0.05 0.05
333 0.025 0.025
334 0.025 0.025
335 0.025 0.025
336 0.025 0.025
337 0.025 0.025
338 0.025 0.025
339 0.025 0.025
340 0.025 0.025
341 0.025 0.025
342 0.025 0.025
343 0.05 0.0348991
344 0.05 0.0348991
345 0.025 0.025
346 0.05 0.0348991
347 0.075 0.0421764
348 0.075 0.0421764
349 0.05 0.0348991
350 0.05 0.0348991
351 0.05 0.0348991
352 0.05 0.0348991
353 0.05 0.0348991
354 0.05 0.0348991
355 0.05 0.0348991
356 0.05 0.0348991
357 0.05 0.0348991
358 0.05 0.0348991
359 0.05 0.0348991
360 0.05 0.0348991
361 0.05 0.0348991
362 0.05 0.0348991
363 0.05 0.0348991
364 0.05 0.0348991
365 0.05 0.0348991
366 0.05 0.0348991
367 0.025 0.025
368 0.025 0.025
369 0.025 0.025
370 0.025 0.025
371 0.025 0.025
372 0.025 0.025
373 0.025 0.025
374 0.025 0.025
375 0.025 0.025
376 0.025 0.025
377 0.025 0.025
378 0.025 0.025
379 0.025 0.025
380 0.025 0.025
381 0.025 0.025
382 0.025 0.025
383 0.025 0.025
384 0.025 0.025
385 0.025 0.025
386 0.025 0.025
387 0.025 0.025
388 0.025 0.025
389 0 0
390 0 0
391 0 0
392 0 0
393 0 0
394 0 0
395 0 0
396 0 0
397 0 0
398 0 0
399 0 0
400 0 0
401 0 0
402 0 0
403 0 0
404 0 0
405 0 0
406 0.025 0.025
407 0.025 0.025
408 0.025 0.025
409 0.025 0.025
410 0.025 0.025
411 0.1 0.0480384
412 0.1 0.0480384
413 0.1 0.0480384
414 0.1 0.0480384
415 0.1 0.0480384
416 0.1 0.0480384
417 0.1 0.0480384
418 0.1 0.0480384
419 0.1 0.0480384
420 0.1 0.0480384
421 0.1 0.0480384
422 0.1 0.0480384
423 0.1 0.0480384
424 0.1 0.0480384
425 0.1 0.0480384
426 0.075 0.0421764
427 0.075 0.0421764
428 0.075 0.0421764
429 0.025 0.025
430 0.025 0.025
431 0.025 0.025
432 0.05 0.0348991
433 0.05 0.0348991
434 0.05 0.0348991
435 0.05 0.0348991
436 0.05 0.0348991
437 0.05 0.0348991
438 0.05 0.0348991
439 0.05 0.0348991
440 0.05 0.0348991
441 0.05 0.0348991
442 0.05 0.0348991
443 0.05 0.0348991
444 0.05 0.0348991
445 0.05 0.0348991
446 0.05 0.0348991
447 0.05 0.0348991
448 0.05 0.0348991
449 0.05 0.0348991
450 0.05 0.0348991
451 0.05 0.0348991
452 0.05 0.0348991
453 0.05 0.0348991
454 0.025 0.025
455 0.025 0.025
456 0.025 0.025
457 0 0
458 0 0
459 0 0
460 0 0
461 0.025 0.025
462 0.025 0.025
463 0.025 0.025
464 0.025 0.025
465 0.025 0.025
466 0.025 0.025
467 0.05 0.0348991
468 0.05 0.0348991
469 0.1 0.0480384
470 0.1 0.0480384
471 0.075 0.0421764
472 0.05 0.0348991
473 0.075 0.0421764
474 0.075 0.0421764
475 0.075 0.0421764
476 0.075 0.0421764
477 0.075 0.0421764
478 0.075 0.0421764
479 0.075 0.0421764
480 0.1 0.0480384
481 0.1 0.0480384
482 0.075 0.0421764
483 0.075 0.0421764
484 0.075 0.0421764
485 0.075 0.0421764
486 0.1 0.0480384
487 0.1 0.0480384
488 0.1 0.0480384
489 0.1 0.0480384
490 0.1 0.0480384
491 0.1 0.0480384
492 0.075 0.0421764
493 0.075 0.0421764
494 0.075 0.0421764
495 0.075 0.0421764
496 0.075 0.0421764
497 0.075 0.0421764
498 0.075 0.0421764
499 0.05 0.0348991
500 0.05 0.0348991
501 0.05 0.0348991
502 0.075 0.0421764
503 0.2 0.0733799
504 0.25 0.0780368
505 0.25 0.0780368
506 0.275 0.0876144
507 0.3 0.0891556
508 0.35 0.0916375
509 0.45 0.100957
510 0.475 0.118687
511 0.575 0.133433
512 0.625 0.146268
513 0.625 0.132469
514 0.7 0.119829
515 0.7 0.119829
516 0.65 0.110651
517 0.7 0.125064
518 0.775 0.145389
519 0.85 0.154214
520 0.9 0.167179
521 0.875 0.139539
522 0.925 0.169416
523 0.875 0.172417
524 0.9 0.142325
525 1.025 0.136285
526 1 0.133973
527 1.05 0.128851
528 1.075 0.135814
529 1.075 0.157657
530 1.125 0.160877
531 1.175 0.159677
532 1.25 0.166987
533 1.025 0.158063
534 1.075 0.161672
535 1.025 0.153954
536 1.15 0.17003
537 1.225 0.165976
538 1.2 0.160927
539 1.225 0.165976
540 1.275 0.164034
541 1.25 0.166987
542 1.2 0.176141
543 1.125 0.176095
544 1.125 0.172417
545 1.1 0.17097
546 1.125 0.172417
547 1.075 0.169416
548 1.15 0.173759
549 1.225 0.180766
550 1.325 0.190773
551 1.25 0.178131
552 1.25 0.166987
553 1.275 0.178984
554 1.375 0.170548
555 1.375 0.177906
556 1.325 0.173159
557 1.425 0.189085
558 1.425 0.182179
559 1.45 0.195953
560 1.5 0.175412
561 1.5 0.171718
562 1.5 0.182574
563 1.475 0.178984
564 1.6 0.195461
565 1.55 0.205532
566 1.6 0.205064
567 1.425 0.182179
568 1.45 0.182399
569 1.425 0.182179
570 1.425 0.192445
571 1.4 0.195461
572 1.5 0.189466
573 1.55 0.20239
574 1.575 0.205337
575 1.575 0.214499
576 1.45 0.192654
577 1.5 0.202548
578 1.475 0.199318
579 1.375 0.188406
580 1.375 0.20782
581 1.4 0.214237
582 1.375 0.204712
583 1.325 0.194104
584 1.35 0.173759
585 1.4 0.192154
586 1.35 0.187938
587 1.375 0.191778
588 1.35 0.180987
589 1.325 0.180411
590 1.45 0.189297
591 1.4 0.188788
592 1.525 0.208743
593 1.55 0.214685
594 1.525 0.205649
595 1.55 0.229129
596 1.475 0.245439
597 1.525 0.223571
598 1.45 0.214685
599 1.4 0.201914
600 1.45 0.195953
601 1.475 0.196075
602 1.45 0.195953
603 1.45 0.208628
604 1.3 0.206311
605 1.3 0.190142
606 1.325 0.197379
607 1.325 0.194104
608 1.25 0.211072
609 1.325 0.206892
610 1.325 0.2006
611 1.375 0.20782
612 1.425 0.208436
613 1.6 0.217208
614 1.6 0.225889
615 1.575 0.220394
616 1.55 0.214685
617 1.5 0.214834
618 1.5 0.205688
619 1.5 0.199358
620 1.575 0.192445
621 1.55 0.192654
622 1.525 0.199318
623 1.5 0.199358
624 1.5 0.199358
625 1.425 0.195748
626 1.5 0.199358
627 1.45 0.189297
628 1.5 0.19282
629 1.525 0.178984
630 1.55 0.189297
631 1.55 0.189297
632 1.6 0.178311
633 1.65 0.184495
634 1.6 0.178311
635 1.5 0.171718
636 1.525 0.217761
637 1.525 0.214797
638 1.5 0.205688
639 1.425 0.198996
640 1.425 0.192445
641 1.375 0.177906
642 1.45 0.192654
643 1.525 0.192778
644 1.55 0.192654
645 1.55 0.192654
646 1.55 0.192654
647 1.525 0.205649
648 1.525 0.199318
649 1.475 0.208743
650 1.525 0.217761
651 1.575 0.220394
652 1.675 0.233116
653 1.65 0.236291
654 1.65 0.230801
655 1.7 0.209395
656 1.75 0.204908
657 1.65 0.204281
658 1.6 0.181871
659 1.6 0.167179
660 1.8 0.18674
661 1.8 0.172463
662 1.75 0.166987
663 1.725 0.175366
664 1.8 0.190142
665 1.675 0.190773
666 1.675 0.209968
667 1.625 0.198351
668 1.625 0.181474
669 1.65 0.191318
670 1.675 0.190773
671 1.725 0.189424
672 1.675 0.176822
673 1.675 0.176822
674 1.725 0.171672
675 1.75 0.166987
676 1.775 0.158063
677 1.85 0.162315
678 1.75 0.166987
679 1.75 0.170783
680 1.75 0.170783
681 1.8 0.18674
682 1.725 0.186009
683 1.825 0.192445
684 1.825 0.217466
685 1.75 0.225747
686 1.75 0.217061
687 1.7 0.2
688 1.55 0.199197
689 1.65 0.191318
690 1.6 0.188788
691 1.675 0.197379
692 1.55 0.189297
693 1.65 0.191318
694 1.675 0.194104
695 1.6 0.181871
696 1.625 0.188406
697 1.575 0.182179
698 1.6 0.188788
699 1.425 0.167514
700 1.35 0.173759
701 1.325 0.18393
702 1.4 0.198714
703 1.45 0.205532
704 1.6 0.205064
705 1.65 0.222313
706 1.625 0.198351
707 1.5 0.202548
708 1.45 0.192654
709 1.375 0.191778
710 1.375 0.184972
711 1.45 0.192654
712 1.45 0.192654
713 1.45 0.195953
714 1.425 0.189085
715 1.575 0.198996
716 1.55 0.192654
717 1.525 0.196075
718 1.5 0.196116
719 1.475 0.186009
720 1.425 0.205337
721 1.225 0.200919
722 1.275 0.196075
723 1.25 0.204908
724 1.325 0.197379
725 1.3 0.168705
726 1.175 0.175
727 1.1 0.15525
728 1.175 0.163642
729 1.3 0.172463
730 1.35 0.173759
731 1.375 0.177906
732 1.525 0.178984
733 1.475 0.18253
734 1.35 0.180987
735 1.475 0.18253
736 1.425 0.175
737 1.35 0.173759
738 1.475 0.18253
739 1.475 0.160078
740 1.4 0.167179
741 1.475 0.171672
742 1.5 0.175412
743 1.375 0.158872
744 1.4 0.17097
745 1.35 0.17741
746 1.425 0.167514
747 1.475 0.175366
748 1.425 0.171298
749 1.4 0.178311
750 1.475 0.186009
751 1.45 0.175229
752 1.45 0.175229
753 1.4 0.181871
754 1.5 0.182574
755 1.65 0.201119
756 1.575 0.195748
757 1.475 0.202508
758 1.4 0.178311
759 1.375 0.181474
760 1.325 0.173159
761 1.325 0.165589
762 1.3 0.168705
763 1.3 0.176141
764 1.25 0.181694
765 1.3 0.176141
766 1.325 0.18393
767 1.35 0.173759
768 1.35 0.158316
769 1.35 0.162315
770 1.35 0.166217
771 1.4 0.167179
772 1.45 0.159928
773 1.4 0.159326
774 1.525 0.189424
775 1.5 0.182574
776 1.525 0.18253
777 1.55 0.192654
778 1.575 0.189085
779 1.55 0.189297
780 1.7 0.18674
781 1.775 0.207202
782 1.8 0.206311
783 1.725 0.196075
784 1.8 0.21543
785 1.825 0.242549
786 1.825 0.231737
787 1.975 0.251884
788 1.925 0.259159
789 1.9 0.257702
790 1.95 0.260547
791 1.925 0.261621
792 2.05 0.255579
793 2.075 0.256674
794 2.125 0.245961
795 2.15 0.241656
796 2.15 0.246904
797 2.05 0.242714
798 1.975 0.230628
799 2.025 0.246742
800 1.975 0.230628
801 1.75 0.204908
802 1.85 0.207395
803 1.925 0.206892
804 1.9 0.201914
805 1.9 0.198714
806 2 0.220721
807 1.95 0.211678
808 1.95 0.214685
809 1.95 0.205532
810 1.825 0.205337
811 1.75 0.204908
812 1.675 0.2006
813 1.8 0.212434
814 1.7 0.193484
815 1.6 0.208167
816 1.7 0.20318
817 1.675 0.212999
818 1.625 0.222709
819 1.725 0.205649
820 1.675 0.206892
821 1.7 0.196769
822 1.675 0.190773
823 1.775 0.204085
824 1.725 0.208743
825 1.675 0.197379
826 1.625 0.191778
827 1.5 0.19282
828 1.45 0.18588
829 1.45 0.189297
830 1.525 0.178984
831 1.475 0.164034
832 1.575 0.175
833 1.675 0.180411
834 1.675 0.169416
835 1.6 0.163299
836 1.45 0.171532
837 1.475 0.167896
838 1.45 0.18588
839 1.475 0.178984
840 1.425 0.171298
841 1.425 0.182179
842 1.4 0.174679
843 1.275 0.175366
844 1.325 0.173159
845 1.35 0.184495
846 1.475 0.205649
847 1.475 0.202508
848 1.45 0.182399
849 1.425 0.178625
850 1.4 0.181871
851 1.325 0.18393
852 1.275 0.186009
853 1.325 0.2006
854 1.475 0.192778
855 1.5 0.19282
856 1.525 0.18253
857 1.6 0.192154
858 1.6 0.195461
859 1.6 0.201914
860 1.625 0.210882
861 1.6 0.214237
862 1.65 0.222313
863 1.65 0.219411
864 1.725 0.192778
865 1.6 0.178311
866 1.5 0.182574
867 1.5 0.186052
868 1.475 0.18253
869 1.375 0.170548
870 1.4 0.17097
871 1.45 0.182399
872 1.35 0.173759
873 1.35 0.166217
874 1.35 0.166217
875 1.275 0.156022
876 1.25 0.159124
877 1.225 0.158063
878 1.275 0.156022
879 1.425 0.178625
880 1.35 0.166217
881 1.375 0.166747
882 1.3 0.160927
883 1.325 0.153537
884 1.35 0.162315
885 1.3 0.156893
886 1.3 0.144115
887 1.275 0.147577
888 1.275 0.138617
889 1.325 0.157657
890 1.3 0.164862
891 1.25 0.155043
892 1.3 0.160927
893 1.35 0.162315
894 1.4 0.163299
895 1.325 0.169416
896 1.25 0.170783
897 1.2 0.164862
898 1.2 0.168705
899 1.225 0.162068
900 1.15 0.15
901 1.275 0.160078
902 1.4 0.185362
903 1.525 0.202508
904 1.375 0.177906
905 1.375 0.188406
906 1.35 0.197906
907 1.275 0.189424
908 1.225 0.191108
909 1.375 0.204712
910 1.5 0.182574
911 1.55 0.18588
912 1.5 0.19282
913 1.425 0.175
914 1.5 0.171718
915 1.425 0.163642
916 1.375 0.158872
917 1.325 0.161672
918 1.425 0.185664
919 1.475 0.211792
920 1.425 0.192445
921 1.45 0.192654
922 1.5 0.189466
923 1.375 0.188406
924 1.45 0.171532
925 1.475 0.18253
926 1.325 0.173159
927 1.25 0.188618
928 1.3 0.190142
929 1.25 0.185189
930 1.35 0.201119
931 1.325 0.187382
932 1.25 0.178131
933 1.375 0.184972
934 1.3 0.190142
935 1.325 0.176822
936 1.35 0.17003
937 1.375 0.170548
938 1.425 0.159677
939 1.5 0.160128
940 1.475 0.151858
941 1.45 0.159928
942 1.425 0.163642
943 1.35 0.166217
944 1.35 0.141195
945 1.275 0.138617
946 1.325 0.149304
947 1.35 0.166217
948 1.4 0.181871
949 1.475 0.171672
950 1.375 0.170548
951 1.375 0.181474
952 1.4 0.185362
953 1.425 0.192445
954 1.425 0.178625
955 1.375 0.177906
956 1.525 0.186009
957 1.5 0.189466
958 1.5 0.19282
959 1.425 0.185664
960 1.35 0.173759
961 1.375 0.170548
962 1.15 0.17003
963 1.075 0.157657
964 1.075 0.157657
965 1.1 0.159326
966 1.2 0.176141
967 1.15 0.184495
968 1.25 0.185189
969 1.425 0.202192
970 1.55 0.220576
971 1.55 0.250512
972 1.475 0.250608
973 1.525 0.250608
974 1.525 0.223571
975 1.425 0.211489
976 1.525 0.217761
977 1.5 0.217798
978 1.55 0.223463
979 1.575 0.228954
980 1.6 0.211224
981 1.65 0.207395
982 1.575 0.217466
983 1.6 0.205064
984 1.575 0.195748
985 1.575 0.198996
986 1.575 0.192445
987 1.45 0.18588
988 1.6 0.195461
989 1.625 0.181474
990 1.7 0.2
991 1.6 0.198714
992 1.575 0.208436
993 1.7 0.20318
994 1.65 0.210463
995 1.55 0.17885
996 1.575 0.182179
997 1.7 0.209395
998 1.825 0.211489
999 1.8 0.212434
1000 1.675 0.221844
1001 1.575 0.198996
1002 1.425 0.189085
1003 1.425 0.185664
1004 1.4 0.181871
1005 1.425 0.182179
1006 1.65 0.222313
1007 1.625 0.222709
1008 1.5 0.226455
1009 1.375 0.204712
1010 1.375 0.201556
1011 1.3 0.196769
1012 1.225 0.194434
1013 1.175 0.178625
1014 1.125 0.168658
1015 1.025 0.158063
1016 1 0.156074
1017 0.9 0.137747
1018 0.875 0.134867
1019 0.775 0.126529
1020 0.75 0.132771
1021 0.725 0.138617
1022 0.75 0.1421
1023 0.725 0.143167
1024 0.7 0.144115
1025 0.6 0.122997
1026 0.625 0.127538
1027 0.55 0.128851
1028 0.525 0.12397
1029 0.475 0.113157
1030 0.475 0.113157
1031 0.45 0.112944
1032 0.475 0.113157
1033 0.475 0.113157
1034 0.475 0.113157
1035 0.475 0.113157
1036 0.5 0.113228
1037 0.475 0.113157
1038 0.475 0.113157
1039 0.475 0.113157
1040 0.475 0.113157
1041 0.45 0.112944
1042 0.425 0.112589
1043 0.45 0.112944
1044 0.4 0.106217
1045 0.4 0.106217
1046 0.35 0.0916375
1047 0.325 0.0904937
1048 0.275 0.0799639
1049 0.275 0.0799639
1050 0.25 0.0780368
1051 0.225 0.0758499
1052 0.2 0.0733799
1053 0.2 0.0733799
1054 0.2 0.0733799
1055 0.2 0.0733799
1056 0.175 0.0705973
1057 0.175 0.0705973
1058 0.2 0.0733799
1059 0.2 0.0733799
1060 0.25 0.0858592
1061 0.25 0.0858592
1062 0.25 0.0858592
1063 0.25 0.0858592
1064 0.25 0.0858592
1065 0.25 0.0858592
1066 0.25 0.0858592
1067 0.25 0.0858592
1068 0.275 0.0876144
1069 0.275 0.0876144
1070 0.25 0.0858592
1071 0.25 0.0858592
1072 0.275 0.0876144
1073 0.3 0.0891556
1074 0.3 0.0891556
1075 0.3 0.0891556
1076 0.325 0.0904937
1077 0.3 0.0891556
1078 0.3 0.0891556
1079 0.275 0.0876144
1080 0.25 0.0858592
1081 0.25 0.0858592
1082 0.25 0.0858592
1083 0.25 0.0858592
1084 0.225 0.0838764
1085 0.275 0.0876144
1086 0.275 0.0876144
1087 0.275 0.0876144
1088 0.3 0.0891556
1089 0.275 0.0876144
1090 0.25 0.0858592
1091 0.25 0.0858592
1092 0.25 0.0858592
1093 0.275 0.0876144
1094 0.275 0.0876144
1095 0.275 0.0876144
1096 0.275 0.0876144
1097 0.275 0.0876144
1098 0.275 0.0876144
1099 0.3 0.0960769
1100 0.275 0.0946485
1101 0.25 0.0930261
1102 0.2 0.0816497
1103 0.2 0.0816497
1104 0.225 0.0838764
1105 0.2 0.0816497
1106 0.2 0.0816497
1107 0.2 0.0816497
1108 0.175 0.0705973
1109 0.175 0.0705973
1110 0.175 0.0705973
1111 0.1 0.0599145
1112 0.125 0.063926
1113 0.125 0.063926
1114 0.125 0.063926
1115 0.1 0.0599145
1116 0.125 0.063926
1117 0.1 0.0599145
1118 0.1 0.0599145
1119 0.1 0.0599145
1120 0.075 0.0553254
1121 0.05 0.0348991
1122 0.05 0.0348991
1123 0.05 0.0348991
1124 0.05 0.0348991
1125 0.05 0.0348991
1126 0.05 0.0348991
1127 0.075 0.0421764
1128 0.1 0.0480384
1129 0.1 0.0480384
1130 0.075 0.0421764
1131 0.075 0.0421764
1132 0.05 0.0348991
1133 0.05 0.0348991
1134 0.05 0.0348991
1135 0.05 0.0348991
1136 0.05 0.0348991
1137 0.05 0.0348991
1138 0.1 0.0480384
1139 0.1 0.0480384
1140 0.1 0.0480384
1141 0.075 0.0421764
1142 0.075 0.0421764
1143 0.1 0.0480384
1144 0.1 0.0480384
1145 0.075 0.0421764
1146 0.1 0.0480384
1147 0.1 0.0480384
1148 0.1 0.0480384
1149 0.1 0.0480384
1150 0.1 0.0480384
1151 0.1 0.0480384
1152 0.1 0.0480384
1153 0.1 0.0480384
1154 0.1 0.0480384
1155 0.15 0.0571772
1156 0.15 0.0571772
1157 0.15 0.0571772
1158 0.15 0.0571772
1159 0.1 0.0480384
1160 0.1 0.0480384
1161 0.075 0.0421764
1162 0.075 0.0421764
1163 0.075 0.0421764
1164 0.075 0.0421764
1165 0.075 0.0421764
1166 0.05 0.0348991
1167 0.05 0.0348991
1168 0.025 0.025
1169 0.025 0.025
1170 0.025 0.025
1171 0.025 0.025
1172 0.025 0.025
1173 0.025 0.025
1174 0.025 0.025
1175 0.025 0.025
1176 0.025 0.025
1177 0.025 0.025
1178 0.025 0.025
1179 0.025 0.025
1180 0.025 0.025
1181 0.025 0.025
1182 0.025 0.025
1183 0.025 0.025
1184 0 0
1185 0 0
1186 0 0
1187 0 0
1188 0.025 0.025
1189 0.05 0.0348991
1190 0.025 0.025
1191 0.025 0.025
1192 0.025 0.025
1193 0.025 0.025
1194 0.025 0.025
1195 0.05 0.0348991
1196 0.05 0.0348991
1197 0.05 0.0348991
1198 0.025 0.025
1199 0.025 0.025
1200 0.025 0.025
1201 0.05 0.05
1202 0.05 0.05
1203 0.05 0.05
1204 0.05 0.05
1205 0.05 0.05
1206 0.05 0.05
1207 0.05 0.05
1208 0.05 0.05
1209 0.05 0.05
1210 0.05 0.05
1211 0.05 0.05
1212 0.05 0.05
1213 0.05 0.05
1214 0.05 0.05
1215 0.075 0.0553254
1216 0.075 0.0553254
1217 0.075 0.0553254
1218 0.075 0.0553254
1219 0.075 0.0553254
1220 0.05 0.05
1221 0.05 0.05
1222 0.05 0.05
1223 0.05 0.05
1224 0.05 0.05
1225 0.05 0.05
1226 0.075 0.0553254
1227 0.075 0.0553254
1228 0.075 0.0553254
1229 0.075 0.0553254
1230 0.075 0.0553254
1231 0.05 0.0348991
1232 0.05 0.0348991
1233 0.05 0.0348991
1234 0.05 0.0348991
1235 0.05 0.0348991
1236 0.05 0.0348991
1237 0.05 0.0348991
1238 0.05 0.0348991
1239 0.05 0.0348991
1240 0.05 0.0348991
1241 0.05 0.0348991
1242 0.05 0.0348991
1243 0.05 0.0348991
1244 0.05 0.0348991
1245 0.05 0.0348991
1246 0.05 0.0348991
1247 0.05 0.0348991
1248 0.05 0.0348991
1249 0.05 0.0348991
1250 0.05 0.0348991
1251 0.05 0.0348991
1252 0.05 0.0348991
1253 0.025 0.025
1254 0.025 0.025
1255 0.025 0.025
1256 0.025 0.025
1257 0.025 0.025
1258 0.05 0.0348991
1259 0.05 0.0348991
1260 0.025 0.025
1261 0.025 0.025
1262 0.025 0.025
1263 0.025 0.025
1264 0.025 0.025
1265 0.025 0.025
1266 0.025 0.025
1267 0.025 0.025
1268 0.025 0.025
1269 0 0
1270 0 0
1271 0 0
1272 0 0
1273 0 0
1274 0 0
1275 0 0
1276 0.025 0.025
1277 0.025 0.025
1278 0.025 0.025
1279 0.025 0.025
1280 0.025 0.025
1281 0.025 0.025
1282 0.025 0.025
1283 0.025 0.025
1284 0.025 0.025
1285 0.025 0.025
1286 0.025 0.025
1287 0.025 0.025
1288 0.05 0.0348991
1289 0.05 0.0348991
1290 0.05 0.0348991
1291 0.05 0.0348991
1292 0.05 0.0348991
1293 0.05 0.0348991
1294 0.075 0.0421764
1295 0.075 0.0421764
1296 0.075 0.0421764
1297 0.075 0.0421764
1298 0.075 0.0421764
1299 0.075 0.0421764
1300 0.075 0.0421764
1301 0.075 0.0421764
1302 0.075 0.0421764
1303 0.075 0.0421764
1304 0.075 0.0421764
1305 0.075 0.0421764
1306 0.075 0.0421764
1307 0.075 0.0421764
1308 0.05 0.0348991
1309 0.05 0.0348991
1310 0.05 0.0348991
1311 0.025 0.025
1312 0.025 0.025
1313 0.025 0.025
1314 0.025 0.025
1315 0.025 0.025
1316 0.075 0.0421764
1317 0.075 0.0421764
1318 0.075 0.0421764
1319 0.05 0.0348991
1320 0.05 0.0348991
1321 0.05 0.0348991
1322 0.075 0.0421764
1323 0.1 0.0480384
1324 0.1 0.0480384
1325 0.1 0.0480384
1326 0.1 0.0480384
1327 0.1 0.0480384
1328 0.1 0.0480384
1329 0.1 0.0480384
1330 0.1 0.0480384
1331 0.1 0.0480384
1332 0.1 0.0480384
1333 0.1 0.0480384
1334 0.1 0.0480384
1335 0.1 0.0480384
1336 0.075 0.0421764
1337 0.075 0.0421764
1338 0.075 0.0421764
1339 0.075 0.0421764
1340 0.05 0.0348991
1341 0.05 0.0348991
1342 0.05 0.0348991
1343 0.05 0.0348991
1344 0.05 0.0348991
1345 0.075 0.0421764
1346 0.075 0.0421764
1347 0.075 0.0421764
1348 0.075 0.0421764
1349 0.075 0.0421764
1350 0.075 0.0421764
1351 0.075 0.0421764
1352 0.075 0.0421764
1353 0.075 0.0421764
1354 0.075 0.0421764
1355 0.075 0.0421764
1356 0.075 0.0421764
1357 0.075 0.0421764
1358 0.075 0.0421764
1359 0.075 0.0421764
1360 0.075 0.0421764
1361 0.075 0.0421764
1362 0.1 0.0480384
1363 0.075 0.0421764
1364 0.075 0.0421764
1365 0.075 0.0421764
1366 0.05 0.0348991
1367 0.05 0.0348991
1368 0.05 0.0348991
1369 0.05 0.0348991
1370 0.05 0.0348991
1371 0.05 0.0348991
1372 0.05 0.0348991
1373 0.05 0.0348991
1374 0.05 0.0348991
1375 0.05 0.0348991
1376 0.025 0.025
1377 0.05 0.0348991
1378 0.05 0.0348991
1379 0.05 0.0348991
1380 0.05 0.0348991
1381 0.05 0.0348991
1382 0.025 0.025
1383 0.025 0.025
1384 0.025 0.025
1385 0.025 0.025
1386 0.025 0.025
1387 0.025 0.025
1388 0.025 0.025
1389 0.025 0.025
1390 0.025 0.025
1391 0.025 0.025
1392 0.025 0.025
1393 0.025 0.025
1394 0.025 0.025
1395 0.025 0.025
1396 0.025 0.025
1397 0 0
1398 0 0
1399 0 0
1400 0 0
1401 0 0
1402 0.05 0.0348991
1403 0.025 0.025
1404 0.025 0.025
1405 0.05 0.0348991
1406 0.025 0.025
1407 0 0
1408 0 0
1409 0 0
1410 0 0
1411 0 0
1412 0 0
1413 0 0
1414 0 0
1415 0 0
1416 0 0
1417 0 0
1418 0 0
1419 0 0
1420 0 0
1421 0 0
1422 0 0
1423 0 0
1424 0 0
1425 0 0
1426 0 0
1427 0.025 0.025
1428 0.025 0.025
1429 0.025 0.025
1430 0.025 0.025
1431 0.025 0.025
1432 0.025 0.025
1433 0.025 0.025
1434 0.025 0.025
1435 0.025 0.025
1436 0.05 0.0348991
1437 0.05 0.0348991
1438 0.05 0.0348991
1439 0.05 0.0348991
1440 0.05 0.0348991
1441 0.05 0.0348991
1442 0.05 0.0348991
1443 0.075 0.0421764
1444 0.075 0.0421764
1445 0.05 0.0348991
1446 0.05 0.0348991
1447 0.05 0.0348991
1448 0.05 0.0348991
1449 0.05 0.0348991
1450 0.05 0.0348991
1451 0.05 0.0348991
1452 0.05 0.0348991
1453 0.05 0.0348991
1454 0.05 0.0348991
1455 0.05 0.0348991
1456 0.05 0.0348991
1457 0.075 0.0421764
1458 0.05 0.0348991
1459 0.05 0.0348991
1460 0.05 0.0348991
1461 0.05 0.0348991
1462 0.05 0.0348991
1463 0.05 0.0348991
1464 0.025 0.025
1465 0.025 0.025
1466 0.025 0.025
1467 0.025 0.025
1468 0.025 0.025
1469 0.025 0.025
1470 0.025 0.025
1471 0.05 0.0348991
1472 0.05 0.0348991
1473 0.05 0.0348991
1474 0.05 0.0348991
1475 0.025 0.025
1476 0.025 0.025
1477 0.025 0.025
1478 0.025 0.025
1479 0 0
1480 0 0
1481 0 0
1482 0 0
1483 0 0
1484 0 0
1485 0 0
1486 0 0
1487 0 0
1488 0 0
1489 0 0
1490 0.025 0.025
1491 0.025 0.025
1492 0.025 0.025
1493 0.025 0.025
1494 0.025 0.025
1495 0.025 0.025
1496 0.025 0.025
1497 0.025 0.025
1498 0.025 0.025
1499 0.025 0.025
1500 0.025 0.025
1501 0.025 0.025
1502 0 0
1503 0 0
1504 0 0
1505 0 0
1506 0 0
1507 0 0
1508 0.025 0.025
1509 0.05 0.0348991
1510 0 0
1511 0.025 0.025
1512 0.025 0.025
1513 0.1 0.0480384
1514 0.125 0.0529574
1515 0.15 0.0571772
1516 0.15 0.0571772
1517 0.2 0.0733799
1518 0.325 0.0904937
1519 0.375 0.0992762
1520 0.325 0.0973199
1521 0.475 0.118687
1522 0.525 0.118687
1523 0.475 0.113157
1524 0.425 0.112589
1525 0.475 0.12397
1526 0.525 0.129037
1527 0.55 0.128851
1528 0.625 0.127538
1529 0.725 0.133913
1530 0.775 0.140911
1531 0.775 0.140911
1532 0.75 0.127852
1533 0.825 0.133433
1534 0.9 0.137747
1535 1 0.147631
1536 0.95 0.147414
1537 1.025 0.153954
1538 1.15 0.126845
1539 1.075 0.153537
1540 1.15 0.173759
1541 1.1 0.15525
1542 1.025 0.165976
1543 1.025 0.173529
1544 1.1 0.178311
1545 1.075 0.187382
1546 1.125 0.186697
1547 1.1 0.192154
1548 1.1 0.195461
1549 1.1 0.185362
1550 1.075 0.180411
1551 1.125 0.176095
1552 1.075 0.18393
1553 1.15 0.180987
1554 1.1 0.17097
1555 1.125 0.168658
1556 1.125 0.179699
1557 1.15 0.180987
1558 1.2 0.20318
1559 1.225 0.207202
1560 1.425 0.223284
1561 1.275 0.211792
1562 1.325 0.2006
1563 1.275 0.189424
1564 1.25 0.188618
1565 1.175 0.175
1566 1.15 0.180987
1567 1.1 0.163299
1568 1.15 0.162315
1569 1.275 0.167896
1570 1.225 0.158063
1571 1.25 0.166987
1572 1.2 0.164862
1573 1.15 0.145664
1574 1.175 0.155611
1575 1.15 0.154214
1576 1.225 0.173529
1577 1.25 0.191987
1578 1.125 0.183231
1579 1.175 0.185664
1580 1.175 0.182179
1581 1.275 0.192778
1582 1.3 0.18674
1583 1.35 0.19464
1584 1.325 0.18393
1585 1.275 0.189424
1586 1.275 0.189424
1587 1.125 0.176095
1588 1.25 0.174496
1589 1.25 0.185189
1590 1.25 0.214087
1591 1.25 0.201755
1592 1.2 0.2
1593 1.275 0.186009
1594 1.225 0.173529
1595 1.175 0.171298
1596 1.275 0.156022
1597 1.225 0.180766
1598 1.3 0.193484
1599 1.325 0.187382
1600 1.325 0.187382
1601 1.325 0.190773
1602 1.475 0.18253
1603 1.45 0.18588
1604 1.425 0.175
1605 1.375 0.188406
1606 1.25 0.181694
1607 1.25 0.195297
1608 1.275 0.192778
1609 1.25 0.191987
1610 1.2 0.179743
1611 1.25 0.181694
1612 1.25 0.185189
1613 1.175 0.175
1614 1.2 0.160927
1615 1.275 0.171672
1616 1.25 0.174496
1617 1.25 0.181694
1618 1.35 0.180987
1619 1.275 0.196075
1620 1.275 0.175366
1621 1.225 0.169794
1622 1.2 0.164862
1623 1.2 0.164862
1624 1.275 0.186009
1625 1.3 0.183275
1626 1.375 0.184972
1627 1.3 0.176141
1628 1.25 0.163103
1629 1.2 0.144115
1630 1.325 0.161672
1631 1.375 0.170548
1632 1.325 0.173159
1633 1.375 0.181474
1634 1.375 0.170548
1635 1.3 0.160927
1636 1.35 0.166217
1637 1.275 0.164034
1638 1.325 0.157657
1639 1.275 0.178984
1640 1.175 0.167514
1641 1.225 0.165976
1642 1.325 0.194104
1643 1.425 0.195748
1644 1.475 0.192778
1645 1.45 0.195953
1646 1.5 0.202548
1647 1.425 0.208436
1648 1.45 0.195953
1649 1.35 0.187938
1650 1.3 0.190142
1651 1.4 0.192154
1652 1.45 0.18588
1653 1.55 0.195953
1654 1.55 0.199197
1655 1.525 0.186009
1656 1.4 0.181871
1657 1.375 0.191778
1658 1.475 0.199318
1659 1.325 0.176822
1660 1.4 0.188788
1661 1.3 0.172463
1662 1.4 0.192154
1663 1.425 0.189085
1664 1.525 0.189424
1665 1.6 0.181871
1666 1.575 0.185664
1667 1.6 0.198714
1668 1.625 0.201556
1669 1.55 0.205532
1670 1.475 0.196075
1671 1.45 0.20239
1672 1.4 0.192154
1673 1.45 0.195953
1674 1.475 0.189424
1675 1.4 0.188788
1676 1.525 0.202508
1677 1.35 0.173759
1678 1.35 0.15
1679 1.375 0.162857
1680 1.35 0.158316
1681 1.4 0.14676
1682 1.475 0.143167
1683 1.425 0.159677
1684 1.45 0.17885
1685 1.425 0.171298
1686 1.375 0.162857
1687 1.4 0.159326
1688 1.5 0.179029
1689 1.575 0.175
1690 1.6 0.167179
1691 1.475 0.160078
1692 1.5 0.175412
1693 1.525 0.164034
1694 1.475 0.178984
1695 1.55 0.189297
1696 1.5 0.182574
1697 1.425 0.182179
1698 1.375 0.181474
1699 1.375 0.184972
1700 1.375 0.170548
1701 1.35 0.15
1702 1.425 0.155611
1703 1.35 0.158316
1704 1.4 0.159326
1705 1.4 0.167179
1706 1.4 0.178311
1707 1.35 0.17741
1708 1.275 0.189424
1709 1.325 0.197379
1710 1.3 0.2
1711 1.25 0.201755
1712 1.275 0.202508
1713 1.45 0.20239
1714 1.275 0.175366
1715 1.275 0.192778
1716 1.35 0.187938
1717 1.225 0.194434
1718 1.225 0.177184
1719 1.225 0.173529
1720 1.175 0.159677
1721 1.225 0.173529
1722 1.175 0.167514
1723 1.025 0.165976
1724 1.05 0.171532
1725 1 0.164083
1726 1.05 0.163887
1727 1.025 0.162068
1728 1.05 0.167753
1729 1.05 0.159928
1730 1 0.151911
1731 1.075 0.173159
1732 0.95 0.175229
1733 1.125 0.176095
1734 1.3 0.183275
1735 1.275 0.178984
1736 1.35 0.184495
1737 1.325 0.194104
1738 1.35 0.19464
1739 1.35 0.197906
1740 1.275 0.205649
1741 1.225 0.194434
1742 1.075 0.180411
1743 1.15 0.173759
1744 1.175 0.175
1745 1.175 0.185664
1746 1.175 0.167514
1747 1.1 0.15525
1748 1.175 0.159677
1749 1.125 0.160877
1750 1.25 0.146541
1751 1.35 0.154214
1752 1.2 0.144115
1753 1.175 0.163642
1754 1.1 0.159326
1755 1.125 0.168658
1756 1.125 0.156842
1757 1.2 0.144115
1758 1.225 0.177184
1759 1.225 0.158063
1760 1.225 0.158063
1761 1.225 0.162068
1762 1.1 0.159326
1763 1.075 0.180411
1764 1.075 0.176822
1765 1.025 0.180766
1766 1.025 0.165976
1767 1.075 0.187382
1768 1.05 0.175229
1769 1.125 0.164813
1770 1.175 0.163642
1771 1.1 0.159326
1772 1.175 0.163642
1773 1.125 0.179699
1774 1 0.147631
1775 0.975 0.145389
1776 1.075 0.144947
1777 1.15 0.17003
1778 1.15 0.154214
1779 1.125 0.160877
1780 1.1 0.151065
1781 1.1 0.14676
1782 1.125 0.148443
1783 1.1 0.14676
1784 1 0.147631
1785 1.025 0.145389
1786 1.05 0.147414
1787 1.15 0.15
1788 1.175 0.167514
1789 1.225 0.173529
1790 1.25 0.181694
1791 1.225 0.162068
1792 1.3 0.156893
1793 1.3 0.176141
1794 1.275 0.18253
1795 1.25 0.201755
1796 1.25 0.201755
1797 1.225 0.191108
1798 1.175 0.208436
1799 1.175 0.198996
1800 1.1 0.181871
1801 1.125 0.196728
1802 1.1 0.192154
1803 1.15 0.19464
1804 1.175 0.189085
1805 1.125 0.179699
1806 1.075 0.176822
1807 1.075 0.173159
1808 1.025 0.169794
1809 1.05 0.163887
1810 1.125 0.164813
1811 1.25 0.174496
1812 1.225 0.169794
1813 1.25 0.166987
1814 1.175 0.142719
1815 1.1 0.14676
1816 1.05 0.147414
1817 1.05 0.147414
1818 1.125 0.1527
1819 1.1 0.151065
1820 1.075 0.169416
1821 1.175 0.178625
1822 1.225 0.184278
1823 1.15 0.184495
1824 1.175 0.195748
1825 1.125 0.186697
1826 1.075 0.173159
1827 1.075 0.173159
1828 1.1 0.174679
1829 1.15 0.17741
1830 1.225 0.177184
1831 1.175 0.182179
1832 1.1 0.174679
1833 1.175 0.171298
1834 1.15 0.180987
1835 1.225 0.173529
1836 1.175 0.159677
1837 1.2 0.176141
1838 1.125 0.1527
1839 1.075 0.161672
1840 1.1 0.163299
1841 1.225 0.165976
1842 1.2 0.172463
1843 1.25 0.178131
1844 1.225 0.177184
1845 1.375 0.174266
1846 1.275 0.171672
1847 1.275 0.171672
1848 1.2 0.152753
1849 1.2 0.160927
1850 1.3 0.183275
1851 1.3 0.2
1852 1.225 0.180766
1853 1.3 0.193484
1854 1.275 0.178984
1855 1.3 0.172463
1856 1.225 0.158063
1857 1.25 0.150852
1858 1.375 0.158872
1859 1.425 0.147142
1860 1.325 0.144947
1861 1.325 0.153537
1862 1.45 0.167753
1863 1.4 0.15525
1864 1.35 0.15
1865 1.325 0.161672
1866 1.35 0.162315
1867 1.3 0.172463
1868 1.375 0.195092
1869 1.375 0.204712
1870 1.35 0.19464
1871 1.375 0.191778
1872 1.375 0.198351
1873 1.35 0.187938
1874 1.375 0.184972
1875 1.375 0.181474
1876 1.375 0.177906
1877 1.3 0.179743
1878 1.3 0.176141
1879 1.275 0.186009
1880 1.325 0.197379
1881 1.375 0.184972
1882 1.425 0.198996
1883 1.35 0.187938
1884 1.375 0.184972
1885 1.35 0.187938
1886 1.325 0.18393
1887 1.275 0.202508
1888 1.375 0.201556
1889 1.275 0.196075
1890 1.375 0.2139
1891 1.35 0.228007
1892 1.3 0.2
1893 1.275 0.189424
1894 1.2 0.168705
1895 1.25 0.174496
1896 1.175 0.171298
1897 1.175 0.189085
1898 1.1 0.159326
1899 1.2 0.160927
1900 1.175 0.167514
1901 1.125 0.156842
1902 1.125 0.164813
1903 1.275 0.178984
1904 1.325 0.176822
1905 1.2 0.160927
1906 1.225 0.158063
1907 1.075 0.161672
1908 1.075 0.144947
1909 1.075 0.135814
1910 1.125 0.134867
1911 1.15 0.141195
1912 1.15 0.141195
1913 1.075 0.135814
1914 1.025 0.131498
1915 1 0.138675
1916 1.025 0.145389
1917 1.075 0.140455
1918 1 0.160128
1919 0.975 0.158063
1920 0.95 0.138444
1921 0.925 0.149304
1922 0.9 0.142325
1923 1 0.147631
1924 1 0.151911
1925 1.05 0.138444
1926 1.1 0.142325
1927 1.175 0.138154
1928 1.225 0.145389
1929 1.225 0.140911
1930 1.15 0.145664
1931 1.05 0.147414
1932 1.1 0.137747
1933 1.15 0.145664
1934 1.125 0.14406
1935 1.125 0.14406
1936 1.275 0.160078
1937 1.3 0.164862
1938 1.2 0.164862
1939 1.225 0.165976
1940 1.2 0.176141
1941 1.25 0.201755
1942 1.25 0.208013
1943 1.175 0.185664
1944 1.2 0.172463
1945 1.15 0.180987
1946 1.2 0.183275
1947 1.15 0.17741
1948 1.25 0.178131
1949 1.15 0.166217
1950 1.2 0.172463
1951 1.2 0.190142
1952 1.025 0.162068
1953 1.1 0.167179
1954 1.05 0.155868
1955 1.15 0.17003
1956 1.225 0.187724
1957 1.15 0.17741
1958 1.3 0.196769
1959 1.35 0.191318
1960 1.2 0.209395
1961 1.1 0.188788
1962 1.275 0.202508
1963 1.375 0.20782
1964 1.475 0.202508
1965 1.45 0.192654
1966 1.5 0.199358
1967 1.375 0.219812
1968 1.475 0.196075
1969 1.45 0.18588
1970 1.5 0.179029
1971 1.475 0.186009
1972 1.475 0.18253
1973 1.475 0.167896
1974 1.45 0.163887
1975 1.425 0.167514
1976 1.375 0.177906
1977 1.45 0.195953
1978 1.4 0.195461
1979 1.425 0.198996
1980 1.375 0.191778
1981 1.35 0.184495
1982 1.4 0.167179
1983 1.4 0.17097
1984 1.375 0.150586
1985 1.475 0.156022
1986 1.325 0.153537
1987 1.25 0.163103
1988 1.4 0.192154
1989 1.25 0.195297
1990 1.275 0.202508
1991 1.275 0.196075
1992 1.425 0.189085
1993 1.425 0.189085
1994 1.4 0.205064
1995 1.4 0.208167
1996 1.375 0.210882
1997 1.425 0.202192
1998 1.475 0.189424
1999 1.45 0.167753
2000 1.475 0.171672
2001 1.35 0.162315
2002 1.275 0.167896
2003 1.325 0.157657
2004 1.325 0.161672
2005 1.35 0.173759
2006 1.275 0.143167
2007 1.4 0.159326
2008 1.5 0.143223
2009 1.45 0.1517
2010 1.5 0.164083
2011 1.6 0.163299
2012 1.55 0.167753
2013 1.65 0.17003
2014 0.125 0.0732707
2015 0.125 0.0732707
2016 0.125 0.0732707
