0 0 0
1 0 0
2 0 0
3 0.1 0.0480384
4 0.125 0.0529574
5 0.225 0.0668667
6 0.3 0.0733799
7 0.35 0.0843527
8 0.5 0.113228
9 0.6 0.14676
10 0.85 0.162315
11 1.075 0.176822
12 1.35 0.17741
13 1.6 0.195461
14 1.75 0.208013
15 1.975 0.210273
16 2.075 0.218935
17 2.45 0.229129
18 2.65 0.246904
19 2.95 0.284086
20 3.175 0.292836
21 3.475 0.322227
22 3.7 0.353009
23 3.925 0.349702
24 4.275 0.352623
25 4.45 0.375448
26 4.65 0.383222
27 4.975 0.389753
28 5.15 0.371328
29 5.4 0.375192
30 5.525 0.372083
31 5.675 0.379587
32 5.8 0.372449
33 6.075 0.376195
34 6.275 0.387278
35 6.425 0.404918
36 6.625 0.420146
37 6.675 0.422732
38 6.85 0.412233
39 6.975 0.415235
40 7.025 0.424396
41 7.3 0.43589
42 7.6 0.449786
43 7.65 0.455099
44 7.8 0.4475
45 7.875 0.451759
46 8.05 0.454253
47 8.125 0.453176
48 8.2 0.450356
49 8.25 0.439624
50 8.375 0.443887
51 8.475 0.466833
52 8.65 0.479784
53 8.75 0.485363
54 8.8 0.492508
55 8.925 0.500497
56 9 0.494845
57 9.05 0.493483
58 9.15 0.503259
59 9.225 0.504451
60 9.275 0.515139
61 9.35 0.51708
62 9.425 0.510012
63 9.45 0.513847
64 9.5 0.513909
65 9.55 0.508832
66 9.625 0.507239
67 9.725 0.516382
68 9.75 0.514844
69 9.85 0.512097
70 9.9 0.51366
71 10.025 0.535278
72 10.15 0.54249
73 10.2 0.532531
74 10.25 0.534394
75 10.325 0.537548
76 10.375 0.533118
77 10.425 0.52243
78 10.45 0.527391
79 10.45 0.524954
80 10.6 0.529635
81 10.675 0.529135
82 10.675 0.529135
83 10.7 0.532531
84 10.7 0.532531
85 10.725 0.529861
86 10.825 0.533358
87 10.875 0.526463
88 10.9 0.518627
89 10.95 0.517576
90 11 0.527452
91 11 0.527452
92 11.05 0.527391
93 11.1 0.524771
94 11.15 0.524466
95 11.175 0.533358
96 11.2 0.531326
97 11.3 0.539706
98 11.375 0.537906
99 11.425 0.530949
100 11.45 0.531025
101 11.525 0.520093
102 11.55 0.521278
103 11.6 0.528423
104 11.675 0.542297
105 11.7 0.537325
106 11.7 0.537325
107 11.725 0.537071
108 11.75 0.533193
109 11.75 0.533193
110 11.75 0.533193
111 11.775 0.532877
112 11.875 0.545597
113 11.9 0.547488
114 11.925 0.549344
115 11.95 0.559246
116 11.95 0.559246
117 11.95 0.559246
118 11.975 0.563286
119 12 0.566139
120 12 0.566139
121 12.05 0.57507
122 12.05 0.57507
123 12.075 0.57667
124 12.1 0.576016
125 12.125 0.575334
126 12.15 0.577961
127 12.15 0.577961
128 12.2 0.577572
129 12.25 0.574847
130 12.25 0.574847
131 12.25 0.574847
132 12.275 0.578446
133 12.3 0.581995
134 12.325 0.586589
135 12.35 0.586766
136 12.375 0.590184
137 12.375 0.590184
138 12.4 0.582655
139 12.475 0.593758
140 12.525 0.594836
141 12.525 0.594836
142 12.55 0.596947
143 12.55 0.596947
144 12.6 0.595711
145 12.625 0.594513
146 12.65 0.594365
147 12.65 0.594365
148 12.65 0.594365
149 12.65 0.594365
150 12.65 0.594365
151 12.65 0.594365
152 12.65 0.594365
153 12.675 0.590944
154 12.7 0.591825
155 12.75 0.589165
156 12.775 0.586698
157 12.775 0.586698
158 12.8 0.595065
159 12.8 0.595065
160 12.8 0.595065
161 12.8 0.595065
162 12.8 0.593987
163 12.8 0.593987
164 12.825 0.597953
165 12.875 0.599345
166 12.9 0.596786
167 12.9 0.596786
168 12.9 0.596786
169 12.9 0.596786
170 12.9 0.596786
171 12.9 0.596786
172 12.9 0.596786
173 12.95 0.599091
174 12.975 0.598596
175 12.975 0.598596
176 13.025 0.58779
177 13.025 0.58779
178 13.025 0.58779
179 13.05 0.590469
180 13.05 0.590469
181 13.05 0.590469
182 13.05 0.590469
183 13.05 0.590469
184 13.05 0.590469
185 13.05 0.590469
186 13.05 0.590469
187 13.075 0.589858
188 13.1 0.593555
189 13.1 0.593555
190 13.1 0.593555
191 13.1 0.593555
192 13.1 0.593555
193 13.1 0.593555
194 13.1 0.593555
195 13.1 0.593555
196 13.1 0.593555
197 13.1 0.593555
198 13.1 0.593555
199 13.1 0.593555
200 13.125 0.587462
201 13.125 0.587462
202 13.125 0.587462
203 13.125 0.587462
204 13.125 0.587462
205 13.15 0.584577
206 13.175 0.589315
207 13.175 0.589315
208 13.175 0.589315
209 13.175 0.589315
210 13.175 0.589315
211 13.175 0.589315
212 13.175 0.589315
213 13.175 0.589315
214 13.175 0.589315
215 13.175 0.589315
216 13.175 0.589315
217 13.175 0.589315
218 13.175 0.589315
219 13.175 0.589315
220 13.175 0.589315
221 13.175 0.589315
222 13.175 0.589315
223 13.175 0.589315
224 13.175 0.589315
225 13.175 0.589315
226 13.175 0.589315
227 13.175 0.589315
228 13.175 0.589315
229 13.175 0.589315
230 13.175 0.589315
231 13.175 0.589315
232 13.175 0.589315
233 13.175 0.589315
234 13.2 0.588566
235 13.2 0.588566
236 13.2 0.588566
237 13.2 0.588566
238 13.2 0.588566
239 13.2 0.588566
240 13.2 0.588566
241 13.2 0.588566
242 13.2 0.588566
243 13.2 0.588566
244 13.2 0.588566
245 13.2 0.588566
246 13.2 0.588566
247 13.2 0.588566
248 13.2 0.588566
249 13.2 0.588566
250 13.2 0.588566
251 13.2 0.588566
252 13.2 0.588566
253 13.2 0.588566
254 13.225 0.58779
255 13.225 0.58779
256 13.225 0.58779
257 13.225 0.58779
258 13.225 0.58779
259 13.225 0.58779
260 13.225 0.58779
261 13.225 0.58779
262 13.225 0.58779
263 13.225 0.58779
264 13.225 0.58779
265 13.25 0.5837
266 13.25 0.5837
267 13.25 0.5837
268 13.25 0.5837
269 13.25 0.5837
270 13.25 0.5837
271 13.25 0.5837
272 13.25 0.5837
273 13.25 0.5837
274 13.25 0.5837
275 13.25 0.5837
276 13.25 0.5837
277 13.275 0.577336
278 13.3 0.575348
279 13.3 0.575348
280 13.3 0.575348
281 13.325 0.574442
282 13.325 0.574442
283 13.325 0.574442
284 13.325 0.574442
285 13.325 0.574442
286 13.325 0.574442
287 13.35 0.572388
288 13.35 0.572388
289 13.35 0.572388
290 13.35 0.572388
291 13.35 0.572388
292 13.325 0.573325
293 13.35 0.572388
294 13.35 0.572388
295 13.35 0.572388
296 13.35 0.572388
297 13.375 0.570299
298 13.375 0.570299
299 13.375 0.570299
300 13.35 0.562219
301 13.375 0.570299
302 13.375 0.570299
303 13.375 0.570299
304 13.4 0.567044
305 13.4 0.567044
306 13.4 0.567044
307 13.425 0.563742
308 13.45 0.561534
309 13.45 0.561534
310 13.475 0.556992
311 13.5 0.557007
312 13.5 0.557007
313 13.525 0.553529
314 13.525 0.553529
315 13.525 0.553529
316 13.525 0.553529
317 13.55 0.554642
318 13.525 0.551208
319 13.525 0.551208
320 13.55 0.547664
321 13.55 0.552326
322 13.575 0.551092
323 13.575 0.551092
324 13.575 0.551092
325 13.575 0.551092
326 13.575 0.551092
327 13.575 0.551092
328 13.575 0.551092
329 13.55 0.548833
330 13.55 0.548833
331 13.55 0.548833
332 13.55 0.548833
333 13.575 0.551092
334 13.575 0.551092
335 13.575 0.551092
336 13.575 0.551092
337 13.575 0.551092
338 13.575 0.551092
339 13.575 0.551092
340 13.575 0.551092
341 13.575 0.551092
342 13.575 0.551092
343 13.575 0.545245
344 13.575 0.545245
345 13.6 0.554469
346 13.6 0.554469
347 13.575 0.555725
348 13.575 0.555725
349 13.6 0.554469
350 13.6 0.554469
351 13.6 0.554469
352 13.6 0.554469
353 13.6 0.554469
354 13.6 0.554469
355 13.6 0.554469
356 13.6 0.554469
357 13.6 0.554469
358 13.6 0.554469
359 13.6 0.554469
360 13.6 0.554469
361 13.6 0.554469
362 13.6 0.554469
363 13.6 0.554469
364 13.6 0.554469
365 13.6 0.554469
366 13.6 0.554469
367 13.625 0.558945
368 13.625 0.558945
369 13.625 0.558945
370 13.625 0.558945
371 13.625 0.558945
372 13.625 0.558945
373 13.625 0.558945
374 13.625 0.558945
375 13.625 0.558945
376 13.625 0.558945
377 13.625 0.558945
378 13.625 0.558945
379 13.625 0.558945
380 13.625 0.558945
381 13.625 0.558945
382 13.625 0.558945
383 13.625 0.558945
384 13.625 0.558945
385 13.625 0.558945
386 13.625 0.558945
387 13.625 0.558945
388 13.65 0.569018
389 13.675 0.566577
390 13.675 0.566577
391 13.675 0.566577
392 13.675 0.566577
393 13.675 0.566577
394 13.675 0.566577
395 13.675 0.566577
396 13.675 0.566577
397 13.675 0.566577
398 13.675 0.566577
399 13.675 0.566577
400 13.675 0.566577
401 13.675 0.566577
402 13.675 0.566577
403 13.675 0.566577
404 13.675 0.566577
405 13.675 0.566577
406 13.675 0.566577
407 13.675 0.566577
408 13.675 0.566577
409 13.675 0.566577
410 13.675 0.566577
411 13.625 0.565785
412 13.625 0.565785
413 13.625 0.565785
414 13.625 0.565785
415 13.625 0.565785
416 13.625 0.565785
417 13.625 0.565785
418 13.625 0.565785
419 13.625 0.565785
420 13.625 0.565785
421 13.625 0.565785
422 13.625 0.565785
423 13.625 0.565785
424 13.625 0.565785
425 13.625 0.565785
426 13.65 0.564494
427 13.65 0.564494
428 13.65 0.564494
429 13.675 0.568835
430 13.675 0.568835
431 13.675 0.568835
432 13.675 0.568835
433 13.675 0.568835
434 13.675 0.568835
435 13.675 0.568835
436 13.675 0.568835
437 13.675 0.568835
438 13.675 0.568835
439 13.675 0.568835
440 13.675 0.568835
441 13.675 0.568835
442 13.675 0.568835
443 13.675 0.568835
444 13.675 0.568835
445 13.675 0.568835
446 13.675 0.568835
447 13.675 0.568835
448 13.675 0.568835
449 13.675 0.568835
450 13.675 0.568835
451 13.675 0.568835
452 13.675 0.568835
453 13.675 0.568835
454 13.7 0.566365
455 13.7 0.566365
456 13.7 0.566365
457 13.7 0.566365
458 13.7 0.566365
459 13.7 0.566365
460 13.7 0.566365
461 13.7 0.566365
462 13.7 0.566365
463 13.7 0.566365
464 13.7 0.566365
465 13.7 0.566365
466 13.7 0.566365
467 13.7 0.566365
468 13.7 0.566365
469 13.675 0.56431
470 13.675 0.56431
471 13.7 0.571996
472 13.725 0.580658
473 13.7 0.584194
474 13.7 0.584194
475 13.7 0.584194
476 13.7 0.584194
477 13.7 0.584194
478 13.7 0.584194
479 13.7 0.584194
480 13.725 0.580658
481 13.725 0.580658
482 13.75 0.585892
483 13.75 0.585892
484 13.75 0.585892
485 13.75 0.585892
486 13.75 0.585892
487 13.75 0.585892
488 13.75 0.585892
489 13.75 0.585892
490 13.75 0.585892
491 13.75 0.585892
492 13.775 0.584509
493 13.775 0.584509
494 13.775 0.584509
495 13.775 0.584509
496 13.775 0.584509
497 13.775 0.584509
498 13.775 0.584509
499 13.8 0.586384
500 13.8 0.586384
501 13.8 0.586384
502 13.775 0.584509
503 13.75 0.581499
504 13.7 0.588566
505 13.725 0.586152
506 13.7 0.584194
507 13.7 0.584194
508 13.65 0.588947
509 13.6 0.58704
510 13.6 0.582655
511 13.55 0.593717
512 13.525 0.589423
513 13.55 0.583919
514 13.475 0.585057
515 13.475 0.586152
516 13.525 0.580658
517 13.55 0.581719
518 13.55 0.581719
519 13.475 0.577336
520 13.475 0.585057
521 13.475 0.573996
522 13.425 0.568272
523 13.475 0.561577
524 13.5 0.561591
525 13.45 0.553485
526 13.5 0.533494
527 13.5 0.537086
528 13.5 0.545377
529 13.525 0.539453
530 13.525 0.543006
531 13.5 0.537086
532 13.45 0.547664
533 13.725 0.545362
534 13.725 0.537071
535 13.75 0.535592
536 13.725 0.548877
537 13.675 0.527922
538 13.75 0.518566
539 13.725 0.516382
540 13.725 0.525
541 13.725 0.53107
542 13.775 0.534079
543 13.875 0.533719
544 13.875 0.542061
545 13.875 0.53731
546 13.85 0.534154
547 13.875 0.531311
548 13.925 0.544656
549 13.85 0.534154
550 13.825 0.534559
551 13.95 0.527391
552 13.975 0.532877
553 13.975 0.530466
554 13.875 0.510389
555 13.925 0.523043
556 13.95 0.522506
557 13.9 0.516149
558 13.925 0.529135
559 13.975 0.526828
560 13.95 0.529816
561 13.925 0.53874
562 13.925 0.539928
563 13.95 0.529816
564 13.85 0.526904
565 13.9 0.524771
566 13.875 0.542061
567 14.125 0.550277
568 14.125 0.550277
569 14.175 0.561463
570 14.125 0.56861
571 14.175 0.559175
572 14.175 0.552254
573 14.175 0.538144
574 14.175 0.533358
575 14.225 0.528044
576 14.375 0.514766
577 14.45 0.521278
578 14.475 0.525
579 14.575 0.530949
580 14.625 0.528286
581 14.625 0.512269
582 14.65 0.500705
583 14.675 0.503052
584 14.725 0.501264
585 14.725 0.499984
586 14.725 0.520093
587 14.75 0.530783
588 14.7 0.532531
589 14.775 0.521939
590 14.725 0.510138
591 14.85 0.492963
592 14.775 0.487652
593 14.75 0.487997
594 14.775 0.501903
595 14.725 0.485676
596 14.75 0.478714
597 14.75 0.48404
598 14.825 0.481567
599 14.925 0.480901
600 14.875 0.472565
601 14.875 0.487258
602 14.925 0.480901
603 14.925 0.486204
604 15.075 0.503052
605 15.1 0.49588
606 15.1 0.478781
607 15.125 0.479299
608 15.2 0.489898
609 15.175 0.470798
610 15.15 0.470338
611 15.125 0.476617
612 15.075 0.48356
613 14.95 0.501216
614 14.9 0.507381
615 14.975 0.501903
616 14.975 0.500625
617 15.075 0.501776
618 15.125 0.50024
619 15.125 0.502797
620 15.1 0.491987
621 15.15 0.487734
622 15.175 0.492101
623 15.225 0.49158
624 15.225 0.499343
625 15.325 0.482232
626 15.275 0.485676
627 15.35 0.491661
628 15.225 0.485016
629 15.2 0.484636
630 15.2 0.468495
631 15.2 0.476633
632 15.225 0.481035
633 15.2 0.479316
634 15.225 0.490274
635 15.3 0.510405
636 15.325 0.505594
637 15.35 0.501983
638 15.425 0.502414
639 15.55 0.503768
640 15.575 0.502414
641 15.675 0.520586
642 15.675 0.514392
643 15.7 0.510405
644 15.7 0.515404
645 15.7 0.501536
646 15.725 0.516382
647 15.75 0.521032
648 15.775 0.520709
649 15.825 0.529741
650 15.825 0.526098
651 15.875 0.51787
652 15.8 0.502813
653 15.9 0.490682
654 15.95 0.49478
655 15.975 0.496768
656 15.95 0.490878
657 16.05 0.497365
658 16.075 0.515637
659 16.1 0.516149
660 16.025 0.503179
661 16.175 0.502414
662 16.125 0.52157
663 16.175 0.516258
664 16.125 0.511643
665 16.275 0.507618
666 16.35 0.501983
667 16.35 0.512097
668 16.4 0.508643
669 16.4 0.507381
670 16.375 0.499599
671 16.325 0.50686
672 16.35 0.487734
673 16.325 0.470117
674 16.3 0.485957
675 16.35 0.500705
676 16.425 0.502414
677 16.35 0.531748
678 16.475 0.533479
679 16.45 0.548833
680 16.45 0.560391
681 16.425 0.551092
682 16.525 0.525
683 16.45 0.535831
684 16.525 0.52865
685 16.55 0.539409
686 16.475 0.538263
687 16.45 0.568342
688 16.625 0.577003
689 16.55 0.591554
690 16.55 0.591554
691 16.475 0.579553
692 16.65 0.549534
693 16.6 0.554469
694 16.575 0.545245
695 16.675 0.548176
696 16.625 0.561234
697 16.725 0.560434
698 16.725 0.564991
699 16.875 0.573102
700 16.95 0.571716
701 17.025 0.56669
702 17.05 0.566082
703 17.05 0.571716
704 16.975 0.570074
705 16.925 0.569961
706 16.95 0.563813
707 17 0.559304
708 17.025 0.556417
709 17.125 0.565218
710 17.175 0.568272
711 17.15 0.566761
712 17.175 0.556877
713 17.2 0.556085
714 17.25 0.561306
715 17.225 0.557567
716 17.3 0.540892
717 17.325 0.547005
718 17.375 0.558945
719 17.45 0.55
720 17.475 0.54064
721 17.625 0.536713
722 17.6 0.533253
723 17.65 0.531748
724 17.6 0.523548
725 17.7 0.543257
726 17.825 0.545245
727 17.9 0.543965
728 17.825 0.553413
729 17.7 0.537325
730 17.675 0.531553
731 17.75 0.534394
732 17.725 0.539453
733 17.825 0.532155
734 17.9 0.533253
735 17.825 0.542888
736 17.825 0.551092
737 17.95 0.538219
738 17.875 0.561805
739 17.95 0.555797
740 18.025 0.555263
741 18 0.558156
742 18.025 0.555263
743 18.05 0.542962
744 18.05 0.564948
745 18.15 0.573507
746 18.125 0.565218
747 18.075 0.582201
748 18.15 0.579069
749 18.15 0.571267
750 18.1 0.58813
751 18.125 0.576447
752 18.075 0.584399
753 18.1 0.590306
754 18.075 0.586589
755 17.975 0.58779
756 18.05 0.589383
757 18.175 0.576114
758 18.275 0.571758
759 18.325 0.567707
760 18.35 0.553022
761 18.35 0.537742
762 18.4 0.523548
763 18.425 0.527315
764 18.475 0.525
765 18.4 0.528423
766 18.425 0.532155
767 18.425 0.539334
768 18.5 0.525015
769 18.5 0.533494
770 18.525 0.535876
771 18.5 0.533494
772 18.475 0.538263
773 18.55 0.539409
774 18.55 0.54178
775 18.6 0.545142
776 18.625 0.548527
777 18.675 0.545832
778 18.725 0.548877
779 18.725 0.550044
780 18.65 0.540121
781 18.625 0.557797
782 18.575 0.55457
783 18.675 0.563173
784 18.675 0.556301
785 18.7 0.570874
786 18.75 0.568117
787 18.625 0.563514
788 18.625 0.575891
789 18.675 0.563173
790 18.7 0.568624
791 18.7 0.570874
792 18.65 0.592204
793 18.675 0.598489
794 18.65 0.596518
795 18.625 0.59881
796 18.675 0.60594
797 18.725 0.609737
798 18.8 0.606799
799 18.8 0.603622
800 18.85 0.593285
801 18.975 0.595375
802 18.9 0.596786
803 18.825 0.591486
804 18.825 0.594728
805 18.85 0.563358
806 18.75 0.555566
807 18.775 0.559862
808 18.8 0.567496
809 18.8 0.552616
810 18.925 0.556301
811 19 0.553543
812 19.075 0.574442
813 19 0.581774
814 19.025 0.589967
815 19.15 0.599733
816 19.075 0.593109
817 19.125 0.599345
818 19.15 0.593285
819 19.175 0.586042
820 19.2 0.596141
821 19.225 0.606046
822 19.25 0.611587
823 19.2 0.614149
824 19.25 0.60208
825 19.25 0.609487
826 19.35 0.593285
827 19.475 0.592677
828 19.5 0.600214
829 19.55 0.599091
830 19.575 0.601161
831 19.625 0.59559
832 19.625 0.59559
833 19.6 0.592474
834 19.625 0.577003
835 19.725 0.577336
836 19.825 0.572766
837 19.8 0.575348
838 19.775 0.571197
839 19.825 0.563742
840 19.9 0.579345
841 19.875 0.580879
842 19.9 0.589219
843 20 0.586165
844 20.025 0.585605
845 20.025 0.589967
846 19.975 0.592136
847 19.975 0.58779
848 20 0.578459
849 20.075 0.595267
850 20.125 0.601481
851 20.175 0.592569
852 20.2 0.602559
853 20.175 0.605411
854 20.05 0.607591
855 20.025 0.603927
856 20 0.598074
857 19.95 0.593717
858 19.95 0.589383
859 20.05 0.586111
860 20 0.583974
861 20.025 0.589967
862 20.025 0.602864
863 20.1 0.593555
864 20.025 0.585605
865 20.175 0.594728
866 20.3 0.607855
867 20.35 0.610328
868 20.375 0.611521
869 20.45 0.609697
870 20.4 0.618932
871 20.35 0.623832
872 20.45 0.620122
873 20.475 0.608684
874 20.5 0.612896
875 20.6 0.591391
876 20.575 0.601161
877 20.575 0.605411
878 20.6 0.603197
879 20.475 0.59806
880 20.525 0.614971
881 20.525 0.611836
882 20.65 0.611377
883 20.6 0.607433
884 20.625 0.604139
885 20.675 0.600627
886 20.65 0.587858
887 20.725 0.586152
888 20.725 0.582862
889 20.725 0.589423
890 20.7 0.605742
891 20.75 0.60208
892 20.725 0.595913
893 20.675 0.590944
894 20.65 0.586766
895 20.7 0.587476
896 20.825 0.589315
897 20.9 0.58704
898 20.925 0.568835
899 20.9 0.580451
900 20.975 0.571197
901 20.95 0.572836
902 20.9 0.570425
903 20.875 0.56861
904 20.975 0.557567
905 21.025 0.557567
906 21.025 0.54595
907 21.1 0.534454
908 21.15 0.54367
909 21.05 0.537026
910 21.025 0.530466
911 21 0.545377
912 21.05 0.560391
913 21.125 0.558372
914 21.05 0.556949
915 21.15 0.559934
916 21.275 0.569511
917 21.35 0.564494
918 21.275 0.561577
919 21.225 0.573437
920 21.3 0.568624
921 21.275 0.559289
922 21.225 0.558716
923 21.3 0.564097
924 21.275 0.546536
925 21.275 0.543006
926 21.425 0.51997
927 21.5 0.538278
928 21.5 0.538278
929 21.55 0.547664
930 21.425 0.544068
931 21.475 0.546536
932 21.525 0.553529
933 21.45 0.540596
934 21.55 0.552326
935 21.575 0.56032
936 21.575 0.556877
937 21.55 0.556949
938 21.525 0.564991
939 21.45 0.566082
940 21.475 0.561577
941 21.5 0.586165
942 21.475 0.569511
943 21.55 0.571716
944 21.6 0.580451
945 21.65 0.580175
946 21.65 0.577961
947 21.65 0.58348
948 21.625 0.58143
949 21.6 0.556776
950 21.65 0.553022
951 21.675 0.555148
952 21.65 0.557639
953 21.65 0.557639
954 21.625 0.542652
955 21.675 0.557452
956 21.575 0.54876
957 21.675 0.55051
958 21.7 0.539706
959 21.725 0.54064
960 21.725 0.535876
961 21.7 0.537325
962 21.9 0.53804
963 21.925 0.544656
964 21.95 0.545318
965 21.925 0.532757
966 21.825 0.545245
967 21.875 0.550277
968 21.85 0.548366
969 21.775 0.547122
970 21.775 0.54595
971 21.775 0.559862
972 21.9 0.552152
973 21.875 0.559518
974 21.975 0.56782
975 22.125 0.561805
976 22.075 0.56431
977 22.125 0.55376
978 22.075 0.555148
979 22.075 0.55051
980 22.05 0.556949
981 22.025 0.551789
982 22.125 0.530103
983 22.15 0.538933
984 22.225 0.549461
985 22.2 0.561819
986 22.175 0.576114
987 22.3 0.554931
988 22.25 0.561306
989 22.225 0.577891
990 22.2 0.580892
991 22.275 0.581761
992 22.325 0.58877
993 22.2 0.583095
994 22.25 0.575961
995 22.275 0.579553
996 22.225 0.558716
997 22.1 0.58813
998 22.025 0.593218
999 22.025 0.588879
1000 22.15 0.57685
1001 22.2 0.596141
1002 22.4 0.597859
1003 22.425 0.584947
1004 22.475 0.581761
1005 22.45 0.563813
1006 22.2 0.591825
1007 22.225 0.593218
1008 22.375 0.59559
1009 22.475 0.580658
1010 22.5 0.588348
1011 22.55 0.593717
1012 22.6 0.589219
1013 22.65 0.59112
1014 22.725 0.589423
1015 22.825 0.577225
1016 22.875 0.577558
1017 22.975 0.577891
1018 23.025 0.568948
1019 23.1 0.570425
1020 23.125 0.573102
1021 23.175 0.581651
1022 23.175 0.581651
1023 23.2 0.583095
1024 23.225 0.580106
1025 23.3 0.574233
1026 23.3 0.574233
1027 23.375 0.574777
1028 23.4 0.572668
1029 23.45 0.57507
1030 23.45 0.57507
1031 23.475 0.577336
1032 23.475 0.577336
1033 23.475 0.577336
1034 23.5 0.571772
1035 23.5 0.571772
1036 23.475 0.570636
1037 23.5 0.569525
1038 23.525 0.567256
1039 23.525 0.567256
1040 23.525 0.567256
1041 23.55 0.566082
1042 23.575 0.561463
1043 23.55 0.559246
1044 23.6 0.556776
1045 23.6 0.556776
1046 23.65 0.550699
1047 23.675 0.552834
1048 23.75 0.549767
1049 23.75 0.549767
1050 23.775 0.551789
1051 23.8 0.553775
1052 23.825 0.55457
1053 23.825 0.55457
1054 23.825 0.55457
1055 23.825 0.55457
1056 23.85 0.558788
1057 23.85 0.558788
1058 23.85 0.558788
1059 23.85 0.558788
1060 23.85 0.558788
1061 23.85 0.558788
1062 23.85 0.558788
1063 23.85 0.558788
1064 23.875 0.557222
1065 23.875 0.557222
1066 23.875 0.557222
1067 23.875 0.557222
1068 23.85 0.559934
1069 23.875 0.557222
1070 23.9 0.56022
1071 23.9 0.56022
1072 23.875 0.558372
1073 23.875 0.558372
1074 23.875 0.558372
1075 23.875 0.558372
1076 23.875 0.558372
1077 23.9 0.556776
1078 23.9 0.556776
1079 23.925 0.556301
1080 23.95 0.558099
1081 23.95 0.558099
1082 23.95 0.558099
1083 23.95 0.558099
1084 23.95 0.558099
1085 23.925 0.555148
1086 23.925 0.555148
1087 23.925 0.555148
1088 23.9 0.553312
1089 23.925 0.555148
1090 23.95 0.555797
1091 23.95 0.555797
1092 23.95 0.555797
1093 23.925 0.557452
1094 23.925 0.557452
1095 23.925 0.557452
1096 23.925 0.557452
1097 23.925 0.557452
1098 23.925 0.557452
1099 23.9 0.56022
1100 23.925 0.559748
1101 23.95 0.562674
1102 24 0.559304
1103 24 0.559304
1104 24 0.559304
1105 24.025 0.558716
1106 24.025 0.558716
1107 24.025 0.558716
1108 24.05 0.552326
1109 24.05 0.552326
1110 24.05 0.552326
1111 24.125 0.544421
1112 24.125 0.544421
1113 24.125 0.544421
1114 24.125 0.544421
1115 24.15 0.54249
1116 24.125 0.544421
1117 24.175 0.546419
1118 24.175 0.546419
1119 24.175 0.546419
1120 24.2 0.553775
1121 24.225 0.556417
1122 24.225 0.556417
1123 24.225 0.556417
1124 24.225 0.556417
1125 24.225 0.556417
1126 24.225 0.556417
1127 24.2 0.556085
1128 24.175 0.55457
1129 24.175 0.55457
1130 24.2 0.556085
1131 24.225 0.551789
1132 24.225 0.556417
1133 24.225 0.556417
1134 24.225 0.556417
1135 24.225 0.556417
1136 24.225 0.556417
1137 24.225 0.556417
1138 24.225 0.556417
1139 24.225 0.556417
1140 24.225 0.556417
1141 24.225 0.556417
1142 24.225 0.556417
1143 24.2 0.558386
1144 24.2 0.558386
1145 24.2 0.558386
1146 24.175 0.556877
1147 24.175 0.556877
1148 24.175 0.556877
1149 24.175 0.556877
1150 24.175 0.556877
1151 24.175 0.556877
1152 24.175 0.556877
1153 24.175 0.556877
1154 24.175 0.556877
1155 24.175 0.556877
1156 24.175 0.556877
1157 24.175 0.556877
1158 24.175 0.556877
1159 24.225 0.561006
1160 24.225 0.561006
1161 24.25 0.559017
1162 24.25 0.559017
1163 24.25 0.559017
1164 24.25 0.559017
1165 24.25 0.559017
1166 24.275 0.560434
1167 24.275 0.560434
1168 24.3 0.561819
1169 24.3 0.561819
1170 24.3 0.561819
1171 24.3 0.561819
1172 24.3 0.561819
1173 24.3 0.561819
1174 24.3 0.561819
1175 24.3 0.561819
1176 24.3 0.561819
1177 24.3 0.561819
1178 24.3 0.561819
1179 24.3 0.561819
1180 24.3 0.561819
1181 24.3 0.561819
1182 24.3 0.561819
1183 24.3 0.561819
1184 24.325 0.560892
1185 24.325 0.560892
1186 24.325 0.560892
1187 24.325 0.560892
1188 24.3 0.560677
1189 24.3 0.560677
1190 24.325 0.560892
1191 24.325 0.560892
1192 24.325 0.560892
1193 24.325 0.560892
1194 24.325 0.560892
1195 24.325 0.560892
1196 24.325 0.560892
1197 24.325 0.560892
1198 24.35 0.570144
1199 24.35 0.570144
1200 24.35 0.570144
1201 24.325 0.572206
1202 24.325 0.572206
1203 24.325 0.572206
1204 24.325 0.572206
1205 24.325 0.572206
1206 24.325 0.572206
1207 24.325 0.572206
1208 24.325 0.572206
1209 24.325 0.572206
1210 24.325 0.572206
1211 24.325 0.572206
1212 24.325 0.572206
1213 24.325 0.572206
1214 24.325 0.572206
1215 24.325 0.572206
1216 24.325 0.572206
1217 24.325 0.572206
1218 24.325 0.572206
1219 24.325 0.572206
1220 24.35 0.573507
1221 24.35 0.573507
1222 24.35 0.573507
1223 24.35 0.573507
1224 24.35 0.573507
1225 24.35 0.573507
1226 24.325 0.572206
1227 24.325 0.572206
1228 24.325 0.572206
1229 24.325 0.572206
1230 24.325 0.572206
1231 24.35 0.570144
1232 24.35 0.570144
1233 24.35 0.570144
1234 24.35 0.570144
1235 24.35 0.570144
1236 24.35 0.570144
1237 24.35 0.570144
1238 24.35 0.570144
1239 24.35 0.570144
1240 24.35 0.570144
1241 24.35 0.570144
1242 24.35 0.570144
1243 24.35 0.570144
1244 24.35 0.570144
1245 24.35 0.570144
1246 24.35 0.570144
1247 24.35 0.570144
1248 24.35 0.570144
1249 24.35 0.570144
1250 24.35 0.570144
1251 24.35 0.570144
1252 24.35 0.570144
1253 24.375 0.571421
1254 24.375 0.571421
1255 24.375 0.571421
1256 24.375 0.571421
1257 24.375 0.571421
1258 24.35 0.570144
1259 24.35 0.570144
1260 24.375 0.569173
1261 24.375 0.569173
1262 24.375 0.569173
1263 24.375 0.569173
1264 24.375 0.569173
1265 24.375 0.569173
1266 24.375 0.569173
1267 24.375 0.569173
1268 24.375 0.569173
1269 24.4 0.570425
1270 24.4 0.570425
1271 24.4 0.570425
1272 24.4 0.570425
1273 24.4 0.570425
1274 24.4 0.570425
1275 24.4 0.570425
1276 24.4 0.570425
1277 24.4 0.570425
1278 24.4 0.570425
1279 24.4 0.570425
1280 24.4 0.570425
1281 24.4 0.570425
1282 24.4 0.570425
1283 24.4 0.570425
1284 24.4 0.570425
1285 24.4 0.570425
1286 24.4 0.570425
1287 24.4 0.570425
1288 24.4 0.570425
1289 24.4 0.570425
1290 24.4 0.570425
1291 24.4 0.570425
1292 24.4 0.570425
1293 24.4 0.570425
1294 24.4 0.570425
1295 24.4 0.570425
1296 24.4 0.570425
1297 24.4 0.570425
1298 24.4 0.570425
1299 24.4 0.570425
1300 24.4 0.570425
1301 24.4 0.570425
1302 24.4 0.570425
1303 24.4 0.570425
1304 24.4 0.570425
1305 24.4 0.570425
1306 24.4 0.570425
1307 24.4 0.570425
1308 24.425 0.575
1309 24.425 0.575
1310 24.425 0.575
1311 24.45 0.567213
1312 24.45 0.567213
1313 24.45 0.567213
1314 24.45 0.567213
1315 24.45 0.567213
1316 24.425 0.568272
1317 24.425 0.568272
1318 24.425 0.568272
1319 24.45 0.567213
1320 24.45 0.567213
1321 24.45 0.567213
1322 24.45 0.567213
1323 24.45 0.567213
1324 24.45 0.567213
1325 24.45 0.567213
1326 24.45 0.567213
1327 24.45 0.567213
1328 24.45 0.567213
1329 24.45 0.567213
1330 24.45 0.567213
1331 24.45 0.567213
1332 24.45 0.567213
1333 24.45 0.567213
1334 24.45 0.567213
1335 24.45 0.567213
1336 24.475 0.568384
1337 24.475 0.568384
1338 24.475 0.568384
1339 24.475 0.568384
1340 24.5 0.57065
1341 24.5 0.57065
1342 24.5 0.57065
1343 24.5 0.57065
1344 24.5 0.57065
1345 24.5 0.57065
1346 24.5 0.57065
1347 24.5 0.57065
1348 24.5 0.57065
1349 24.5 0.57065
1350 24.5 0.57065
1351 24.5 0.57065
1352 24.5 0.57065
1353 24.5 0.57065
1354 24.5 0.57065
1355 24.5 0.57065
1356 24.5 0.57065
1357 24.5 0.57065
1358 24.5 0.57065
1359 24.5 0.57065
1360 24.5 0.57065
1361 24.5 0.571772
1362 24.5 0.57401
1363 24.525 0.573996
1364 24.525 0.573996
1365 24.525 0.573996
1366 24.55 0.576183
1367 24.55 0.576183
1368 24.55 0.576183
1369 24.55 0.576183
1370 24.55 0.576183
1371 24.55 0.576183
1372 24.55 0.576183
1373 24.55 0.576183
1374 24.55 0.576183
1375 24.55 0.576183
1376 24.575 0.564877
1377 24.55 0.558099
1378 24.55 0.558099
1379 24.55 0.558099
1380 24.55 0.558099
1381 24.55 0.558099
1382 24.575 0.564877
1383 24.575 0.564877
1384 24.575 0.564877
1385 24.575 0.564877
1386 24.575 0.564877
1387 24.575 0.564877
1388 24.575 0.564877
1389 24.575 0.564877
1390 24.575 0.564877
1391 24.575 0.564877
1392 24.575 0.564877
1393 24.575 0.564877
1394 24.575 0.564877
1395 24.575 0.564877
1396 24.575 0.564877
1397 24.6 0.561363
1398 24.6 0.561363
1399 24.6 0.561363
1400 24.6 0.561363
1401 24.6 0.561363
1402 24.55 0.561534
1403 24.575 0.563742
1404 24.575 0.563742
1405 24.55 0.562674
1406 24.575 0.563742
1407 24.6 0.561363
1408 24.6 0.561363
1409 24.6 0.561363
1410 24.6 0.561363
1411 24.6 0.561363
1412 24.6 0.561363
1413 24.6 0.561363
1414 24.6 0.561363
1415 24.6 0.561363
1416 24.6 0.561363
1417 24.6 0.561363
1418 24.6 0.561363
1419 24.6 0.561363
1420 24.6 0.561363
1421 24.6 0.561363
1422 24.6 0.561363
1423 24.6 0.561363
1424 24.6 0.561363
1425 24.6 0.561363
1426 24.6 0.561363
1427 24.575 0.572766
1428 24.575 0.572766
1429 24.575 0.572766
1430 24.575 0.572766
1431 24.575 0.572766
1432 24.575 0.572766
1433 24.575 0.572766
1434 24.575 0.572766
1435 24.575 0.572766
1436 24.575 0.572766
1437 24.575 0.572766
1438 24.575 0.572766
1439 24.575 0.572766
1440 24.575 0.572766
1441 24.575 0.572766
1442 24.575 0.572766
1443 24.575 0.572766
1444 24.575 0.572766
1445 24.6 0.574902
1446 24.6 0.574902
1447 24.6 0.574902
1448 24.6 0.574902
1449 24.6 0.574902
1450 24.6 0.574902
1451 24.6 0.574902
1452 24.6 0.574902
1453 24.6 0.574902
1454 24.6 0.574902
1455 24.6 0.574902
1456 24.6 0.574902
1457 24.575 0.578335
1458 24.6 0.574902
1459 24.6 0.574902
1460 24.6 0.574902
1461 24.6 0.574902
1462 24.6 0.574902
1463 24.6 0.574902
1464 24.625 0.579221
1465 24.625 0.579221
1466 24.625 0.579221
1467 24.625 0.579221
1468 24.625 0.579221
1469 24.625 0.579221
1470 24.625 0.579221
1471 24.625 0.579221
1472 24.625 0.579221
1473 24.625 0.579221
1474 24.625 0.579221
1475 24.65 0.567891
1476 24.65 0.567891
1477 24.65 0.567891
1478 24.65 0.567891
1479 24.675 0.568835
1480 24.675 0.568835
1481 24.675 0.568835
1482 24.675 0.568835
1483 24.675 0.568835
1484 24.675 0.568835
1485 24.675 0.568835
1486 24.675 0.568835
1487 24.675 0.568835
1488 24.675 0.568835
1489 24.675 0.568835
1490 24.675 0.568835
1491 24.675 0.568835
1492 24.675 0.568835
1493 24.675 0.568835
1494 24.675 0.568835
1495 24.675 0.568835
1496 24.675 0.568835
1497 24.675 0.568835
1498 24.675 0.568835
1499 24.675 0.568835
1500 24.675 0.568835
1501 24.675 0.568835
1502 24.7 0.568624
1503 24.7 0.568624
1504 24.7 0.568624
1505 24.7 0.568624
1506 24.7 0.568624
1507 24.7 0.568624
1508 24.7 0.568624
1509 24.7 0.568624
1510 24.7 0.568624
1511 24.675 0.569961
1512 24.675 0.569961
1513 24.6 0.567044
1514 24.575 0.576114
1515 24.55 0.577295
1516 24.55 0.58282
1517 24.525 0.580658
1518 24.425 0.572766
1519 24.375 0.566916
1520 24.425 0.571646
1521 24.35 0.569018
1522 24.3 0.573116
1523 24.35 0.566761
1524 24.4 0.565912
1525 24.375 0.56465
1526 24.325 0.545832
1527 24.35 0.54249
1528 24.275 0.553529
1529 24.2 0.545612
1530 24.15 0.54367
1531 24.15 0.54249
1532 24.15 0.540121
1533 24.1 0.53205
1534 24.025 0.526828
1535 23.975 0.529256
1536 24 0.533494
1537 23.95 0.53223
1538 23.85 0.536549
1539 23.925 0.520586
1540 23.875 0.519106
1541 23.9 0.528423
1542 23.975 0.520709
1543 24 0.531085
1544 23.925 0.514392
1545 23.95 0.508832
1546 23.925 0.501776
1547 23.95 0.499936
1548 23.95 0.506306
1549 23.95 0.503768
1550 24 0.497429
1551 23.925 0.508123
1552 23.95 0.497365
1553 23.875 0.506607
1554 23.925 0.520586
1555 23.9 0.524771
1556 23.9 0.530844
1557 23.875 0.526463
1558 23.825 0.530949
1559 23.825 0.528529
1560 23.65 0.536549
1561 23.8 0.539706
1562 23.725 0.566124
1563 23.775 0.565558
1564 23.775 0.540047
1565 23.825 0.54876
1566 23.825 0.551092
1567 23.85 0.54249
1568 23.8 0.546785
1569 23.7 0.543257
1570 23.75 0.523487
1571 23.725 0.518859
1572 23.8 0.527695
1573 23.85 0.54367
1574 23.85 0.531748
1575 23.875 0.536116
1576 23.8 0.542076
1577 23.8 0.542076
1578 23.9 0.545142
1579 23.875 0.566351
1580 23.9 0.570425
1581 23.8 0.587476
1582 23.825 0.579442
1583 23.8 0.578681
1584 23.85 0.567891
1585 23.875 0.57086
1586 23.85 0.570144
1587 23.975 0.56782
1588 23.85 0.573507
1589 23.85 0.575738
1590 23.85 0.57685
1591 23.85 0.565629
1592 23.9 0.570425
1593 23.825 0.558027
1594 23.85 0.548366
1595 23.9 0.555624
1596 23.85 0.541307
1597 23.9 0.554469
1598 23.825 0.571646
1599 23.8 0.565232
1600 23.8 0.553775
1601 23.825 0.527315
1602 23.675 0.535158
1603 23.7 0.567496
1604 23.75 0.557869
1605 23.775 0.559862
1606 23.9 0.53923
1607 23.925 0.539928
1608 23.9 0.530844
1609 23.925 0.529135
1610 23.975 0.509509
1611 23.925 0.50686
1612 23.925 0.492752
1613 24.025 0.500625
1614 24.025 0.519476
1615 23.925 0.505594
1616 23.95 0.508832
1617 23.925 0.513145
1618 23.85 0.513347
1619 23.95 0.508832
1620 23.95 0.498652
1621 24.025 0.492882
1622 24.05 0.493483
1623 24 0.489636
1624 23.975 0.500625
1625 23.95 0.502494
1626 23.925 0.518117
1627 24.025 0.513269
1628 24.075 0.519353
1629 24.1 0.51241
1630 24 0.531085
1631 23.925 0.536355
1632 23.925 0.535158
1633 23.875 0.532516
1634 23.875 0.527679
1635 23.925 0.526707
1636 23.975 0.531673
1637 23.95 0.521278
1638 23.925 0.508123
1639 23.975 0.514517
1640 24.05 0.522506
1641 24.025 0.513269
1642 23.925 0.491449
1643 23.875 0.489882
1644 23.825 0.478898
1645 23.825 0.490797
1646 23.775 0.501903
1647 23.85 0.504531
1648 23.825 0.493402
1649 23.85 0.500705
1650 23.9 0.501025
1651 23.875 0.50024
1652 23.775 0.496768
1653 23.675 0.490143
1654 23.725 0.506354
1655 23.75 0.507318
1656 23.875 0.497671
1657 23.9 0.509902
1658 23.875 0.50407
1659 23.975 0.504451
1660 23.9 0.489374
1661 24.025 0.499343
1662 23.95 0.511346
1663 23.95 0.513847
1664 23.825 0.515015
1665 23.775 0.504451
1666 23.775 0.506986
1667 23.725 0.496123
1668 23.7 0.498973
1669 23.8 0.500256
1670 23.9 0.486747
1671 23.925 0.476886
1672 23.975 0.475674
1673 23.925 0.48356
1674 23.875 0.491188
1675 23.95 0.505039
1676 23.825 0.489489
1677 23.95 0.505039
1678 23.925 0.50686
1679 23.9 0.489374
1680 23.9 0.490682
1681 23.875 0.50152
1682 23.85 0.507065
1683 23.875 0.51787
1684 23.875 0.530103
1685 23.925 0.525488
1686 23.975 0.534079
1687 23.975 0.528044
1688 23.875 0.536116
1689 23.825 0.526098
1690 23.825 0.518736
1691 23.925 0.521816
1692 23.9 0.514906
1693 23.875 0.506607
1694 23.875 0.506607
1695 23.8 0.528908
1696 23.85 0.531748
1697 23.925 0.523043
1698 23.975 0.528044
1699 23.975 0.520709
1700 23.975 0.510766
1701 23.95 0.518813
1702 23.85 0.498138
1703 23.925 0.495347
1704 23.875 0.50024
1705 23.875 0.525244
1706 23.85 0.54367
1707 23.95 0.537026
1708 23.975 0.536474
1709 23.975 0.537668
1710 24 0.539468
1711 24.05 0.539409
1712 24.075 0.53874
1713 23.925 0.55051
1714 24.025 0.538859
1715 24.075 0.53874
1716 24.025 0.534079
1717 24.125 0.532516
1718 24.1 0.519862
1719 24.075 0.523043
1720 24.125 0.534919
1721 24.075 0.544656
1722 24.125 0.549111
1723 24.2 0.547957
1724 24.175 0.539334
1725 24.225 0.542416
1726 24.175 0.544068
1727 24.225 0.537668
1728 24.25 0.512348
1729 24.25 0.531989
1730 24.3 0.551455
1731 24.2 0.559533
1732 24.3 0.573116
1733 24.175 0.561463
1734 24.05 0.571716
1735 24.075 0.568835
1736 24 0.57065
1737 24.075 0.585495
1738 24.075 0.578889
1739 24.15 0.572388
1740 24.2 0.586384
1741 24.225 0.586698
1742 24.375 0.593434
1743 24.3 0.579788
1744 24.275 0.579553
1745 24.25 0.571492
1746 24.25 0.561306
1747 24.325 0.572206
1748 24.25 0.564721
1749 24.3 0.56975
1750 24.175 0.564877
1751 24.15 0.569018
1752 24.275 0.564991
1753 24.275 0.556992
1754 24.3 0.568624
1755 24.3 0.564097
1756 24.275 0.563855
1757 24.225 0.56669
1758 24.225 0.577891
1759 24.175 0.568272
1760 24.15 0.573507
1761 24.125 0.571982
1762 24.275 0.560434
1763 24.3 0.564097
1764 24.275 0.560434
1765 24.35 0.563358
1766 24.375 0.556647
1767 24.4 0.552152
1768 24.425 0.559175
1769 24.4 0.556776
1770 24.375 0.547357
1771 24.425 0.55457
1772 24.35 0.551862
1773 24.375 0.557797
1774 24.5 0.545377
1775 24.525 0.545362
1776 24.45 0.53223
1777 24.4 0.534454
1778 24.425 0.549927
1779 24.45 0.54178
1780 24.475 0.538263
1781 24.5 0.533494
1782 24.475 0.543006
1783 24.45 0.538219
1784 24.55 0.534634
1785 24.55 0.544141
1786 24.575 0.551092
1787 24.475 0.537071
1788 24.45 0.539409
1789 24.4 0.555624
1790 24.375 0.555494
1791 24.375 0.549694
1792 24.325 0.555148
1793 24.325 0.553992
1794 24.35 0.559934
1795 24.35 0.548366
1796 24.35 0.548366
1797 24.35 0.549534
1798 24.3 0.565232
1799 24.325 0.566577
1800 24.425 0.562603
1801 24.4 0.579345
1802 24.425 0.580547
1803 24.35 0.581278
1804 24.375 0.585823
1805 24.45 0.589383
1806 24.525 0.587244
1807 24.55 0.554642
1808 24.575 0.561463
1809 24.55 0.560391
1810 24.525 0.568384
1811 24.475 0.560434
1812 24.5 0.565005
1813 24.5 0.553543
1814 24.6 0.553312
1815 24.675 0.566577
1816 24.7 0.570874
1817 24.7 0.577572
1818 24.7 0.589654
1819 24.75 0.581499
1820 24.825 0.588226
1821 24.75 0.581499
1822 24.725 0.58396
1823 24.75 0.575961
1824 24.725 0.578446
1825 24.8 0.56975
1826 24.85 0.567891
1827 24.9 0.568173
1828 24.825 0.562603
1829 24.775 0.56669
1830 24.7 0.566365
1831 24.75 0.568117
1832 24.85 0.566761
1833 24.775 0.573437
1834 24.725 0.577336
1835 24.65 0.575738
1836 24.675 0.573325
1837 24.675 0.571085
1838 24.7 0.543257
1839 24.8 0.556085
1840 24.775 0.56669
1841 24.725 0.55584
1842 24.725 0.569511
1843 24.725 0.558142
1844 24.775 0.55295
1845 24.65 0.571267
1846 24.7 0.561819
1847 24.675 0.566577
1848 24.725 0.564991
1849 24.775 0.55295
1850 24.65 0.564494
1851 24.65 0.565629
1852 24.725 0.563855
1853 24.675 0.562033
1854 24.7 0.558386
1855 24.7 0.561819
1856 24.775 0.56782
1857 24.775 0.555263
1858 24.675 0.558601
1859 24.625 0.571421
1860 24.7 0.576461
1861 24.725 0.576225
1862 24.65 0.594365
1863 24.675 0.579995
1864 24.7 0.577572
1865 24.75 0.585892
1866 24.675 0.569961
1867 24.7 0.568624
1868 24.625 0.566916
1869 24.625 0.571421
1870 24.65 0.572388
1871 24.6 0.571548
1872 24.6 0.576016
1873 24.6 0.572668
1874 24.6 0.565912
1875 24.65 0.551862
1876 24.625 0.560091
1877 24.65 0.572388
1878 24.65 0.540121
1879 24.675 0.535158
1880 24.65 0.557639
1881 24.575 0.561463
1882 24.55 0.556949
1883 24.575 0.56032
1884 24.55 0.552326
1885 24.575 0.558027
1886 24.65 0.563358
1887 24.65 0.572388
1888 24.575 0.559175
1889 24.675 0.552834
1890 24.575 0.549927
1891 24.575 0.562603
1892 24.575 0.577225
1893 24.65 0.575738
1894 24.725 0.567256
1895 24.675 0.566577
1896 24.7 0.551455
1897 24.7 0.558386
1898 24.775 0.550626
1899 24.7 0.551455
1900 24.7 0.557237
1901 24.725 0.54064
1902 24.725 0.544185
1903 24.6 0.541603
1904 24.55 0.535831
1905 24.625 0.536713
1906 24.6 0.536847
1907 24.725 0.537071
1908 24.75 0.553254
1909 24.775 0.547122
1910 24.725 0.537071
1911 24.7 0.538516
1912 24.725 0.547708
1913 24.8 0.533734
1914 24.85 0.535353
1915 24.85 0.54367
1916 24.85 0.536549
1917 24.825 0.535757
1918 24.925 0.548176
1919 24.95 0.553485
1920 25 0.553543
1921 25.025 0.544774
1922 25.075 0.541114
1923 24.975 0.551789
1924 25 0.552384
1925 24.975 0.554108
1926 24.95 0.555797
1927 24.85 0.541307
1928 24.775 0.541233
1929 24.75 0.541543
1930 24.875 0.544421
1931 24.95 0.539409
1932 24.925 0.542297
1933 24.925 0.549344
1934 24.925 0.551673
1935 24.925 0.562033
1936 24.85 0.558788
1937 24.825 0.553413
1938 24.925 0.557452
1939 24.925 0.559748
1940 24.9 0.574902
1941 24.85 0.585673
1942 24.825 0.569399
1943 24.9 0.56022
1944 24.875 0.55144
1945 24.925 0.560892
1946 24.875 0.564083
1947 24.925 0.558601
1948 24.85 0.570144
1949 24.9 0.556776
1950 24.85 0.55418
1951 24.875 0.556071
1952 25.075 0.541114
1953 25.025 0.537668
1954 25.05 0.538219
1955 25 0.528665
1956 24.95 0.518813
1957 25 0.522568
1958 24.825 0.527315
1959 24.775 0.559862
1960 24.95 0.555797
1961 25.025 0.561006
1962 24.875 0.57086
1963 24.775 0.577891
1964 24.7 0.578681
1965 24.675 0.573325
1966 24.6 0.5693
1967 24.725 0.575111
1968 24.675 0.56431
1969 24.65 0.559934
1970 24.625 0.558945
1971 24.675 0.565445
1972 24.65 0.565629
1973 24.65 0.565629
1974 24.675 0.568835
1975 24.65 0.557639
1976 24.675 0.566577
1977 24.625 0.584728
1978 24.775 0.584509
1979 24.775 0.582311
1980 24.8 0.578681
1981 24.825 0.578335
1982 24.8 0.579788
1983 24.825 0.571646
1984 24.775 0.565558
1985 24.7 0.56975
1986 24.85 0.572388
1987 24.9 0.565912
1988 24.85 0.573507
1989 24.975 0.568948
1990 24.95 0.563813
1991 24.925 0.560892
1992 24.8 0.558386
1993 24.775 0.55295
1994 24.775 0.534079
1995 24.8 0.530119
1996 24.825 0.55457
1997 24.75 0.545083
1998 24.775 0.554108
1999 24.8 0.559533
2000 24.775 0.542416
2001 24.875 0.546771
2002 24.925 0.549344
2003 24.875 0.559518
2004 24.875 0.55144
2005 24.85 0.547196
2006 24.9 0.525991
2007 24.775 0.534079
2008 24.7 0.547957
2009 24.75 0.555566
2010 24.7 0.538516
2011 24.675 0.547005
2012 24.725 0.541824
2013 24.65 0.54367
2014 2.725 1.31996
2015 2.725 1.31996
2016 2.725 1.31996
