0 0 0
1 0 0
2 0 0
3 0 0
4 0 0
5 0 0
6 0 0
7 0 0
8 0 0
9 0.025 0.025
10 0.05 0.0348991
11 0.05 0.0348991
12 0.1 0.0480384
13 0.1 0.0480384
14 0.1 0.0480384
15 0.125 0.0529574
16 0.15 0.0571772
17 0.225 0.0668667
18 0.325 0.0831087
19 0.35 0.0916375
20 0.375 0.0925944
21 0.4 0.1
22 0.4 0.1
23 0.4 0.1
24 0.4 0.1
25 0.4 0.1
26 0.45 0.107118
27 0.475 0.107343
28 0.525 0.113157
29 0.575 0.112589
30 0.625 0.122409
31 0.65 0.131802
32 0.7 0.144115
33 0.8 0.139596
34 0.8 0.139596
35 0.875 0.1527
36 0.925 0.161672
37 0.975 0.173529
38 1.05 0.18588
39 1.1 0.192154
40 1.1 0.192154
41 1.1 0.192154
42 1.1 0.192154
43 1.15 0.187938
44 1.175 0.185664
45 1.2 0.183275
46 1.275 0.186009
47 1.275 0.186009
48 1.325 0.18393
49 1.325 0.18393
50 1.35 0.184495
51 1.4 0.188788
52 1.425 0.189085
53 1.45 0.18588
54 1.5 0.189466
55 1.525 0.186009
56 1.6 0.185362
57 1.65 0.191318
58 1.7 0.196769
59 1.725 0.196075
60 1.8 0.209395
61 1.85 0.219411
62 1.925 0.215988
63 1.925 0.215988
64 1.925 0.215988
65 1.95 0.220576
66 2.05 0.23191
67 2.075 0.233116
68 2.125 0.243341
69 2.125 0.243341
70 2.125 0.243341
71 2.175 0.245178
72 2.175 0.245178
73 2.3 0.245994
74 2.4 0.244949
75 2.475 0.253153
76 2.525 0.250608
77 2.55 0.250512
78 2.55 0.250512
79 2.575 0.247779
80 2.6 0.250128
81 2.625 0.252392
82 2.75 0.247423
83 2.775 0.246742
84 2.8 0.243374
85 2.8 0.243374
86 2.875 0.232565
87 2.875 0.232565
88 2.95 0.240059
89 3 0.25064
90 3 0.25064
91 3 0.25064
92 3.025 0.251884
93 3.025 0.251884
94 3.025 0.246742
95 3.025 0.246742
96 3.05 0.242714
97 3.075 0.246482
98 3.075 0.246482
99 3.1 0.244949
100 3.125 0.243341
101 3.175 0.242549
102 3.225 0.238821
103 3.225 0.238821
104 3.25 0.239524
105 3.3 0.235339
106 3.3 0.235339
107 3.325 0.23585
108 3.35 0.238988
109 3.425 0.239892
110 3.425 0.239892
111 3.425 0.239892
112 3.425 0.239892
113 3.45 0.237373
114 3.45 0.237373
115 3.45 0.237373
116 3.45 0.237373
117 3.45 0.237373
118 3.475 0.240159
119 3.5 0.242846
120 3.525 0.240159
121 3.55 0.240059
122 3.575 0.237205
123 3.65 0.230801
124 3.65 0.230801
125 3.65 0.230801
126 3.675 0.23035
127 3.675 0.23035
128 3.675 0.23035
129 3.675 0.23035
130 3.675 0.23035
131 3.7 0.2326
132 3.75 0.231356
133 3.775 0.230628
134 3.8 0.227021
135 3.8 0.227021
136 3.825 0.228954
137 3.85 0.230801
138 3.85 0.230801
139 3.85 0.230801
140 3.85 0.230801
141 3.875 0.238014
142 3.875 0.238014
143 3.875 0.238014
144 3.9 0.242318
145 3.925 0.243867
146 3.925 0.243867
147 3.95 0.242714
148 3.975 0.246742
149 4.025 0.251884
150 4.05 0.24794
151 4.075 0.241224
152 4.075 0.241224
153 4.1 0.236968
154 4.1 0.236968
155 4.125 0.235305
156 4.225 0.246742
157 4.2 0.238048
158 4.225 0.236121
159 4.225 0.236121
160 4.275 0.245439
161 4.275 0.245439
162 4.275 0.245439
163 4.35 0.257079
164 4.35 0.257079
165 4.35 0.257079
166 4.35 0.257079
167 4.35 0.257079
168 4.4 0.255202
169 4.4 0.255202
170 4.4 0.255202
171 4.425 0.2529
172 4.425 0.2529
173 4.475 0.255673
174 4.475 0.255673
175 4.475 0.255673
176 4.475 0.255673
177 4.5 0.255704
178 4.5 0.255704
179 4.5 0.255704
180 4.5 0.255704
181 4.5 0.255704
182 4.5 0.255704
183 4.5 0.255704
184 4.5 0.255704
185 4.525 0.260639
186 4.55 0.262996
187 4.525 0.265512
188 4.525 0.265512
189 4.575 0.267676
190 4.575 0.267676
191 4.6 0.267467
192 4.6 0.267467
193 4.6 0.267467
194 4.65 0.269258
195 4.65 0.269258
196 4.65 0.269258
197 4.65 0.269258
198 4.675 0.268871
199 4.675 0.268871
200 4.7 0.273158
201 4.725 0.284171
202 4.725 0.284171
203 4.75 0.288119
204 4.75 0.288119
205 4.775 0.289756
206 4.8 0.291328
207 4.8 0.291328
208 4.8 0.291328
209 4.8 0.291328
210 4.8 0.291328
211 4.8 0.291328
212 4.8 0.291328
213 4.8 0.291328
214 4.825 0.288425
215 4.85 0.292097
216 4.85 0.292097
217 4.85 0.292097
218 4.85 0.292097
219 4.85 0.292097
220 4.85 0.292097
221 4.85 0.292097
222 4.875 0.289091
223 4.875 0.289091
224 4.875 0.289091
225 4.9 0.294827
226 4.9 0.294827
227 4.9 0.294827
228 4.9 0.294827
229 4.9 0.294827
230 4.9 0.294827
231 4.9 0.294827
232 4.9 0.294827
233 4.9 0.294827
234 4.9 0.294827
235 4.9 0.294827
236 4.9 0.294827
237 4.9 0.294827
238 4.9 0.294827
239 4.925 0.296102
240 4.95 0.295153
241 4.975 0.298474
242 4.975 0.298474
243 4.975 0.298474
244 5 0.295262
245 5.05 0.292973
246 5.05 0.292973
247 5.05 0.292973
248 5.05 0.292973
249 5.075 0.29174
250 5.075 0.29174
251 5.075 0.29174
252 5.075 0.29174
253 5.075 0.29174
254 5.1 0.294827
255 5.075 0.3004
256 5.075 0.3004
257 5.1 0.301279
258 5.1 0.301279
259 5.125 0.308403
260 5.125 0.308403
261 5.125 0.308403
262 5.15 0.30498
263 5.15 0.30498
264 5.15 0.30498
265 5.175 0.303584
266 5.2 0.308429
267 5.225 0.317214
268 5.25 0.319756
269 5.25 0.319756
270 5.25 0.319756
271 5.25 0.319756
272 5.275 0.320231
273 5.275 0.320231
274 5.275 0.320231
275 5.3 0.322649
276 5.3 0.322649
277 5.3 0.322649
278 5.3 0.322649
279 5.3 0.322649
280 5.3 0.322649
281 5.3 0.322649
282 5.3 0.322649
283 5.3 0.322649
284 5.35 0.317341
285 5.375 0.315594
286 5.375 0.315594
287 5.4 0.315822
288 5.4 0.315822
289 5.4 0.315822
290 5.425 0.325985
291 5.45 0.328067
292 5.475 0.330088
293 5.475 0.330088
294 5.475 0.330088
295 5.475 0.330088
296 5.5 0.333974
297 5.525 0.328141
298 5.525 0.328141
299 5.525 0.328141
300 5.525 0.328141
301 5.525 0.328141
302 5.55 0.326108
303 5.6 0.327774
304 5.6 0.327774
305 5.625 0.325591
306 5.625 0.325591
307 5.65 0.335028
308 5.65 0.335028
309 5.65 0.335028
310 5.675 0.330864
311 5.675 0.330864
312 5.675 0.330864
313 5.675 0.330864
314 5.725 0.326181
315 5.725 0.326181
316 5.75 0.325714
317 5.75 0.325714
318 5.75 0.325714
319 5.75 0.325714
320 5.75 0.325714
321 5.75 0.325714
322 5.725 0.328141
323 5.725 0.328141
324 5.725 0.328141
325 5.75 0.331566
326 5.75 0.331566
327 5.75 0.331566
328 5.75 0.331566
329 5.75 0.331566
330 5.75 0.331566
331 5.75 0.331566
332 5.75 0.331566
333 5.75 0.331566
334 5.8 0.326599
335 5.8 0.326599
336 5.85 0.333109
337 5.825 0.337577
338 5.825 0.337577
339 5.85 0.342596
340 5.85 0.342596
341 5.85 0.342596
342 5.85 0.342596
343 5.875 0.345646
344 5.875 0.345646
345 5.9 0.339305
346 5.9 0.339305
347 5.9 0.339305
348 5.9 0.339305
349 5.9 0.339305
350 5.9 0.339305
351 5.9 0.339305
352 5.9 0.339305
353 5.9 0.339305
354 5.9 0.339305
355 5.9 0.339305
356 5.9 0.339305
357 5.95 0.347057
358 5.95 0.347057
359 5.95 0.347057
360 5.95 0.347057
361 5.95 0.347057
362 5.95 0.347057
363 5.95 0.347057
364 5.95 0.347057
365 5.95 0.347057
366 5.95 0.347057
367 5.925 0.349702
368 5.95 0.356173
369 5.975 0.360711
370 5.975 0.360711
371 6 0.36162
372 6 0.36162
373 6 0.36162
374 6 0.36162
375 5.975 0.36775
376 5.975 0.360711
377 5.975 0.360711
378 5.975 0.360711
379 5.975 0.360711
380 6 0.359843
381 6 0.359843
382 6.025 0.362483
383 6.025 0.362483
384 6.025 0.362483
385 6.025 0.362483
386 6.025 0.362483
387 6.025 0.362483
388 6.025 0.362483
389 6.025 0.362483
390 6.025 0.362483
391 6.025 0.362483
392 6.025 0.362483
393 6.025 0.362483
394 6.025 0.362483
395 6.025 0.362483
396 6.025 0.362483
397 6.025 0.362483
398 6.025 0.362483
399 6.025 0.362483
400 6.025 0.362483
401 6.025 0.362483
402 6.025 0.362483
403 6.025 0.362483
404 6.025 0.362483
405 6.05 0.354368
406 6.05 0.354368
407 6.05 0.354368
408 6.075 0.362307
409 6.075 0.362307
410 6.1 0.363036
411 6.1 0.363036
412 6.1 0.363036
413 6.1 0.363036
414 6.1 0.361266
415 6.1 0.361266
416 6.1 0.361266
417 6.1 0.361266
418 6.125 0.360177
419 6.15 0.360822
420 6.175 0.35606
421 6.175 0.35606
422 6.175 0.35606
423 6.2 0.356622
424 6.175 0.36319
425 6.175 0.36319
426 6.175 0.36319
427 6.175 0.36319
428 6.175 0.36319
429 6.2 0.358415
430 6.2 0.358415
431 6.2 0.358415
432 6.2 0.358415
433 6.2 0.358415
434 6.2 0.358415
435 6.2 0.358415
436 6.2 0.358415
437 6.2 0.358415
438 6.2 0.358415
439 6.2 0.358415
440 6.2 0.358415
441 6.2 0.358415
442 6.2 0.358415
443 6.2 0.358415
444 6.2 0.358415
445 6.2 0.358415
446 6.225 0.355339
447 6.225 0.355339
448 6.25 0.35761
449 6.25 0.35761
450 6.25 0.35761
451 6.25 0.35761
452 6.275 0.359821
453 6.3 0.358415
454 6.3 0.358415
455 6.3 0.358415
456 6.3 0.358415
457 6.3 0.358415
458 6.3 0.358415
459 6.3 0.358415
460 6.3 0.358415
461 6.3 0.358415
462 6.3 0.358415
463 6.3 0.358415
464 6.275 0.358035
465 6.275 0.358035
466 6.275 0.358035
467 6.3 0.358415
468 6.3 0.358415
469 6.3 0.358415
470 6.3 0.358415
471 6.3 0.358415
472 6.3 0.358415
473 6.325 0.364072
474 6.325 0.364072
475 6.325 0.364072
476 6.325 0.364072
477 6.325 0.364072
478 6.325 0.364072
479 6.325 0.364072
480 6.3 0.365499
481 6.325 0.362307
482 6.325 0.362307
483 6.325 0.362307
484 6.325 0.362307
485 6.325 0.362307
486 6.35 0.360822
487 6.375 0.359286
488 6.375 0.359286
489 6.375 0.359286
490 6.375 0.359286
491 6.375 0.359286
492 6.375 0.359286
493 6.4 0.361266
494 6.4 0.361266
495 6.4 0.361266
496 6.4 0.361266
497 6.4 0.361266
498 6.4 0.361266
499 6.4 0.361266
500 6.4 0.361266
501 6.4 0.361266
502 6.4 0.361266
503 6.375 0.366353
504 6.2 0.372449
505 6.075 0.372771
506 6.025 0.360711
507 5.925 0.367576
508 5.875 0.367227
509 5.775 0.37122
510 5.725 0.372083
511 5.625 0.376706
512 5.5 0.373823
513 5.55 0.365061
514 5.525 0.365126
515 5.45 0.366812
516 5.375 0.357498
517 5.225 0.332989
518 5.075 0.321031
519 5 0.324235
520 4.925 0.334717
521 4.95 0.337696
522 4.9 0.339305
523 4.8 0.35482
524 4.75 0.350366
525 4.675 0.338525
526 4.525 0.343413
527 4.5 0.345298
528 4.35 0.327285
529 4.275 0.312122
530 4.3 0.320656
531 4.175 0.322028
532 4.1 0.325813
533 4 0.314194
534 4.025 0.315187
535 4 0.312147
536 4 0.305924
537 4 0.312147
538 3.925 0.323022
539 3.975 0.313147
540 3.95 0.318148
541 3.9 0.311736
542 3.825 0.299332
543 3.775 0.302739
544 3.775 0.296318
545 3.8 0.29352
546 3.8 0.297856
547 3.85 0.30498
548 3.825 0.305689
549 3.825 0.305689
550 3.8 0.3
551 3.775 0.298474
552 3.725 0.303795
553 3.75 0.3054
554 3.7 0.308429
555 3.7 0.308429
556 3.675 0.293929
557 3.625 0.296751
558 3.65 0.296453
559 3.65 0.294283
560 3.625 0.28798
561 3.675 0.298259
562 3.675 0.29174
563 3.625 0.298903
564 3.625 0.30104
565 3.625 0.296751
566 3.625 0.290198
567 3.625 0.285746
568 3.55 0.270209
569 3.5 0.270327
570 3.5 0.26067
571 3.575 0.260393
572 3.55 0.258075
573 3.525 0.255673
574 3.575 0.255422
575 3.625 0.244654
576 3.55 0.23191
577 3.525 0.237475
578 3.525 0.237475
579 3.475 0.23476
580 3.55 0.240059
581 3.575 0.234487
582 3.4 0.234247
583 3.45 0.237373
584 3.475 0.23476
585 3.5 0.237508
586 3.5 0.232048
587 3.525 0.248037
588 3.5 0.245472
589 3.5 0.226455
590 3.475 0.220685
591 3.375 0.219812
592 3.425 0.226137
593 3.475 0.214797
594 3.525 0.211792
595 3.525 0.214797
596 3.575 0.217466
597 3.575 0.214499
598 3.5 0.21183
599 3.5 0.217798
600 3.55 0.214685
601 3.55 0.220576
602 3.525 0.22642
603 3.5 0.223607
604 3.575 0.231737
605 3.575 0.231737
606 3.6 0.231495
607 3.6 0.228709
608 3.7 0.224179
609 3.675 0.221844
610 3.675 0.233116
611 3.6 0.234247
612 3.625 0.233939
613 3.525 0.23476
614 3.525 0.237475
615 3.5 0.226455
616 3.525 0.22642
617 3.475 0.229234
618 3.45 0.23191
619 3.425 0.239892
620 3.5 0.245472
621 3.425 0.234487
622 3.475 0.240159
623 3.55 0.237373
624 3.5 0.232048
625 3.525 0.23476
626 3.55 0.234657
627 3.45 0.234657
628 3.475 0.240159
629 3.5 0.248069
630 3.475 0.248037
631 3.475 0.253153
632 3.45 0.258075
633 3.425 0.257919
634 3.475 0.263087
635 3.525 0.275
636 3.5 0.267946
637 3.525 0.275
638 3.475 0.275
639 3.45 0.277235
640 3.4 0.267467
641 3.425 0.27709
642 3.425 0.281679
643 3.375 0.281223
644 3.375 0.283494
645 3.375 0.283494
646 3.35 0.283182
647 3.325 0.287312
648 3.3 0.28465
649 3.25 0.276772
650 3.25 0.2721
651 3.3 0.266025
652 3.3 0.256205
653 3.35 0.257079
654 3.35 0.262019
655 3.3 0.256205
656 3.275 0.267916
657 3.25 0.267347
658 3.275 0.281906
659 3.275 0.286418
660 3.175 0.290639
661 3.225 0.283041
662 3.175 0.281679
663 3.2 0.28465
664 3.2 0.286893
665 3.2 0.28465
666 3.2 0.28465
667 3.2 0.282389
668 3.2 0.282389
669 3.2 0.282389
670 3.2 0.277812
671 3.225 0.273832
672 3.2 0.258695
673 3.175 0.257919
674 3.15 0.269258
675 3.15 0.269258
676 3.15 0.269258
677 3.125 0.270772
678 3.05 0.258075
679 3.075 0.266476
680 3 0.272688
681 3.025 0.276163
682 3.025 0.269109
683 2.975 0.264302
684 3 0.272688
685 2.975 0.273832
686 3 0.272688
687 3 0.272688
688 2.975 0.264302
689 2.95 0.260547
690 2.9 0.267467
691 2.925 0.266476
692 2.95 0.265422
693 2.925 0.26406
694 2.925 0.268871
695 2.925 0.261621
696 2.975 0.259406
697 2.9 0.267467
698 2.85 0.266867
699 2.825 0.265271
700 2.825 0.255422
701 2.8 0.256205
702 2.75 0.25
703 2.825 0.255422
704 2.825 0.2529
705 2.9 0.255202
706 2.95 0.250512
707 2.9 0.242318
708 2.875 0.240692
709 2.925 0.238552
710 2.925 0.241224
711 2.875 0.243341
712 2.85 0.238988
713 2.825 0.237205
714 2.775 0.233391
715 2.775 0.225
716 2.8 0.224179
717 2.8 0.224179
718 2.75 0.214087
719 2.8 0.21543
720 2.825 0.223284
721 2.85 0.219411
722 2.825 0.220394
723 2.85 0.219411
724 2.75 0.219994
725 2.75 0.219994
726 2.775 0.222133
727 2.825 0.220394
728 2.8 0.218386
729 2.75 0.217061
730 2.7 0.218386
731 2.675 0.209968
732 2.7 0.212434
733 2.7 0.227021
734 2.7 0.227021
735 2.725 0.229234
736 2.7 0.224179
737 2.725 0.237475
738 2.775 0.24413
739 2.8 0.248586
740 2.8 0.248586
741 2.775 0.24149
742 2.75 0.239524
743 2.7 0.240725
744 2.675 0.23035
745 2.675 0.233116
746 2.65 0.233562
747 2.65 0.233562
748 2.6 0.225889
749 2.575 0.231737
750 2.525 0.237475
751 2.475 0.245439
752 2.475 0.240159
753 2.425 0.234487
754 2.6 0.225889
755 2.55 0.229129
756 2.575 0.231737
757 2.575 0.239892
758 2.625 0.244654
759 2.6 0.244949
760 2.6 0.247552
761 2.575 0.245178
762 2.625 0.244654
763 2.625 0.244654
764 2.675 0.241224
765 2.625 0.239357
766 2.575 0.239892
767 2.625 0.239357
768 2.6 0.225889
769 2.6 0.225889
770 2.575 0.223284
771 2.575 0.223284
772 2.625 0.233939
773 2.575 0.239892
774 2.55 0.234657
775 2.575 0.239892
776 2.575 0.239892
777 2.55 0.240059
778 2.525 0.245439
779 2.5 0.245472
780 2.475 0.240159
781 2.475 0.240159
782 2.5 0.25064
783 2.525 0.253153
784 2.5 0.242846
785 2.525 0.237475
786 2.475 0.223571
787 2.475 0.220685
788 2.475 0.223571
789 2.475 0.211792
790 2.425 0.208436
791 2.375 0.201556
792 2.375 0.201556
793 2.375 0.198351
794 2.325 0.203771
795 2.325 0.203771
796 2.275 0.189424
797 2.25 0.195297
798 2.275 0.220685
799 2.25 0.225747
800 2.275 0.232013
801 2.275 0.232013
802 2.275 0.232013
803 2.275 0.229234
804 2.25 0.228569
805 2.225 0.230628
806 2.2 0.240725
807 2.225 0.236121
808 2.2 0.221302
809 2.2 0.221302
810 2.25 0.219994
811 2.275 0.223571
812 2.3 0.227021
813 2.225 0.225
814 2.25 0.219994
815 2.275 0.223571
816 2.275 0.232013
817 2.25 0.23411
818 2.175 0.223284
819 2.175 0.223284
820 2.175 0.223284
821 2.175 0.223284
822 2.25 0.225747
823 2.225 0.222133
824 2.25 0.231356
825 2.175 0.226137
826 2.225 0.227831
827 2.25 0.225747
828 2.225 0.222133
829 2.225 0.222133
830 2.225 0.222133
831 2.25 0.222889
832 2.25 0.222889
833 2.225 0.225
834 2.225 0.225
835 2.25 0.225747
836 2.275 0.229234
837 2.25 0.228569
838 2.3 0.240725
839 2.225 0.225
840 2.2 0.221302
841 2.25 0.217061
842 2.25 0.217061
843 2.3 0.212434
844 2.275 0.211792
845 2.275 0.211792
846 2.275 0.211792
847 2.225 0.216284
848 2.25 0.222889
849 2.3 0.227021
850 2.375 0.24202
851 2.375 0.24202
852 2.375 0.24202
853 2.325 0.22755
854 2.35 0.230801
855 2.325 0.221844
856 2.275 0.217761
857 2.3 0.212434
858 2.3 0.221302
859 2.275 0.23476
860 2.275 0.240159
861 2.25 0.244818
862 2.225 0.249326
863 2.125 0.238014
864 2.125 0.235305
865 2.125 0.232565
866 2.1 0.231495
867 2.15 0.241656
868 2.075 0.233116
869 2.1 0.236968
870 2.075 0.246482
871 2.05 0.240059
872 2.1 0.236968
873 2.125 0.243341
874 2.125 0.243341
875 2.075 0.243867
876 2.125 0.251119
877 2.125 0.251119
878 2.075 0.254164
879 2.1 0.242318
880 2.125 0.243341
881 2.125 0.258664
882 2.05 0.265422
883 2 0.265543
884 1.975 0.266717
885 1.95 0.255579
886 1.975 0.254416
887 1.925 0.238552
888 1.925 0.249069
889 1.9 0.247552
890 1.925 0.249069
891 2.025 0.269109
892 2.025 0.261866
893 2.025 0.261866
894 2.05 0.262996
895 2.05 0.262996
896 2.075 0.273598
897 2.1 0.276887
898 2.125 0.273129
899 2.1 0.267467
900 2.1 0.279193
901 2.1 0.279193
902 2.075 0.280539
903 2.1 0.285998
904 2.15 0.294283
905 2.1 0.294827
906 2.2 0.295696
907 2.125 0.280081
908 2.1 0.274563
909 2.1 0.274563
910 2.025 0.264302
911 2.025 0.261866
912 2.025 0.256923
913 2.025 0.256923
914 1.975 0.24149
915 1.925 0.243867
916 1.875 0.245961
917 1.85 0.244294
918 1.85 0.238988
919 1.8 0.2326
920 1.775 0.222133
921 1.725 0.211792
922 1.675 0.206892
923 1.7 0.206311
924 1.675 0.203771
925 1.7 0.206311
926 1.75 0.208013
927 1.725 0.208743
928 1.675 0.206892
929 1.65 0.210463
930 1.6 0.214237
931 1.6 0.214237
932 1.6 0.22014
933 1.625 0.216876
934 1.625 0.216876
935 1.575 0.220394
936 1.6 0.217208
937 1.65 0.225178
938 1.7 0.235339
939 1.7 0.235339
940 1.7 0.238048
941 1.7 0.238048
942 1.725 0.237475
943 1.75 0.244818
944 1.775 0.246742
945 1.75 0.231356
946 1.75 0.231356
947 1.775 0.230628
948 1.8 0.227021
949 1.825 0.223284
950 1.825 0.223284
951 1.8 0.224179
952 1.775 0.227831
953 1.75 0.222889
954 1.775 0.227831
955 1.725 0.217761
956 1.7 0.221302
957 1.65 0.216469
958 1.65 0.216469
959 1.625 0.20782
960 1.6 0.208167
961 1.625 0.20782
962 1.6 0.205064
963 1.6 0.205064
964 1.625 0.210882
965 1.55 0.20239
966 1.575 0.198996
967 1.575 0.198996
968 1.55 0.20239
969 1.625 0.20782
970 1.6 0.201914
971 1.575 0.195748
972 1.575 0.195748
973 1.6 0.195461
974 1.575 0.189085
975 1.575 0.192445
976 1.55 0.192654
977 1.55 0.192654
978 1.475 0.18253
979 1.375 0.174266
980 1.35 0.17741
981 1.4 0.178311
982 1.425 0.189085
983 1.425 0.189085
984 1.45 0.189297
985 1.425 0.185664
986 1.425 0.185664
987 1.425 0.185664
988 1.425 0.185664
989 1.425 0.182179
990 1.45 0.182399
991 1.425 0.182179
992 1.4 0.178311
993 1.475 0.178984
994 1.5 0.196116
995 1.525 0.205649
996 1.525 0.211792
997 1.575 0.208436
998 1.6 0.211224
999 1.625 0.2139
1000 1.65 0.213488
1001 1.65 0.201119
1002 1.65 0.19464
1003 1.675 0.197379
1004 1.675 0.197379
1005 1.65 0.197906
1006 1.7 0.209395
1007 1.725 0.211792
1008 1.725 0.211792
1009 1.725 0.211792
1010 1.725 0.211792
1011 1.725 0.211792
1012 1.725 0.211792
1013 1.775 0.210273
1014 1.825 0.211489
1015 1.825 0.211489
1016 1.85 0.210463
1017 1.85 0.210463
1018 1.875 0.209356
1019 1.875 0.209356
1020 1.875 0.209356
1021 1.925 0.209968
1022 1.95 0.211678
1023 1.975 0.2133
1024 2.025 0.207202
1025 2.025 0.207202
1026 2.025 0.207202
1027 2.025 0.207202
1028 2.1 0.208167
1029 2.15 0.210463
1030 2.175 0.214499
1031 2.225 0.216284
1032 2.225 0.216284
1033 2.225 0.216284
1034 2.225 0.216284
1035 2.275 0.223571
1036 2.275 0.223571
1037 2.275 0.223571
1038 2.3 0.227021
1039 2.3 0.227021
1040 2.325 0.23035
1041 2.325 0.23035
1042 2.325 0.23035
1043 2.325 0.23035
1044 2.325 0.23035
1045 2.35 0.238988
1046 2.35 0.238988
1047 2.35 0.238988
1048 2.4 0.242318
1049 2.4 0.242318
1050 2.45 0.253058
1051 2.45 0.253058
1052 2.45 0.253058
1053 2.45 0.253058
1054 2.45 0.253058
1055 2.45 0.253058
1056 2.45 0.253058
1057 2.45 0.253058
1058 2.45 0.253058
1059 2.45 0.253058
1060 2.45 0.253058
1061 2.45 0.253058
1062 2.45 0.253058
1063 2.475 0.265512
1064 2.475 0.265512
1065 2.475 0.265512
1066 2.5 0.267946
1067 2.5 0.267946
1068 2.525 0.263087
1069 2.525 0.263087
1070 2.525 0.263087
1071 2.525 0.263087
1072 2.55 0.265422
1073 2.575 0.270061
1074 2.6 0.269853
1075 2.6 0.269853
1076 2.6 0.269853
1077 2.6 0.269853
1078 2.6 0.269853
1079 2.625 0.271953
1080 2.625 0.271953
1081 2.625 0.271953
1082 2.625 0.271953
1083 2.625 0.271953
1084 2.625 0.271953
1085 2.625 0.271953
1086 2.65 0.276308
1087 2.65 0.276308
1088 2.65 0.276308
1089 2.65 0.276308
1090 2.675 0.278244
1091 2.7 0.286893
1092 2.7 0.286893
1093 2.725 0.29086
1094 2.725 0.29086
1095 2.725 0.29086
1096 2.75 0.292535
1097 2.775 0.296318
1098 2.775 0.296318
1099 2.775 0.296318
1100 2.8 0.295696
1101 2.8 0.295696
1102 2.8 0.295696
1103 2.8 0.295696
1104 2.8 0.295696
1105 2.825 0.297182
1106 2.85 0.292097
1107 2.875 0.2913
1108 2.875 0.2913
1109 2.875 0.2913
1110 2.9 0.290446
1111 2.925 0.293929
1112 2.925 0.293929
1113 2.925 0.293929
1114 2.925 0.293929
1115 2.95 0.290777
1116 2.95 0.290777
1117 2.95 0.290777
1118 2.95 0.290777
1119 2.95 0.290777
1120 2.975 0.296318
1121 2.975 0.296318
1122 2.975 0.296318
1123 2.975 0.296318
1124 3 0.295262
1125 3.05 0.301598
1126 3.05 0.301598
1127 3.05 0.301598
1128 3.075 0.298259
1129 3.075 0.298259
1130 3.1 0.305505
1131 3.1 0.305505
1132 3.05 0.301598
1133 3.05 0.301598
1134 3.05 0.301598
1135 3.05 0.301598
1136 3.05 0.301598
1137 3.05 0.301598
1138 3.05 0.301598
1139 3.075 0.3004
1140 3.1 0.305505
1141 3.1 0.305505
1142 3.1 0.305505
1143 3.1 0.305505
1144 3.1 0.305505
1145 3.1 0.305505
1146 3.125 0.304217
1147 3.125 0.304217
1148 3.125 0.304217
1149 3.125 0.304217
1150 3.125 0.304217
1151 3.125 0.304217
1152 3.125 0.304217
1153 3.15 0.300747
1154 3.15 0.300747
1155 3.15 0.300747
1156 3.15 0.300747
1157 3.15 0.300747
1158 3.15 0.300747
1159 3.15 0.300747
1160 3.15 0.300747
1161 3.15 0.300747
1162 3.15 0.300747
1163 3.15 0.300747
1164 3.15 0.300747
1165 3.15 0.300747
1166 3.15 0.300747
1167 3.15 0.300747
1168 3.15 0.300747
1169 3.15 0.300747
1170 3.15 0.300747
1171 3.15 0.300747
1172 3.15 0.300747
1173 3.15 0.300747
1174 3.15 0.300747
1175 3.15 0.300747
1176 3.175 0.301465
1177 3.175 0.301465
1178 3.175 0.301465
1179 3.175 0.301465
1180 3.175 0.301465
1181 3.2 0.302129
1182 3.2 0.302129
1183 3.2 0.302129
1184 3.2 0.302129
1185 3.2 0.302129
1186 3.2 0.302129
1187 3.2 0.302129
1188 3.2 0.302129
1189 3.2 0.302129
1190 3.2 0.302129
1191 3.2 0.302129
1192 3.2 0.302129
1193 3.2 0.302129
1194 3.2 0.302129
1195 3.2 0.302129
1196 3.2 0.302129
1197 3.2 0.302129
1198 3.2 0.302129
1199 3.225 0.300614
1200 3.225 0.300614
1201 3.225 0.300614
1202 3.225 0.300614
1203 3.25 0.296886
1204 3.225 0.298474
1205 3.25 0.296886
1206 3.25 0.296886
1207 3.25 0.296886
1208 3.25 0.296886
1209 3.25 0.296886
1210 3.25 0.296886
1211 3.25 0.296886
1212 3.25 0.296886
1213 3.25 0.296886
1214 3.25 0.296886
1215 3.275 0.293055
1216 3.275 0.299546
1217 3.275 0.299546
1218 3.275 0.299546
1219 3.275 0.299546
1220 3.275 0.299546
1221 3.275 0.299546
1222 3.275 0.299546
1223 3.25 0.299037
1224 3.25 0.299037
1225 3.25 0.299037
1226 3.25 0.299037
1227 3.275 0.299546
1228 3.275 0.299546
1229 3.275 0.299546
1230 3.275 0.299546
1231 3.3 0.302129
1232 3.3 0.302129
1233 3.3 0.302129
1234 3.3 0.302129
1235 3.3 0.302129
1236 3.3 0.302129
1237 3.3 0.302129
1238 3.3 0.302129
1239 3.3 0.302129
1240 3.325 0.3004
1241 3.325 0.3004
1242 3.325 0.3004
1243 3.35 0.298608
1244 3.35 0.298608
1245 3.35 0.298608
1246 3.35 0.298608
1247 3.35 0.298608
1248 3.35 0.298608
1249 3.35 0.298608
1250 3.35 0.298608
1251 3.375 0.294582
1252 3.375 0.294582
1253 3.375 0.294582
1254 3.375 0.294582
1255 3.4 0.294827
1256 3.4 0.294827
1257 3.4 0.294827
1258 3.375 0.294582
1259 3.375 0.294582
1260 3.375 0.294582
1261 3.375 0.294582
1262 3.375 0.294582
1263 3.375 0.294582
1264 3.375 0.294582
1265 3.375 0.294582
1266 3.375 0.294582
1267 3.375 0.294582
1268 3.375 0.294582
1269 3.375 0.294582
1270 3.375 0.294582
1271 3.375 0.294582
1272 3.375 0.294582
1273 3.375 0.294582
1274 3.375 0.294582
1275 3.4 0.296993
1276 3.4 0.296993
1277 3.4 0.296993
1278 3.4 0.296993
1279 3.4 0.296993
1280 3.4 0.296993
1281 3.4 0.296993
1282 3.4 0.296993
1283 3.4 0.296993
1284 3.4 0.296993
1285 3.4 0.296993
1286 3.4 0.296993
1287 3.425 0.297182
1288 3.425 0.297182
1289 3.425 0.297182
1290 3.425 0.297182
1291 3.425 0.297182
1292 3.425 0.297182
1293 3.425 0.297182
1294 3.425 0.297182
1295 3.425 0.297182
1296 3.45 0.299465
1297 3.45 0.299465
1298 3.45 0.299465
1299 3.45 0.299465
1300 3.45 0.299465
1301 3.45 0.299465
1302 3.45 0.299465
1303 3.45 0.299465
1304 3.45 0.299465
1305 3.45 0.299465
1306 3.45 0.299465
1307 3.45 0.299465
1308 3.45 0.299465
1309 3.45 0.299465
1310 3.45 0.299465
1311 3.45 0.299465
1312 3.45 0.299465
1313 3.475 0.301678
1314 3.475 0.301678
1315 3.475 0.301678
1316 3.475 0.301678
1317 3.475 0.301678
1318 3.475 0.301678
1319 3.475 0.301678
1320 3.475 0.301678
1321 3.475 0.301678
1322 3.475 0.301678
1323 3.475 0.301678
1324 3.475 0.301678
1325 3.475 0.301678
1326 3.475 0.301678
1327 3.475 0.301678
1328 3.475 0.301678
1329 3.475 0.301678
1330 3.475 0.301678
1331 3.475 0.301678
1332 3.475 0.301678
1333 3.475 0.301678
1334 3.475 0.301678
1335 3.475 0.301678
1336 3.475 0.301678
1337 3.475 0.301678
1338 3.475 0.301678
1339 3.5 0.305924
1340 3.5 0.305924
1341 3.525 0.312122
1342 3.525 0.312122
1343 3.55 0.316126
1344 3.55 0.316126
1345 3.55 0.316126
1346 3.55 0.316126
1347 3.55 0.316126
1348 3.55 0.316126
1349 3.55 0.316126
1350 3.55 0.316126
1351 3.55 0.316126
1352 3.55 0.316126
1353 3.55 0.316126
1354 3.55 0.316126
1355 3.55 0.316126
1356 3.55 0.316126
1357 3.55 0.316126
1358 3.55 0.316126
1359 3.55 0.316126
1360 3.55 0.316126
1361 3.575 0.322028
1362 3.575 0.322028
1363 3.575 0.322028
1364 3.625 0.31963
1365 3.625 0.31963
1366 3.65 0.317341
1367 3.65 0.317341
1368 3.675 0.317012
1369 3.675 0.317012
1370 3.675 0.317012
1371 3.675 0.317012
1372 3.675 0.317012
1373 3.675 0.317012
1374 3.675 0.317012
1375 3.675 0.317012
1376 3.7 0.316633
1377 3.7 0.316633
1378 3.7 0.316633
1379 3.7 0.316633
1380 3.7 0.316633
1381 3.7 0.316633
1382 3.7 0.316633
1383 3.7 0.316633
1384 3.7 0.316633
1385 3.7 0.316633
1386 3.7 0.316633
1387 3.7 0.316633
1388 3.7 0.316633
1389 3.7 0.316633
1390 3.7 0.316633
1391 3.7 0.316633
1392 3.7 0.316633
1393 3.7 0.316633
1394 3.7 0.316633
1395 3.7 0.316633
1396 3.7 0.316633
1397 3.7 0.316633
1398 3.7 0.316633
1399 3.7 0.316633
1400 3.7 0.316633
1401 3.7 0.316633
1402 3.7 0.316633
1403 3.7 0.316633
1404 3.7 0.316633
1405 3.7 0.316633
1406 3.725 0.314169
1407 3.7 0.316633
1408 3.7 0.316633
1409 3.7 0.316633
1410 3.7 0.316633
1411 3.675 0.314984
1412 3.675 0.314984
1413 3.675 0.314984
1414 3.675 0.314984
1415 3.675 0.314984
1416 3.675 0.314984
1417 3.675 0.314984
1418 3.675 0.314984
1419 3.675 0.314984
1420 3.675 0.314984
1421 3.675 0.314984
1422 3.675 0.314984
1423 3.675 0.314984
1424 3.675 0.314984
1425 3.675 0.314984
1426 3.675 0.314984
1427 3.675 0.314984
1428 3.675 0.314984
1429 3.675 0.314984
1430 3.675 0.314984
1431 3.675 0.314984
1432 3.675 0.314984
1433 3.675 0.314984
1434 3.675 0.314984
1435 3.675 0.314984
1436 3.675 0.314984
1437 3.675 0.314984
1438 3.7 0.318651
1439 3.7 0.318651
1440 3.7 0.318651
1441 3.7 0.318651
1442 3.7 0.318651
1443 3.7 0.318651
1444 3.7 0.318651
1445 3.7 0.318651
1446 3.7 0.318651
1447 3.725 0.312122
1448 3.725 0.312122
1449 3.725 0.312122
1450 3.725 0.312122
1451 3.725 0.312122
1452 3.725 0.312122
1453 3.725 0.312122
1454 3.725 0.312122
1455 3.725 0.312122
1456 3.725 0.312122
1457 3.725 0.312122
1458 3.725 0.312122
1459 3.725 0.312122
1460 3.725 0.312122
1461 3.725 0.312122
1462 3.725 0.312122
1463 3.725 0.312122
1464 3.725 0.312122
1465 3.725 0.312122
1466 3.725 0.312122
1467 3.725 0.312122
1468 3.725 0.312122
1469 3.725 0.312122
1470 3.725 0.312122
1471 3.725 0.312122
1472 3.725 0.312122
1473 3.725 0.312122
1474 3.725 0.312122
1475 3.725 0.312122
1476 3.725 0.312122
1477 3.725 0.312122
1478 3.725 0.312122
1479 3.725 0.312122
1480 3.725 0.312122
1481 3.725 0.312122
1482 3.725 0.312122
1483 3.725 0.312122
1484 3.725 0.312122
1485 3.725 0.312122
1486 3.725 0.312122
1487 3.725 0.312122
1488 3.725 0.312122
1489 3.725 0.312122
1490 3.725 0.312122
1491 3.725 0.312122
1492 3.725 0.312122
1493 3.725 0.312122
1494 3.725 0.312122
1495 3.725 0.312122
1496 3.725 0.312122
1497 3.725 0.312122
1498 3.725 0.312122
1499 3.725 0.312122
1500 3.725 0.312122
1501 3.725 0.312122
1502 3.725 0.312122
1503 3.725 0.312122
1504 3.725 0.312122
1505 3.725 0.312122
1506 3.725 0.312122
1507 3.725 0.312122
1508 3.725 0.312122
1509 3.75 0.30957
1510 3.725 0.312122
1511 3.625 0.30944
1512 3.575 0.311916
1513 3.55 0.312045
1514 3.475 0.312122
1515 3.45 0.324136
1516 3.4 0.321854
1517 3.325 0.325
1518 3.3 0.32463
1519 3.25 0.315721
1520 3.225 0.317214
1521 3.225 0.317214
1522 3.225 0.317214
1523 3.225 0.325197
1524 3.225 0.325197
1525 3.225 0.329116
1526 3.175 0.322028
1527 3.15 0.32532
1528 3.125 0.330477
1529 3.075 0.312942
1530 3.075 0.312942
1531 3.025 0.300614
1532 3 0.293083
1533 2.95 0.284086
1534 2.975 0.287535
1535 2.925 0.289534
1536 2.9 0.285998
1537 2.9 0.285998
1538 2.875 0.286865
1539 2.9 0.285998
1540 2.875 0.282361
1541 2.875 0.282361
1542 2.85 0.285437
1543 2.85 0.285437
1544 2.85 0.285437
1545 2.75 0.279078
1546 2.75 0.279078
1547 2.675 0.282814
1548 2.675 0.287312
1549 2.625 0.278935
1550 2.625 0.269585
1551 2.575 0.265271
1552 2.575 0.265271
1553 2.575 0.265271
1554 2.55 0.267826
1555 2.5 0.263117
1556 2.475 0.258168
1557 2.55 0.262996
1558 2.575 0.270061
1559 2.575 0.27709
1560 2.55 0.277235
1561 2.525 0.275
1562 2.55 0.274913
1563 2.5 0.275029
1564 2.5 0.275029
1565 2.5 0.275029
1566 2.5 0.275029
1567 2.45 0.267826
1568 2.4 0.265059
1569 2.35 0.264454
1570 2.325 0.261621
1571 2.3 0.251151
1572 2.3 0.251151
1573 2.25 0.239524
1574 2.275 0.242813
1575 2.225 0.24413
1576 2.15 0.246904
1577 2.15 0.246904
1578 2.125 0.243341
1579 2.1 0.236968
1580 2.075 0.224715
1581 2.075 0.224715
1582 2.075 0.224715
1583 2.075 0.224715
1584 2.075 0.224715
1585 2.075 0.224715
1586 2.075 0.224715
1587 2 0.217798
1588 1.975 0.222133
1589 2 0.229269
1590 2 0.229269
1591 1.975 0.227831
1592 2 0.226455
1593 1.975 0.219228
1594 1.975 0.219228
1595 2.025 0.222133
1596 2.05 0.226314
1597 2.025 0.225
1598 2 0.223607
1599 2 0.223607
1600 2 0.214834
1601 2 0.214834
1602 1.975 0.216284
1603 2 0.214834
1604 2 0.214834
1605 1.95 0.214685
1606 1.95 0.214685
1607 1.925 0.215988
1608 1.925 0.215988
1609 1.9 0.217208
1610 1.9 0.217208
1611 1.875 0.218349
1612 1.875 0.221265
1613 1.85 0.219411
1614 1.85 0.219411
1615 1.85 0.219411
1616 1.875 0.209356
1617 1.85 0.207395
1618 1.9 0.208167
1619 1.9 0.208167
1620 1.875 0.212396
1621 1.825 0.205337
1622 1.85 0.207395
1623 1.825 0.205337
1624 1.85 0.204281
1625 1.825 0.202192
1626 1.8 0.20318
1627 1.775 0.204085
1628 1.725 0.199318
1629 1.725 0.199318
1630 1.725 0.202508
1631 1.75 0.198552
1632 1.775 0.194434
1633 1.775 0.194434
1634 1.75 0.191987
1635 1.75 0.191987
1636 1.775 0.197703
1637 1.775 0.197703
1638 1.775 0.197703
1639 1.75 0.198552
1640 1.75 0.198552
1641 1.775 0.207202
1642 1.775 0.197703
1643 1.775 0.200919
1644 1.725 0.196075
1645 1.75 0.195297
1646 1.75 0.191987
1647 1.725 0.192778
1648 1.725 0.192778
1649 1.7 0.193484
1650 1.7 0.193484
1651 1.7 0.193484
1652 1.7 0.206311
1653 1.7 0.206311
1654 1.7 0.206311
1655 1.675 0.206892
1656 1.675 0.206892
1657 1.675 0.206892
1658 1.65 0.210463
1659 1.675 0.212999
1660 1.675 0.212999
1661 1.65 0.213488
1662 1.675 0.212999
1663 1.625 0.198351
1664 1.625 0.198351
1665 1.6 0.188788
1666 1.55 0.17885
1667 1.525 0.178984
1668 1.525 0.178984
1669 1.525 0.178984
1670 1.5 0.179029
1671 1.475 0.178984
1672 1.5 0.182574
1673 1.5 0.182574
1674 1.525 0.189424
1675 1.525 0.192778
1676 1.5 0.189466
1677 1.5 0.182574
1678 1.525 0.189424
1679 1.55 0.195953
1680 1.575 0.195748
1681 1.6 0.195461
1682 1.6 0.195461
1683 1.625 0.198351
1684 1.625 0.198351
1685 1.6 0.198714
1686 1.55 0.195953
1687 1.525 0.192778
1688 1.525 0.192778
1689 1.525 0.192778
1690 1.5 0.199358
1691 1.5 0.208782
1692 1.5 0.208782
1693 1.475 0.205649
1694 1.475 0.205649
1695 1.45 0.205532
1696 1.45 0.205532
1697 1.45 0.205532
1698 1.425 0.208436
1699 1.4 0.205064
1700 1.4 0.205064
1701 1.4 0.205064
1702 1.375 0.198351
1703 1.35 0.19464
1704 1.3 0.193484
1705 1.325 0.2006
1706 1.35 0.197906
1707 1.35 0.197906
1708 1.325 0.2006
1709 1.35 0.201119
1710 1.35 0.201119
1711 1.35 0.201119
1712 1.35 0.201119
1713 1.35 0.201119
1714 1.35 0.184495
1715 1.35 0.184495
1716 1.35 0.184495
1717 1.3 0.18674
1718 1.325 0.187382
1719 1.325 0.187382
1720 1.3 0.179743
1721 1.3 0.179743
1722 1.3 0.179743
1723 1.3 0.179743
1724 1.325 0.18393
1725 1.325 0.18393
1726 1.325 0.18393
1727 1.3 0.18674
1728 1.3 0.18674
1729 1.275 0.186009
1730 1.275 0.189424
1731 1.275 0.189424
1732 1.25 0.178131
1733 1.25 0.178131
1734 1.275 0.175366
1735 1.25 0.170783
1736 1.275 0.178984
1737 1.275 0.178984
1738 1.225 0.177184
1739 1.2 0.176141
1740 1.2 0.176141
1741 1.2 0.176141
1742 1.2 0.176141
1743 1.2 0.168705
1744 1.2 0.176141
1745 1.225 0.177184
1746 1.225 0.177184
1747 1.225 0.177184
1748 1.225 0.177184
1749 1.2 0.176141
1750 1.25 0.181694
1751 1.275 0.178984
1752 1.225 0.173529
1753 1.275 0.189424
1754 1.275 0.189424
1755 1.275 0.189424
1756 1.275 0.189424
1757 1.3 0.193484
1758 1.3 0.193484
1759 1.3 0.193484
1760 1.25 0.181694
1761 1.275 0.186009
1762 1.275 0.189424
1763 1.3 0.2
1764 1.3 0.209395
1765 1.3 0.209395
1766 1.3 0.209395
1767 1.3 0.209395
1768 1.275 0.211792
1769 1.25 0.201755
1770 1.225 0.191108
1771 1.175 0.189085
1772 1.175 0.189085
1773 1.175 0.189085
1774 1.2 0.18674
1775 1.225 0.184278
1776 1.225 0.184278
1777 1.225 0.184278
1778 1.175 0.185664
1779 1.25 0.191987
1780 1.25 0.191987
1781 1.225 0.187724
1782 1.225 0.187724
1783 1.225 0.187724
1784 1.175 0.182179
1785 1.175 0.182179
1786 1.2 0.179743
1787 1.2 0.179743
1788 1.2 0.179743
1789 1.2 0.179743
1790 1.25 0.181694
1791 1.275 0.178984
1792 1.275 0.167896
1793 1.275 0.167896
1794 1.25 0.166987
1795 1.225 0.158063
1796 1.225 0.158063
1797 1.225 0.149733
1798 1.225 0.145389
1799 1.2 0.144115
1800 1.2 0.144115
1801 1.175 0.151435
1802 1.175 0.147142
1803 1.175 0.147142
1804 1.175 0.155611
1805 1.175 0.155611
1806 1.15 0.15
1807 1.15 0.15
1808 1.125 0.148443
1809 1.15 0.145664
1810 1.175 0.142719
1811 1.075 0.135814
1812 1.05 0.133733
1813 1.05 0.128851
1814 1.075 0.135814
1815 1.075 0.140455
1816 1.125 0.14406
1817 1.125 0.14406
1818 1.1 0.142325
1819 1.075 0.135814
1820 1.1 0.133012
1821 1.1 0.133012
1822 1.1 0.133012
1823 1.1 0.133012
1824 1.125 0.134867
1825 1.125 0.134867
1826 1.125 0.134867
1827 1.125 0.134867
1828 1.125 0.134867
1829 1.1 0.133012
1830 1.125 0.139539
1831 1.1 0.142325
1832 1.075 0.140455
1833 1.05 0.138444
1834 1.05 0.138444
1835 1.05 0.138444
1836 1.025 0.140911
1837 1.025 0.140911
1838 1.025 0.140911
1839 1.025 0.140911
1840 1.025 0.140911
1841 1.025 0.140911
1842 1.025 0.140911
1843 1.025 0.140911
1844 1.025 0.140911
1845 1.025 0.140911
1846 1 0.138675
1847 1 0.138675
1848 1.05 0.1517
1849 1.05 0.155868
1850 1.075 0.157657
1851 1.075 0.153537
1852 1.05 0.147414
1853 1.05 0.1517
1854 1 0.147631
1855 1 0.147631
1856 1 0.147631
1857 1.025 0.153954
1858 1.025 0.153954
1859 1.025 0.153954
1860 1 0.147631
1861 1 0.147631
1862 0.975 0.149733
1863 0.975 0.149733
1864 0.9 0.137747
1865 0.875 0.139539
1866 0.9 0.137747
1867 0.875 0.134867
1868 0.875 0.134867
1869 0.9 0.137747
1870 0.925 0.144947
1871 0.925 0.144947
1872 0.925 0.144947
1873 0.95 0.142999
1874 0.975 0.145389
1875 0.975 0.145389
1876 0.925 0.135814
1877 0.975 0.145389
1878 1.025 0.149733
1879 1.075 0.144947
1880 1.1 0.14676
1881 1.15 0.141195
1882 1.175 0.151435
1883 1.125 0.156842
1884 1.125 0.156842
1885 1.1 0.151065
1886 1.1 0.151065
1887 1.075 0.153537
1888 1.175 0.151435
1889 1.1 0.14676
1890 1.125 0.148443
1891 1.1 0.137747
1892 1.1 0.137747
1893 1.125 0.139539
1894 1.1 0.137747
1895 1.1 0.137747
1896 1.1 0.137747
1897 1.1 0.133012
1898 1.05 0.138444
1899 1.025 0.136285
1900 1.075 0.140455
1901 1.075 0.140455
1902 1.05 0.133733
1903 1.025 0.131498
1904 1.025 0.131498
1905 0.975 0.136285
1906 1.025 0.136285
1907 1 0.129099
1908 0.95 0.123776
1909 0.975 0.126529
1910 0.975 0.126529
1911 0.925 0.120828
1912 0.975 0.131498
1913 0.975 0.131498
1914 0.975 0.131498
1915 0.975 0.131498
1916 0.95 0.123776
1917 0.95 0.123776
1918 0.975 0.121357
1919 1 0.124035
1920 0.975 0.121357
1921 0.975 0.121357
1922 0.975 0.131498
1923 0.95 0.133733
1924 0.95 0.133733
1925 0.95 0.133733
1926 0.95 0.133733
1927 0.95 0.133733
1928 0.95 0.133733
1929 0.95 0.133733
1930 0.925 0.126021
1931 0.925 0.126021
1932 0.925 0.126021
1933 0.925 0.126021
1934 0.925 0.126021
1935 0.95 0.128851
1936 0.95 0.128851
1937 0.925 0.131009
1938 0.925 0.131009
1939 0.925 0.131009
1940 0.925 0.131009
1941 0.925 0.135814
1942 0.925 0.140455
1943 0.9 0.142325
1944 0.9 0.142325
1945 0.925 0.140455
1946 0.95 0.142999
1947 0.925 0.140455
1948 0.925 0.140455
1949 0.925 0.140455
1950 0.9 0.137747
1951 0.9 0.137747
1952 0.9 0.137747
1953 0.9 0.137747
1954 0.9 0.137747
1955 0.925 0.144947
1956 0.975 0.149733
1957 0.975 0.145389
1958 1 0.151911
1959 1 0.151911
1960 1 0.151911
1961 1 0.151911
1962 0.9 0.137747
1963 0.875 0.134867
1964 0.875 0.134867
1965 0.875 0.134867
1966 0.875 0.134867
1967 0.875 0.134867
1968 0.9 0.133012
1969 0.925 0.135814
1970 0.95 0.138444
1971 1 0.143223
1972 1 0.143223
1973 1 0.143223
1974 1 0.143223
1975 1 0.143223
1976 0.975 0.145389
1977 0.95 0.138444
1978 0.925 0.140455
1979 0.875 0.139539
1980 0.875 0.139539
1981 0.9 0.142325
1982 0.9 0.142325
1983 0.875 0.139539
1984 0.9 0.137747
1985 0.9 0.137747
1986 0.925 0.135814
1987 0.9 0.128103
1988 0.925 0.135814
1989 0.975 0.136285
1990 0.95 0.133733
1991 0.95 0.133733
1992 0.95 0.133733
1993 0.9 0.137747
1994 0.95 0.138444
1995 0.95 0.138444
1996 0.95 0.138444
1997 0.975 0.140911
1998 0.95 0.142999
1999 0.925 0.140455
2000 0.925 0.140455
2001 0.925 0.140455
2002 0.925 0.140455
2003 0.9 0.137747
2004 0.9 0.137747
2005 0.875 0.139539
2006 0.875 0.139539
2007 0.875 0.139539
2008 0.875 0.139539
2009 0.9 0.142325
2010 0.825 0.147142
2011 0.85 0.145664
2012 0.85 0.145664
2013 0.9 0.142325
2014 0.075 0.0553254
2015 0.075 0.0553254
2016 0.075 0.0553254
