0 0 0
1 0 0
2 0.075 0.0421764
3 0.125 0.0529574
4 0.25 0.0780368
5 0.375 0.0992762
6 0.55 0.112944
7 0.75 0.127852
8 1 0.175412
9 1.225 0.194434
10 1.55 0.226314
11 1.85 0.236291
12 2.275 0.248037
13 2.6 0.267467
14 3.125 0.293492
15 3.625 0.327554
16 4 0.333974
17 4.75 0.35761
18 5.075 0.353349
19 5.375 0.362837
20 5.825 0.380431
21 6.3 0.413242
22 6.725 0.409796
23 7.275 0.441425
24 7.775 0.472971
25 8.2 0.472582
26 8.575 0.482897
27 8.95 0.464026
28 9.3 0.479316
29 9.625 0.481301
30 10.075 0.487521
31 10.5 0.508895
32 10.9 0.535652
33 11.15 0.535353
34 11.525 0.550044
35 11.8 0.550291
36 12.15 0.569018
37 12.35 0.573507
38 12.675 0.539928
39 13 0.543021
40 13.25 0.561306
41 13.475 0.563855
42 13.625 0.573661
43 13.85 0.572388
44 14.2 0.589654
45 14.45 0.60016
46 14.55 0.595873
47 14.775 0.6018
48 14.925 0.603821
49 15.125 0.608895
50 15.225 0.610262
51 15.55 0.605477
52 15.825 0.606469
53 16 0.587258
54 16.175 0.590401
55 16.275 0.587244
56 16.5 0.589437
57 16.8 0.571996
58 16.9 0.578238
59 17.025 0.589967
60 17.25 0.598877
61 17.4 0.60954
62 17.525 0.592677
63 17.65 0.603993
64 17.825 0.604351
65 18.025 0.615492
66 18.05 0.611796
67 18.275 0.610787
68 18.35 0.612425
69 18.475 0.613928
70 18.625 0.603077
71 18.675 0.596343
72 18.725 0.596988
73 18.925 0.58877
74 19.075 0.592028
75 19.2 0.597216
76 19.25 0.597806
77 19.35 0.600801
78 19.425 0.602226
79 19.6 0.606376
80 19.6 0.606376
81 19.675 0.612255
82 19.7 0.614149
83 19.825 0.62109
84 19.875 0.620367
85 19.975 0.619644
86 20.05 0.618051
87 20.125 0.624487
88 20.275 0.625308
89 20.35 0.617636
90 20.375 0.621915
91 20.45 0.614932
92 20.5 0.6108
93 20.575 0.610682
94 20.675 0.614345
95 20.7 0.608908
96 20.85 0.621774
97 20.925 0.628783
98 20.975 0.62582
99 21.05 0.63139
100 21.075 0.623665
101 21.175 0.632341
102 21.225 0.638997
103 21.25 0.640262
104 21.3 0.644702
105 21.45 0.632405
106 21.5 0.634479
107 21.55 0.632405
108 21.6 0.631238
109 21.675 0.63588
110 21.7 0.640713
111 21.725 0.6405
112 21.75 0.645249
113 21.825 0.648358
114 21.9 0.646291
115 21.95 0.643458
116 22 0.650444
117 22.075 0.652792
118 22.075 0.652792
119 22.175 0.646378
120 22.2 0.650641
121 22.2 0.650641
122 22.225 0.652891
123 22.275 0.648457
124 22.275 0.648457
125 22.3 0.646688
126 22.325 0.646874
127 22.375 0.649149
128 22.4 0.645299
129 22.45 0.647431
130 22.55 0.637453
131 22.65 0.630984
132 22.65 0.630984
133 22.65 0.630984
134 22.725 0.652399
135 22.75 0.651182
136 22.75 0.651182
137 22.775 0.650924
138 22.825 0.654264
139 22.825 0.654264
140 22.825 0.654264
141 22.85 0.65589
142 22.875 0.656513
143 22.9 0.656135
144 22.925 0.665436
145 22.925 0.665436
146 22.925 0.665436
147 22.925 0.665436
148 22.95 0.664049
149 23.025 0.662636
150 23.025 0.662636
151 23.025 0.662636
152 23.025 0.662636
153 23.05 0.665977
154 23.05 0.665977
155 23.1 0.663905
156 23.125 0.660407
157 23.125 0.660407
158 23.175 0.664954
159 23.175 0.664954
160 23.2 0.666218
161 23.2 0.666218
162 23.2 0.666218
163 23.2 0.666218
164 23.2 0.666218
165 23.2 0.666218
166 23.225 0.67033
167 23.275 0.676518
168 23.275 0.676518
169 23.3 0.676719
170 23.35 0.668475
171 23.4 0.673491
172 23.4 0.673491
173 23.4 0.673491
174 23.425 0.672622
175 23.425 0.672622
176 23.475 0.668895
177 23.475 0.668895
178 23.5 0.667947
179 23.55 0.671728
180 23.6 0.679177
181 23.65 0.680827
182 23.65 0.680827
183 23.675 0.685367
184 23.725 0.690585
185 23.75 0.692219
186 23.75 0.692219
187 23.75 0.692219
188 23.75 0.692219
189 23.75 0.692219
190 23.75 0.692219
191 23.775 0.691976
192 23.775 0.691976
193 23.825 0.694195
194 23.8 0.694484
195 23.8 0.694484
196 23.8 0.694484
197 23.8 0.694484
198 23.825 0.695118
199 23.85 0.695729
200 23.875 0.694472
201 23.875 0.694472
202 23.875 0.694472
203 23.875 0.694472
204 23.875 0.694472
205 23.9 0.699634
206 23.9 0.699634
207 23.925 0.704734
208 23.925 0.704734
209 23.95 0.704336
210 23.95 0.704336
211 24 0.704382
212 24.025 0.708454
213 24.025 0.708454
214 24.025 0.708454
215 24.025 0.708454
216 24 0.707107
217 24.025 0.703004
218 24.025 0.703004
219 24.05 0.693329
220 24.075 0.693733
221 24.1 0.695959
222 24.075 0.6965
223 24.075 0.6965
224 24.075 0.6965
225 24.075 0.6965
226 24.075 0.6965
227 24.1 0.697799
228 24.1 0.697799
229 24.1 0.697799
230 24.125 0.694472
231 24.125 0.694472
232 24.125 0.694472
233 24.125 0.694472
234 24.125 0.694472
235 24.15 0.70032
236 24.15 0.70032
237 24.15 0.70032
238 24.175 0.701544
239 24.175 0.701544
240 24.175 0.701544
241 24.175 0.701544
242 24.175 0.701544
243 24.175 0.701544
244 24.175 0.701544
245 24.175 0.701544
246 24.2 0.701829
247 24.2 0.701829
248 24.2 0.701829
249 24.2 0.701829
250 24.2 0.701829
251 24.2 0.701829
252 24.225 0.703004
253 24.225 0.703004
254 24.225 0.703004
255 24.225 0.703004
256 24.225 0.703004
257 24.225 0.703004
258 24.2 0.704564
259 24.175 0.70428
260 24.175 0.70428
261 24.225 0.702092
262 24.225 0.702092
263 24.225 0.702092
264 24.225 0.702092
265 24.225 0.702092
266 24.25 0.700503
267 24.275 0.706188
268 24.275 0.706188
269 24.275 0.706188
270 24.275 0.706188
271 24.275 0.706188
272 24.275 0.706188
273 24.275 0.706188
274 24.275 0.706188
275 24.275 0.706188
276 24.275 0.706188
277 24.275 0.706188
278 24.275 0.706188
279 24.275 0.706188
280 24.3 0.714502
281 24.3 0.714502
282 24.3 0.714502
283 24.3 0.714502
284 24.3 0.714502
285 24.3 0.714502
286 24.3 0.714502
287 24.3 0.714502
288 24.3 0.714502
289 24.3 0.714502
290 24.325 0.716462
291 24.325 0.716462
292 24.325 0.716462
293 24.325 0.716462
294 24.325 0.716462
295 24.325 0.716462
296 24.325 0.716462
297 24.325 0.716462
298 24.325 0.716462
299 24.325 0.716462
300 24.325 0.716462
301 24.325 0.716462
302 24.325 0.716462
303 24.325 0.716462
304 24.325 0.716462
305 24.325 0.716462
306 24.325 0.716462
307 24.325 0.716462
308 24.325 0.716462
309 24.325 0.716462
310 24.325 0.716462
311 24.325 0.716462
312 24.3 0.717188
313 24.325 0.718249
314 24.325 0.718249
315 24.325 0.718249
316 24.325 0.718249
317 24.325 0.718249
318 24.325 0.718249
319 24.35 0.722842
320 24.35 0.722842
321 24.35 0.722842
322 24.375 0.727383
323 24.375 0.727383
324 24.375 0.727383
325 24.4 0.726601
326 24.4 0.726601
327 24.4 0.726601
328 24.4 0.726601
329 24.4 0.726601
330 24.4 0.726601
331 24.4 0.726601
332 24.4 0.726601
333 24.4 0.726601
334 24.4 0.726601
335 24.4 0.726601
336 24.4 0.726601
337 24.4 0.726601
338 24.4 0.726601
339 24.4 0.726601
340 24.4 0.726601
341 24.4 0.726601
342 24.4 0.726601
343 24.425 0.726678
344 24.425 0.726678
345 24.425 0.726678
346 24.425 0.726678
347 24.425 0.726678
348 24.425 0.726678
349 24.425 0.726678
350 24.425 0.726678
351 24.425 0.726678
352 24.4 0.725718
353 24.425 0.726678
354 24.425 0.726678
355 24.425 0.726678
356 24.425 0.726678
357 24.425 0.726678
358 24.425 0.726678
359 24.425 0.726678
360 24.425 0.726678
361 24.425 0.726678
362 24.425 0.726678
363 24.425 0.726678
364 24.425 0.726678
365 24.425 0.726678
366 24.425 0.726678
367 24.45 0.729375
368 24.475 0.725884
369 24.475 0.725884
370 24.5 0.73205
371 24.5 0.73205
372 24.5 0.73205
373 24.525 0.735534
374 24.55 0.737242
375 24.55 0.737242
376 24.525 0.735534
377 24.525 0.735534
378 24.525 0.735534
379 24.525 0.735534
380 24.525 0.735534
381 24.525 0.735534
382 24.525 0.735534
383 24.525 0.735534
384 24.55 0.736372
385 24.55 0.736372
386 24.55 0.736372
387 24.55 0.736372
388 24.575 0.738057
389 24.6 0.730121
390 24.6 0.730121
391 24.6 0.730121
392 24.6 0.730121
393 24.6 0.730121
394 24.625 0.731776
395 24.625 0.731776
396 24.625 0.731776
397 24.625 0.731776
398 24.625 0.731776
399 24.625 0.731776
400 24.625 0.731776
401 24.625 0.731776
402 24.625 0.731776
403 24.625 0.731776
404 24.625 0.731776
405 24.625 0.731776
406 24.625 0.731776
407 24.65 0.732532
408 24.65 0.732532
409 24.65 0.732532
410 24.625 0.736143
411 24.625 0.736143
412 24.65 0.741231
413 24.65 0.741231
414 24.65 0.741231
415 24.65 0.741231
416 24.675 0.743681
417 24.675 0.743681
418 24.7 0.740062
419 24.7 0.740062
420 24.7 0.740062
421 24.7 0.740062
422 24.7 0.740062
423 24.7 0.740062
424 24.7 0.740062
425 24.725 0.741609
426 24.725 0.741609
427 24.725 0.741609
428 24.75 0.742268
429 24.75 0.742268
430 24.75 0.742268
431 24.75 0.742268
432 24.75 0.742268
433 24.75 0.742268
434 24.75 0.742268
435 24.75 0.742268
436 24.75 0.742268
437 24.75 0.742268
438 24.75 0.742268
439 24.75 0.742268
440 24.75 0.742268
441 24.75 0.742268
442 24.75 0.742268
443 24.75 0.742268
444 24.75 0.742268
445 24.75 0.742268
446 24.75 0.742268
447 24.75 0.742268
448 24.75 0.742268
449 24.75 0.742268
450 24.775 0.744628
451 24.775 0.744628
452 24.775 0.744628
453 24.775 0.744628
454 24.775 0.744628
455 24.775 0.744628
456 24.775 0.744628
457 24.775 0.744628
458 24.775 0.744628
459 24.775 0.744628
460 24.775 0.744628
461 24.775 0.744628
462 24.775 0.744628
463 24.775 0.744628
464 24.775 0.744628
465 24.775 0.744628
466 24.775 0.744628
467 24.775 0.744628
468 24.775 0.744628
469 24.775 0.744628
470 24.775 0.744628
471 24.775 0.744628
472 24.775 0.744628
473 24.775 0.744628
474 24.775 0.744628
475 24.775 0.744628
476 24.8 0.737459
477 24.8 0.737459
478 24.775 0.731601
479 24.775 0.731601
480 24.775 0.731601
481 24.775 0.731601
482 24.775 0.731601
483 24.775 0.731601
484 24.775 0.731601
485 24.775 0.731601
486 24.775 0.731601
487 24.775 0.731601
488 24.775 0.731601
489 24.825 0.738057
490 24.825 0.738057
491 24.825 0.738057
492 24.825 0.738057
493 24.825 0.738057
494 24.825 0.738057
495 24.825 0.738057
496 24.825 0.738057
497 24.825 0.738057
498 24.825 0.738057
499 24.825 0.738057
500 24.825 0.738057
501 24.8 0.733974
502 24.825 0.738057
503 24.75 0.751707
504 24.725 0.747635
505 24.7 0.757188
506 24.625 0.756754
507 24.55 0.756976
508 24.575 0.753528
509 24.55 0.754431
510 24.4 0.745757
511 24.375 0.738751
512 24.275 0.725
513 24.25 0.732707
514 24.175 0.714221
515 24.125 0.713593
516 24 0.702559
517 24.05 0.710679
518 24 0.711625
519 24 0.711625
520 23.925 0.720032
521 23.875 0.709991
522 23.925 0.715566
523 23.9 0.706018
524 23.875 0.716283
525 23.925 0.713772
526 23.875 0.719854
527 23.85 0.724613
528 23.95 0.729375
529 23.975 0.728088
530 23.875 0.718962
531 23.825 0.713323
532 23.8 0.709098
533 23.75 0.715891
534 23.75 0.721244
535 23.725 0.70981
536 23.8 0.711805
537 23.85 0.692033
538 23.825 0.686768
539 23.775 0.680768
540 23.775 0.683587
541 23.6 0.687619
542 23.625 0.697695
543 23.6 0.723063
544 23.625 0.72385
545 23.675 0.732389
546 23.7 0.731349
547 23.675 0.723584
548 23.725 0.717892
549 23.75 0.721244
550 23.65 0.717501
551 23.55 0.733756
552 23.6 0.731875
553 23.575 0.738057
554 23.575 0.750118
555 23.575 0.756923
556 23.625 0.76266
557 23.625 0.76266
558 23.625 0.769355
559 23.725 0.7587
560 23.8 0.763091
561 23.875 0.764759
562 23.9 0.756849
563 23.85 0.757484
564 23.825 0.755228
565 23.85 0.750683
566 23.975 0.749776
567 23.9 0.740582
568 23.875 0.738317
569 23.85 0.729023
570 23.9 0.730999
571 23.95 0.732882
572 23.925 0.735882
573 23.925 0.740225
574 23.925 0.738491
575 23.8 0.742656
576 23.825 0.719586
577 23.75 0.731831
578 23.725 0.732914
579 23.75 0.72479
580 23.65 0.727262
581 23.725 0.726766
582 23.775 0.733352
583 23.9 0.734498
584 23.925 0.746262
585 23.875 0.74437
586 23.95 0.755281
587 24 0.745929
588 23.9 0.737111
589 23.875 0.726943
590 23.9 0.737111
591 23.9 0.741447
592 23.925 0.731514
593 24 0.745929
594 23.975 0.745489
595 23.95 0.741577
596 23.9 0.73537
597 23.925 0.744542
598 23.9 0.737111
599 23.95 0.720532
600 24.025 0.71923
601 24.05 0.714277
602 24.05 0.724082
603 23.975 0.715656
604 24.075 0.72181
605 24.075 0.72181
606 24.075 0.725354
607 24.125 0.720743
608 24.15 0.729902
609 24.25 0.730955
610 24.325 0.73501
611 24.35 0.736894
612 24.425 0.742387
613 24.375 0.743939
614 24.4 0.726601
615 24.45 0.718751
616 24.55 0.713379
617 24.675 0.722697
618 24.525 0.725884
619 24.6 0.71504
620 24.65 0.706699
621 24.625 0.70773
622 24.6 0.696879
623 24.6 0.691338
624 24.625 0.692161
625 24.675 0.681615
626 24.85 0.691107
627 24.875 0.69077
628 24.725 0.715208
629 24.7 0.713604
630 24.725 0.700721
631 24.75 0.702331
632 24.8 0.707288
633 24.925 0.720032
634 24.85 0.71302
635 24.875 0.716283
636 24.85 0.719286
637 24.9 0.712345
638 24.975 0.704825
639 24.975 0.703004
640 24.95 0.709776
641 24.95 0.706154
642 25.05 0.702514
643 25.05 0.71158
644 25.125 0.699989
645 25.175 0.719586
646 25.15 0.719286
647 25.125 0.720743
648 25.1 0.721288
649 25.175 0.710622
650 25.275 0.715208
651 25.25 0.723905
652 25.225 0.709358
653 25.25 0.7132
654 25.25 0.701418
655 25.15 0.692033
656 25.15 0.709415
657 25.225 0.734225
658 25.225 0.743767
659 25.325 0.733264
660 25.425 0.74325
661 25.425 0.750118
662 25.45 0.772068
663 25.45 0.761198
664 25.45 0.756129
665 25.375 0.755906
666 25.55 0.739846
667 25.55 0.729375
668 25.625 0.724735
669 25.65 0.721954
670 25.725 0.727648
671 25.775 0.720121
672 25.8 0.715398
673 26.025 0.69012
674 26 0.691524
675 25.95 0.707061
676 25.9 0.70511
677 25.925 0.679732
678 25.925 0.677843
679 25.825 0.676423
680 25.875 0.670044
681 25.95 0.666939
682 25.925 0.662539
683 26.025 0.650924
684 26.075 0.665436
685 26.125 0.675759
686 25.975 0.658755
687 25.95 0.665977
688 25.9 0.666795
689 25.95 0.680262
690 25.95 0.684021
691 26.125 0.704553
692 26.125 0.697236
693 26.275 0.684993
694 26.3 0.690782
695 26.4 0.684817
696 26.375 0.675285
697 26.325 0.663506
698 26.35 0.660759
699 26.4 0.668715
700 26.25 0.660953
701 26.25 0.668667
702 26.275 0.662152
703 26.35 0.669433
704 26.35 0.659788
705 26.425 0.668799
706 26.4 0.672538
707 26.4 0.665833
708 26.3 0.656525
709 26.325 0.678788
710 26.275 0.689656
711 26.275 0.67462
712 26.25 0.683833
713 26.375 0.677181
714 26.5 0.675581
715 26.5 0.67082
716 26.4 0.67634
717 26.5 0.703471
718 26.6 0.694114
719 26.65 0.70032
720 26.6 0.697799
721 26.65 0.707605
722 26.625 0.701361
723 26.6 0.701464
724 26.725 0.700721
725 26.675 0.711073
726 26.675 0.71467
727 26.65 0.725497
728 26.65 0.733406
729 26.75 0.734454
730 26.8 0.7331
731 26.75 0.72479
732 26.725 0.711614
733 26.725 0.707095
734 26.675 0.720921
735 26.725 0.715208
736 26.775 0.71476
737 26.8 0.702742
738 26.825 0.70428
739 26.8 0.698166
740 26.775 0.699347
741 26.825 0.713323
742 26.9 0.73275
743 26.975 0.732477
744 27.075 0.753953
745 27.075 0.751398
746 27.175 0.755228
747 27.05 0.76204
748 27.025 0.752336
749 27.05 0.760356
750 26.95 0.753581
751 26.975 0.753188
752 27.05 0.746745
753 27.05 0.740712
754 26.975 0.752336
755 27 0.757865
756 27.125 0.759713
757 27.1 0.755153
758 27.15 0.743821
759 27.175 0.74325
760 27.2 0.730472
761 27.15 0.733406
762 27.025 0.747206
763 26.975 0.763332
764 27 0.77294
765 27.05 0.745026
766 27.1 0.740582
767 27.1 0.73537
768 27.075 0.745403
769 27.05 0.746745
770 27.1 0.764434
771 27.15 0.773396
772 27.15 0.76924
773 27.175 0.774504
774 27.125 0.787065
775 27.2 0.785445
776 27.275 0.803827
777 27.325 0.808915
778 27.3 0.78626
779 27.275 0.789342
780 27.325 0.787228
781 27.3 0.789515
782 27.35 0.799479
783 27.45 0.807775
784 27.55 0.803797
785 27.575 0.809311
786 27.55 0.810943
787 27.625 0.83181
788 27.6 0.818692
789 27.575 0.817977
790 27.525 0.821964
791 27.525 0.825854
792 27.35 0.812207
793 27.275 0.80542
794 27.25 0.800441
795 27.275 0.807804
796 27.4 0.794048
797 27.4 0.794048
798 27.45 0.798195
799 27.625 0.819386
800 27.6 0.81398
801 27.575 0.803747
802 27.625 0.798787
803 27.6 0.781025
804 27.525 0.765429
805 27.5 0.766276
806 27.5 0.761241
807 27.475 0.731163
808 27.425 0.737188
809 27.425 0.725795
810 27.375 0.7309
811 27.45 0.719642
812 27.4 0.714143
813 27.4 0.71504
814 27.425 0.718695
815 27.45 0.726733
816 27.45 0.725851
817 27.5 0.734672
818 27.575 0.738925
819 27.575 0.742387
820 27.65 0.736894
821 27.675 0.741955
822 27.7 0.763091
823 27.75 0.744854
824 27.775 0.743767
825 27.725 0.745918
826 27.725 0.746777
827 27.75 0.751707
828 27.775 0.758277
829 27.725 0.766266
830 27.725 0.754463
831 27.775 0.768354
832 27.875 0.7838
833 27.9 0.782665
834 27.975 0.784863
835 28 0.796628
836 28.025 0.80263
837 28.15 0.814571
838 28.25 0.806822
839 28.275 0.791775
840 28.225 0.797824
841 28.25 0.789149
842 28.25 0.798837
843 28.3 0.806385
844 28.3 0.806385
845 28.275 0.790965
846 28.25 0.785893
847 28.3 0.791947
848 28.375 0.786658
849 28.325 0.784781
850 28.3 0.783811
851 28.35 0.78164
852 28.325 0.777395
853 28.325 0.783146
854 28.275 0.795812
855 28.375 0.792341
856 28.35 0.79546
857 28.325 0.788855
858 28.375 0.810735
859 28.425 0.806931
860 28.45 0.821935
861 28.35 0.812207
862 28.3 0.826019
863 28.225 0.814522
864 28.25 0.818653
865 28.3 0.817438
866 28.275 0.804624
867 28.325 0.807328
868 28.325 0.807328
869 28.375 0.80836
870 28.325 0.809707
871 28.275 0.787716
872 28.35 0.783279
873 28.375 0.785026
874 28.325 0.803348
875 28.425 0.804544
876 28.45 0.806981
877 28.45 0.811733
878 28.425 0.803747
879 28.425 0.805341
880 28.3 0.8024
881 28.25 0.796426
882 28.275 0.801431
883 28.4 0.808449
884 28.425 0.806136
885 28.425 0.813261
886 28.425 0.813261
887 28.4 0.805271
888 28.35 0.806663
889 28.25 0.796426
890 28.375 0.800391
891 28.4 0.805271
892 28.325 0.796939
893 28.375 0.788286
894 28.45 0.789312
895 28.35 0.775052
896 28.375 0.787472
897 28.35 0.783279
898 28.325 0.794523
899 28.375 0.800391
900 28.575 0.802949
901 28.55 0.804594
902 28.575 0.800551
903 28.5 0.80224
904 28.55 0.806981
905 28.6 0.812404
906 28.725 0.814128
907 28.725 0.81334
908 28.675 0.816801
909 28.7 0.82135
910 28.725 0.806216
911 28.725 0.81334
912 28.9 0.821818
913 28.9 0.807656
914 28.875 0.800791
915 28.875 0.81034
916 28.875 0.803986
917 28.875 0.771435
918 28.975 0.770853
919 29.05 0.761198
920 29.075 0.769938
921 29.125 0.7838
922 29.15 0.788174
923 29.175 0.794119
924 29.2 0.797593
925 29.3 0.790326
926 29.3 0.806385
927 29.275 0.784454
928 29.325 0.796939
929 29.35 0.79223
930 29.4 0.77691
931 29.425 0.754378
932 29.4 0.761914
933 29.425 0.772017
934 29.425 0.772017
935 29.45 0.786871
936 29.4 0.794855
937 29.3 0.791137
938 29.3 0.804793
939 29.325 0.807328
940 29.35 0.804275
941 29.375 0.794765
942 29.4 0.794855
943 29.375 0.795571
944 29.35 0.784097
945 29.4 0.795661
946 29.45 0.803797
947 29.425 0.794119
948 29.475 0.793392
949 29.4 0.802879
950 29.325 0.81523
951 29.3 0.81035
952 29.35 0.809043
953 29.35 0.820061
954 29.425 0.798145
955 29.45 0.7998
956 29.425 0.801351
957 29.4 0.798075
958 29.375 0.787472
959 29.275 0.792584
960 29.325 0.778219
961 29.25 0.795621
962 29.225 0.799429
963 29.275 0.799028
964 29.35 0.813784
965 29.375 0.805977
966 29.3 0.783811
967 29.3 0.782992
968 29.25 0.792392
969 29.3 0.782173
970 29.275 0.775413
971 29.25 0.773562
972 29.275 0.766266
973 29.375 0.76266
974 29.4 0.761072
975 29.4 0.752602
976 29.4 0.756849
977 29.5 0.766276
978 29.475 0.762072
979 29.5 0.725895
980 29.5 0.746788
981 29.5 0.724126
982 29.575 0.717802
983 29.675 0.740225
984 29.775 0.73684
985 29.825 0.767018
986 29.95 0.76204
987 29.925 0.764088
988 29.825 0.773675
989 29.75 0.776869
990 29.725 0.786902
991 29.625 0.793958
992 29.625 0.793958
993 29.7 0.793564
994 29.675 0.790478
995 29.775 0.798627
996 29.65 0.80268
997 29.825 0.810893
998 29.975 0.801831
999 30.025 0.820793
1000 30.075 0.846098
1001 29.95 0.847281
1002 29.9 0.841092
1003 29.8 0.831434
1004 29.85 0.829388
1005 29.825 0.830421
1006 30.075 0.846098
1007 30.175 0.847233
1008 30.25 0.845615
1009 30.25 0.845615
1010 30.3 0.842158
1011 30.325 0.844581
1012 30.4 0.852447
1013 30.4 0.849434
1014 30.5 0.84883
1015 30.55 0.843489
1016 30.6 0.844894
1017 30.675 0.846098
1018 30.7 0.844439
1019 30.725 0.849576
1020 30.8 0.8535
1021 30.925 0.844581
1022 31 0.840482
1023 31.075 0.846098
1024 31.175 0.838869
1025 31.225 0.843898
1026 31.3 0.836047
1027 31.325 0.840778
1028 31.425 0.829649
1029 31.475 0.82663
1030 31.525 0.82663
1031 31.55 0.835088
1032 31.575 0.840396
1033 31.65 0.834013
1034 31.7 0.82213
1035 31.75 0.820998
1036 31.75 0.820998
1037 31.775 0.81923
1038 31.8 0.828344
1039 31.85 0.826291
1040 31.9 0.819475
1041 31.975 0.821574
1042 32 0.830508
1043 32.05 0.826601
1044 32.075 0.829262
1045 32.075 0.829262
1046 32.1 0.828034
1047 32.15 0.837847
1048 32.2 0.82989
1049 32.25 0.817085
1050 32.325 0.830807
1051 32.35 0.828615
1052 32.4 0.830354
1053 32.4 0.830354
1054 32.4 0.830354
1055 32.425 0.826553
1056 32.45 0.821935
1057 32.55 0.810943
1058 32.575 0.807725
1059 32.625 0.811526
1060 32.625 0.826397
1061 32.625 0.826397
1062 32.625 0.827947
1063 32.675 0.838487
1064 32.675 0.838487
1065 32.7 0.836813
1066 32.725 0.835884
1067 32.775 0.82934
1068 32.8 0.833743
1069 32.825 0.831193
1070 32.825 0.831193
1071 32.85 0.829388
1072 32.875 0.826785
1073 32.875 0.826785
1074 32.85 0.829388
1075 32.9 0.834973
1076 32.9 0.834973
1077 32.95 0.832782
1078 32.975 0.833965
1079 32.975 0.833965
1080 33 0.838955
1081 33 0.838955
1082 33 0.838955
1083 33 0.838955
1084 33 0.838955
1085 33.025 0.837799
1086 33.025 0.837799
1087 33.025 0.837799
1088 33.075 0.840015
1089 33.075 0.840015
1090 33.075 0.840015
1091 33.075 0.840015
1092 33.1 0.838803
1093 33.125 0.842149
1094 33.15 0.841663
1095 33.15 0.841663
1096 33.15 0.841663
1097 33.15 0.841663
1098 33.175 0.842682
1099 33.2 0.842919
1100 33.2 0.842919
1101 33.25 0.843337
1102 33.25 0.843337
1103 33.275 0.845795
1104 33.275 0.845795
1105 33.3 0.843679
1106 33.3 0.843679
1107 33.3 0.843679
1108 33.3 0.843679
1109 33.325 0.846098
1110 33.325 0.846098
1111 33.325 0.846098
1112 33.35 0.851507
1113 33.35 0.851507
1114 33.35 0.851507
1115 33.35 0.851507
1116 33.375 0.856863
1117 33.375 0.856863
1118 33.4 0.85395
1119 33.4 0.85395
1120 33.4 0.85395
1121 33.4 0.85395
1122 33.425 0.855516
1123 33.475 0.860819
1124 33.475 0.860819
1125 33.475 0.860819
1126 33.5 0.861573
1127 33.525 0.864534
1128 33.55 0.863765
1129 33.575 0.870372
1130 33.6 0.873983
1131 33.6 0.873983
1132 33.525 0.864534
1133 33.575 0.867421
1134 33.575 0.867421
1135 33.575 0.867421
1136 33.6 0.868834
1137 33.6 0.868834
1138 33.625 0.866534
1139 33.65 0.86421
1140 33.65 0.86421
1141 33.65 0.86421
1142 33.7 0.864692
1143 33.725 0.860074
1144 33.75 0.85241
1145 33.75 0.85241
1146 33.75 0.85241
1147 33.75 0.85241
1148 33.75 0.85241
1149 33.75 0.85241
1150 33.725 0.854091
1151 33.725 0.854091
1152 33.725 0.854091
1153 33.775 0.852964
1154 33.775 0.848443
1155 33.8 0.845956
1156 33.8 0.845956
1157 33.8 0.845956
1158 33.8 0.845956
1159 33.8 0.845956
1160 33.825 0.844202
1161 33.825 0.844202
1162 33.825 0.844202
1163 33.825 0.844202
1164 33.825 0.844202
1165 33.825 0.844202
1166 33.825 0.844202
1167 33.825 0.844202
1168 33.825 0.844202
1169 33.825 0.844202
1170 33.825 0.844202
1171 33.825 0.844202
1172 33.825 0.844202
1173 33.825 0.844202
1174 33.85 0.837847
1175 33.85 0.837847
1176 33.85 0.837847
1177 33.875 0.840625
1178 33.9 0.837273
1179 33.9 0.837273
1180 33.9 0.837273
1181 33.925 0.836191
1182 33.925 0.836191
1183 33.925 0.836191
1184 33.925 0.836191
1185 33.95 0.841968
1186 33.975 0.840091
1187 34 0.842006
1188 34 0.842006
1189 34.05 0.857807
1190 34.05 0.857807
1191 34.05 0.857807
1192 34.075 0.856639
1193 34.05 0.854063
1194 34.05 0.854063
1195 34.1 0.85395
1196 34.1 0.85395
1197 34.1 0.85395
1198 34.125 0.860223
1199 34.125 0.860223
1200 34.15 0.854513
1201 34.15 0.854513
1202 34.15 0.854513
1203 34.15 0.854513
1204 34.15 0.864951
1205 34.15 0.864951
1206 34.125 0.866904
1207 34.125 0.866904
1208 34.125 0.866904
1209 34.15 0.867172
1210 34.175 0.870372
1211 34.175 0.870372
1212 34.225 0.872285
1213 34.225 0.872285
1214 34.25 0.869534
1215 34.25 0.869534
1216 34.25 0.869534
1217 34.25 0.869534
1218 34.25 0.869534
1219 34.325 0.867052
1220 34.325 0.867052
1221 34.325 0.867052
1222 34.35 0.868649
1223 34.35 0.868649
1224 34.35 0.868649
1225 34.35 0.868649
1226 34.35 0.868649
1227 34.35 0.868649
1228 34.325 0.864831
1229 34.325 0.87368
1230 34.325 0.87368
1231 34.35 0.871596
1232 34.375 0.868751
1233 34.375 0.868751
1234 34.375 0.868751
1235 34.375 0.868751
1236 34.375 0.868751
1237 34.4 0.872515
1238 34.425 0.871844
1239 34.425 0.871844
1240 34.425 0.871844
1241 34.425 0.871844
1242 34.425 0.871844
1243 34.425 0.871844
1244 34.425 0.871844
1245 34.425 0.871844
1246 34.425 0.871844
1247 34.425 0.871844
1248 34.425 0.871844
1249 34.425 0.871844
1250 34.425 0.871844
1251 34.425 0.871844
1252 34.425 0.871844
1253 34.425 0.871844
1254 34.425 0.871844
1255 34.425 0.871844
1256 34.425 0.871844
1257 34.425 0.871844
1258 34.425 0.871844
1259 34.425 0.871844
1260 34.425 0.871844
1261 34.425 0.871844
1262 34.425 0.871844
1263 34.4 0.87178
1264 34.4 0.87178
1265 34.4 0.87178
1266 34.425 0.863718
1267 34.425 0.863718
1268 34.425 0.863718
1269 34.425 0.863718
1270 34.425 0.863718
1271 34.425 0.863718
1272 34.425 0.863718
1273 34.425 0.863718
1274 34.45 0.861536
1275 34.475 0.859329
1276 34.475 0.859329
1277 34.475 0.859329
1278 34.45 0.861536
1279 34.45 0.861536
1280 34.45 0.861536
1281 34.45 0.861536
1282 34.475 0.861564
1283 34.475 0.861564
1284 34.475 0.861564
1285 34.475 0.861564
1286 34.475 0.861564
1287 34.5 0.867505
1288 34.5 0.867505
1289 34.5 0.867505
1290 34.5 0.867505
1291 34.5 0.867505
1292 34.5 0.867505
1293 34.475 0.867495
1294 34.475 0.867495
1295 34.475 0.867495
1296 34.475 0.867495
1297 34.525 0.868972
1298 34.525 0.868972
1299 34.525 0.868972
1300 34.5 0.871191
1301 34.5 0.871191
1302 34.5 0.871191
1303 34.5 0.871191
1304 34.5 0.871191
1305 34.525 0.868972
1306 34.525 0.868972
1307 34.525 0.868972
1308 34.525 0.868972
1309 34.55 0.867468
1310 34.55 0.867468
1311 34.55 0.867468
1312 34.55 0.867468
1313 34.55 0.867468
1314 34.575 0.868898
1315 34.6 0.87178
1316 34.6 0.87178
1317 34.6 0.87178
1318 34.6 0.87178
1319 34.6 0.87178
1320 34.625 0.874634
1321 34.65 0.87819
1322 34.65 0.87819
1323 34.65 0.87819
1324 34.65 0.87819
1325 34.65 0.87819
1326 34.7 0.881578
1327 34.7 0.881578
1328 34.7 0.881578
1329 34.7 0.881578
1330 34.7 0.881578
1331 34.7 0.881578
1332 34.7 0.881578
1333 34.7 0.881578
1334 34.7 0.881578
1335 34.7 0.881578
1336 34.7 0.881578
1337 34.7 0.881578
1338 34.7 0.881578
1339 34.7 0.881578
1340 34.675 0.888955
1341 34.675 0.888955
1342 34.675 0.888955
1343 34.675 0.888955
1344 34.675 0.888955
1345 34.675 0.888955
1346 34.675 0.888955
1347 34.675 0.888955
1348 34.725 0.887222
1349 34.75 0.879795
1350 34.75 0.879795
1351 34.75 0.879795
1352 34.75 0.879795
1353 34.75 0.879795
1354 34.75 0.879795
1355 34.75 0.879795
1356 34.75 0.879795
1357 34.75 0.879795
1358 34.75 0.879795
1359 34.75 0.879795
1360 34.75 0.879795
1361 34.75 0.879795
1362 34.75 0.879795
1363 34.775 0.877414
1364 34.775 0.877414
1365 34.775 0.877414
1366 34.775 0.877414
1367 34.775 0.877414
1368 34.775 0.877414
1369 34.8 0.875741
1370 34.825 0.875513
1371 34.825 0.875513
1372 34.825 0.875513
1373 34.85 0.881832
1374 34.85 0.881832
1375 34.85 0.881832
1376 34.85 0.881832
1377 34.85 0.881832
1378 34.85 0.881832
1379 34.85 0.881832
1380 34.85 0.881832
1381 34.85 0.881832
1382 34.85 0.881832
1383 34.85 0.881832
1384 34.85 0.881832
1385 34.85 0.881832
1386 34.85 0.881832
1387 34.85 0.881832
1388 34.85 0.881832
1389 34.85 0.881832
1390 34.85 0.881832
1391 34.85 0.881832
1392 34.85 0.881832
1393 34.85 0.881832
1394 34.85 0.881832
1395 34.85 0.881832
1396 34.85 0.881832
1397 34.85 0.881832
1398 34.825 0.884255
1399 34.8 0.88593
1400 34.8 0.88593
1401 34.8 0.88593
1402 34.8 0.88593
1403 34.8 0.88593
1404 34.8 0.88593
1405 34.8 0.88593
1406 34.8 0.88593
1407 34.8 0.88593
1408 34.8 0.88593
1409 34.8 0.88593
1410 34.8 0.88593
1411 34.8 0.88593
1412 34.8 0.88593
1413 34.825 0.880623
1414 34.825 0.880623
1415 34.825 0.880623
1416 34.825 0.880623
1417 34.85 0.891951
1418 34.85 0.891951
1419 34.85 0.891951
1420 34.85 0.891951
1421 34.875 0.890252
1422 34.85 0.891951
1423 34.825 0.894347
1424 34.825 0.894347
1425 34.825 0.894347
1426 34.825 0.894347
1427 34.825 0.894347
1428 34.825 0.894347
1429 34.825 0.894347
1430 34.8 0.900285
1431 34.8 0.900285
1432 34.8 0.900285
1433 34.8 0.900285
1434 34.8 0.900285
1435 34.8 0.900285
1436 34.825 0.897923
1437 34.825 0.897923
1438 34.825 0.897923
1439 34.825 0.897923
1440 34.825 0.897923
1441 34.825 0.897923
1442 34.8 0.900285
1443 34.825 0.897923
1444 34.825 0.897923
1445 34.825 0.897923
1446 34.825 0.897923
1447 34.825 0.897923
1448 34.825 0.897923
1449 34.825 0.897923
1450 34.825 0.897923
1451 34.825 0.897923
1452 34.825 0.897923
1453 34.85 0.898396
1454 34.85 0.898396
1455 34.875 0.895994
1456 34.875 0.895994
1457 34.875 0.895994
1458 34.875 0.895994
1459 34.875 0.895994
1460 34.875 0.895994
1461 34.875 0.895994
1462 34.9 0.894284
1463 34.9 0.894284
1464 34.875 0.893127
1465 34.875 0.893127
1466 34.875 0.893127
1467 34.85 0.901246
1468 34.85 0.901246
1469 34.875 0.895278
1470 34.875 0.895278
1471 34.875 0.895278
1472 34.875 0.895278
1473 34.875 0.895278
1474 34.875 0.895278
1475 34.875 0.895278
1476 34.875 0.895278
1477 34.875 0.895278
1478 34.9 0.899287
1479 34.9 0.899287
1480 34.9 0.899287
1481 34.9 0.899287
1482 34.9 0.899287
1483 34.9 0.899287
1484 34.925 0.899706
1485 34.925 0.899706
1486 34.925 0.899706
1487 34.925 0.899706
1488 34.925 0.899706
1489 34.925 0.899706
1490 34.925 0.899706
1491 34.925 0.899706
1492 34.925 0.899706
1493 34.925 0.899706
1494 34.925 0.899706
1495 34.925 0.899706
1496 34.925 0.898993
1497 34.925 0.898993
1498 34.925 0.898993
1499 34.925 0.898993
1500 34.925 0.898993
1501 34.925 0.898993
1502 34.925 0.898993
1503 34.925 0.898993
1504 34.925 0.898993
1505 34.925 0.898993
1506 34.925 0.898993
1507 34.95 0.900107
1508 34.95 0.900107
1509 34.975 0.892625
1510 34.925 0.898993
1511 34.8 0.903838
1512 34.75 0.9148
1513 34.75 0.9148
1514 34.75 0.9148
1515 34.7 0.916515
1516 34.6 0.904972
1517 34.575 0.906449
1518 34.5 0.902986
1519 34.45 0.887195
1520 34.35 0.888351
1521 34.325 0.888233
1522 34.225 0.873754
1523 34.175 0.878436
1524 34.125 0.880113
1525 34.15 0.881832
1526 34.1 0.87178
1527 34.125 0.884473
1528 34.05 0.87994
1529 34.025 0.870078
1530 33.95 0.87629
1531 33.95 0.878482
1532 33.8 0.872074
1533 33.775 0.87302
1534 33.775 0.87302
1535 33.675 0.875879
1536 33.55 0.865988
1537 33.55 0.882849
1538 33.5 0.885785
1539 33.375 0.88411
1540 33.3 0.883031
1541 33.275 0.874853
1542 33.275 0.879239
1543 33.3 0.873543
1544 33.3 0.873543
1545 33.3 0.872809
1546 33.25 0.871007
1547 33.275 0.86305
1548 33.275 0.838946
1549 33.275 0.835117
1550 33.2 0.817438
1551 33.125 0.81034
1552 33.1 0.794048
1553 33.125 0.804783
1554 33.05 0.810152
1555 33 0.799038
1556 33 0.80224
1557 32.975 0.794603
1558 33.025 0.799429
1559 32.95 0.810152
1560 32.9 0.813193
1561 32.8 0.807973
1562 32.725 0.812552
1563 32.725 0.818055
1564 32.7 0.816654
1565 32.575 0.828102
1566 32.6 0.832666
1567 32.6 0.841092
1568 32.55 0.858554
1569 32.575 0.86
1570 32.675 0.867052
1571 32.575 0.86816
1572 32.625 0.86357
1573 32.675 0.866312
1574 32.625 0.859851
1575 32.675 0.867052
1576 32.675 0.864831
1577 32.625 0.873167
1578 32.7 0.880122
1579 32.6 0.895
1580 32.725 0.882877
1581 32.8 0.86395
1582 32.825 0.871109
1583 32.825 0.870372
1584 32.8 0.86395
1585 32.775 0.873754
1586 32.8 0.88085
1587 32.725 0.851836
1588 32.75 0.854663
1589 32.75 0.837234
1590 32.675 0.836957
1591 32.6 0.834973
1592 32.625 0.831039
1593 32.725 0.840473
1594 32.675 0.84154
1595 32.725 0.83358
1596 32.8 0.85049
1597 32.825 0.84192
1598 32.775 0.840854
1599 32.675 0.852889
1600 32.6 0.858442
1601 32.45 0.851055
1602 32.45 0.853312
1603 32.475 0.858582
1604 32.5 0.857845
1605 32.5 0.852598
1606 32.5 0.860083
1607 32.45 0.853312
1608 32.475 0.844277
1609 32.5 0.844287
1610 32.5 0.840482
1611 32.575 0.820325
1612 32.525 0.806216
1613 32.475 0.815701
1614 32.425 0.814049
1615 32.45 0.808568
1616 32.5 0.810191
1617 32.475 0.803029
1618 32.4 0.817124
1619 32.325 0.812867
1620 32.275 0.815701
1621 32.2 0.813508
1622 32.175 0.797341
1623 32.175 0.798948
1624 32.2 0.8024
1625 32.275 0.799028
1626 32.3 0.78626
1627 32.3 0.782992
1628 32.3 0.780532
1629 32.425 0.790073
1630 32.4 0.798877
1631 32.425 0.803747
1632 32.35 0.805072
1633 32.4 0.803677
1634 32.375 0.813892
1635 32.35 0.799479
1636 32.35 0.788987
1637 32.375 0.781753
1638 32.325 0.772432
1639 32.35 0.788987
1640 32.3 0.780532
1641 32.275 0.786902
1642 32.3 0.783811
1643 32.275 0.784454
1644 32.325 0.789667
1645 32.325 0.77409
1646 32.375 0.77351
1647 32.475 0.773758
1648 32.475 0.78853
1649 32.525 0.789342
1650 32.575 0.810102
1651 32.575 0.814836
1652 32.45 0.803797
1653 32.55 0.802999
1654 32.675 0.804146
1655 32.6 0.806862
1656 32.575 0.816408
1657 32.45 0.80936
1658 32.45 0.798998
1659 32.475 0.7942
1660 32.475 0.783637
1661 32.525 0.80223
1662 32.5 0.803039
1663 32.5 0.80702
1664 32.475 0.792584
1665 32.375 0.790721
1666 32.375 0.784209
1667 32.3 0.773934
1668 32.4 0.785118
1669 32.4 0.798075
1670 32.3 0.790326
1671 32.15 0.78164
1672 32.225 0.788936
1673 32.15 0.809043
1674 32.125 0.819778
1675 32.1 0.820256
1676 32.1 0.81634
1677 32.15 0.834013
1678 32.175 0.833503
1679 32.175 0.833503
1680 32.125 0.814286
1681 32.225 0.808994
1682 32.225 0.820793
1683 32.275 0.832811
1684 32.275 0.820403
1685 32.15 0.820061
1686 32.175 0.824223
1687 32.2 0.815868
1688 32.225 0.807408
1689 32.2 0.795984
1690 32.275 0.818839
1691 32.275 0.82663
1692 32.275 0.840473
1693 32.15 0.841663
1694 32.175 0.830421
1695 32.125 0.825233
1696 32.225 0.808201
1697 32.175 0.780276
1698 32.075 0.772432
1699 31.975 0.757431
1700 32 0.750214
1701 32 0.767948
1702 31.975 0.770853
1703 32.025 0.765848
1704 31.9 0.778559
1705 31.9 0.793241
1706 31.95 0.789312
1707 32 0.78854
1708 31.9 0.781025
1709 31.85 0.78246
1710 31.775 0.759966
1711 31.85 0.765062
1712 31.95 0.761198
1713 32.05 0.749316
1714 31.975 0.749776
1715 31.975 0.76501
1716 31.975 0.751484
1717 32.025 0.754888
1718 31.875 0.766433
1719 31.85 0.753241
1720 31.8 0.758879
1721 31.675 0.7565
1722 31.75 0.782624
1723 31.725 0.78853
1724 31.725 0.782818
1725 31.725 0.775413
1726 31.7 0.766444
1727 31.7 0.766444
1728 31.55 0.756129
1729 31.45 0.767906
1730 31.4 0.759386
1731 31.375 0.7576
1732 31.3 0.753794
1733 31.375 0.778466
1734 31.375 0.780111
1735 31.45 0.794169
1736 31.425 0.798145
1737 31.325 0.798546
1738 31.325 0.80255
1739 31.35 0.80268
1740 31.3 0.795984
1741 31.3 0.765607
1742 31.35 0.770905
1743 31.375 0.764339
1744 31.3 0.757188
1745 31.325 0.763248
1746 31.35 0.761704
1747 31.45 0.767906
1748 31.375 0.765178
1749 31.35 0.779176
1750 31.275 0.773758
1751 31.225 0.765848
1752 31.325 0.764926
1753 31.35 0.754091
1754 31.35 0.751537
1755 31.4 0.756849
1756 31.375 0.748235
1757 31.325 0.724469
1758 31.325 0.71467
1759 31.325 0.715566
1760 31.225 0.711163
1761 31.1 0.698717
1762 31.375 0.737014
1763 31.4 0.723063
1764 31.475 0.69521
1765 31.45 0.702514
1766 31.425 0.705189
1767 31.5 0.697063
1768 31.525 0.691512
1769 31.5 0.689667
1770 31.575 0.692346
1771 31.55 0.677429
1772 31.475 0.680297
1773 31.45 0.69055
1774 31.425 0.67926
1775 31.425 0.671668
1776 31.425 0.671668
1777 31.425 0.678316
1778 31.425 0.695118
1779 31.425 0.684899
1780 31.525 0.683118
1781 31.525 0.683118
1782 31.4 0.668715
1783 31.375 0.66283
1784 31.3 0.667179
1785 31.25 0.650197
1786 31.3 0.648667
1787 31.325 0.662539
1788 31.4 0.664869
1789 31.45 0.675534
1790 31.375 0.669565
1791 31.35 0.675154
1792 31.425 0.683024
1793 31.45 0.700686
1794 31.5 0.686873
1795 31.425 0.694195
1796 31.475 0.681239
1797 31.5 0.678422
1798 31.575 0.683962
1799 31.575 0.668799
1800 31.725 0.668895
1801 31.75 0.670581
1802 31.7 0.673871
1803 31.725 0.67841
1804 31.65 0.653933
1805 31.7 0.679555
1806 31.7 0.679555
1807 31.6 0.662938
1808 31.625 0.669565
1809 31.625 0.685647
1810 31.7 0.683318
1811 31.675 0.67405
1812 31.675 0.666398
1813 31.7 0.686126
1814 31.65 0.690178
1815 31.675 0.684431
1816 31.8 0.682379
1817 31.8 0.675771
1818 31.8 0.687992
1819 31.65 0.697569
1820 31.7 0.68706
1821 31.75 0.701418
1822 31.75 0.702331
1823 31.7 0.703653
1824 31.775 0.710261
1825 31.75 0.7123
1826 31.7 0.712705
1827 31.65 0.708511
1828 31.6 0.708737
1829 31.55 0.713379
1830 31.625 0.725619
1831 31.6 0.719508
1832 31.55 0.71607
1833 31.55 0.733756
1834 31.45 0.727615
1835 31.525 0.732039
1836 31.625 0.736143
1837 31.625 0.737883
1838 31.525 0.736405
1839 31.45 0.730253
1840 31.4 0.744036
1841 31.35 0.748117
1842 31.475 0.733788
1843 31.45 0.74846
1844 31.475 0.750203
1845 31.55 0.749316
1846 31.55 0.741577
1847 31.525 0.757008
1848 31.5 0.75871
1849 31.425 0.749262
1850 31.5 0.751921
1851 31.4 0.754304
1852 31.425 0.752677
1853 31.375 0.74652
1854 31.35 0.766736
1855 31.4 0.761072
1856 31.4 0.755153
1857 31.475 0.755312
1858 31.4 0.765272
1859 31.35 0.783279
1860 31.425 0.771186
1861 31.475 0.762912
1862 31.5 0.761241
1863 31.425 0.758615
1864 31.375 0.755906
1865 31.45 0.758668
1866 31.45 0.767071
1867 31.45 0.771238
1868 31.45 0.777859
1869 31.35 0.768407
1870 31.375 0.775165
1871 31.325 0.778219
1872 31.45 0.775382
1873 31.45 0.777034
1874 31.575 0.750972
1875 31.675 0.744542
1876 31.625 0.742214
1877 31.625 0.739618
1878 31.725 0.733788
1879 31.725 0.737275
1880 31.825 0.736318
1881 31.85 0.740365
1882 31.925 0.736753
1883 31.875 0.74437
1884 31.925 0.752251
1885 31.9 0.758541
1886 31.875 0.750374
1887 31.775 0.742041
1888 31.95 0.732882
1889 31.975 0.737709
1890 31.95 0.738979
1891 31.9 0.746616
1892 31.9 0.750897
1893 31.825 0.748406
1894 31.775 0.737709
1895 31.85 0.731656
1896 31.9 0.721288
1897 31.85 0.738632
1898 31.875 0.747807
1899 31.8 0.759723
1900 31.85 0.754941
1901 31.875 0.742646
1902 31.85 0.748117
1903 31.75 0.754261
1904 31.7 0.750385
1905 31.625 0.751654
1906 31.575 0.766182
1907 31.6 0.771944
1908 31.65 0.771736
1909 31.625 0.765178
1910 31.625 0.766851
1911 31.575 0.752677
1912 31.55 0.754431
1913 31.6 0.75175
1914 31.525 0.753613
1915 31.45 0.76204
1916 31.375 0.754208
1917 31.375 0.758446
1918 31.35 0.750683
1919 31.45 0.781148
1920 31.4 0.778559
1921 31.475 0.76123
1922 31.4 0.748331
1923 31.475 0.759544
1924 31.425 0.772017
1925 31.375 0.780933
1926 31.525 0.785271
1927 31.45 0.763721
1928 31.5 0.751068
1929 31.475 0.750203
1930 31.45 0.749316
1931 31.35 0.759175
1932 31.4 0.757696
1933 31.375 0.7576
1934 31.325 0.750545
1935 31.425 0.746691
1936 31.425 0.744972
1937 31.4 0.746616
1938 31.475 0.742473
1939 31.45 0.747603
1940 31.4 0.745757
1941 31.425 0.760303
1942 31.45 0.746745
1943 31.425 0.74325
1944 31.375 0.754208
1945 31.4 0.761914
1946 31.425 0.776983
1947 31.45 0.776209
1948 31.475 0.76123
1949 31.5 0.752773
1950 31.475 0.749348
1951 31.425 0.747549
1952 31.425 0.741523
1953 31.425 0.731075
1954 31.45 0.73113
1955 31.45 0.732006
1956 31.45 0.729375
1957 31.475 0.738143
1958 31.55 0.728495
1959 31.5 0.737285
1960 31.6 0.716831
1961 31.55 0.706154
1962 31.55 0.71158
1963 31.575 0.722254
1964 31.575 0.721366
1965 31.6 0.720399
1966 31.55 0.696097
1967 31.575 0.678316
1968 31.625 0.679071
1969 31.675 0.664472
1970 31.625 0.663796
1971 31.65 0.676103
1972 31.65 0.686453
1973 31.675 0.690027
1974 31.725 0.689656
1975 31.65 0.692033
1976 31.625 0.701361
1977 31.65 0.691107
1978 31.675 0.685367
1979 31.675 0.690027
1980 31.65 0.693884
1981 31.675 0.6965
1982 31.7 0.703653
1983 31.7 0.7
1984 31.75 0.694068
1985 31.7 0.695406
1986 31.625 0.701361
1987 31.575 0.69604
1988 31.575 0.715118
1989 31.525 0.716998
1990 31.475 0.721455
1991 31.45 0.713379
1992 31.35 0.704882
1993 31.375 0.709539
1994 31.4 0.717724
1995 31.35 0.701235
1996 31.425 0.683024
1997 31.425 0.712424
1998 31.425 0.714221
1999 31.4 0.711445
2000 31.6 0.71504
2001 31.675 0.695579
2002 31.65 0.696649
2003 31.675 0.699256
2004 31.675 0.706551
2005 31.65 0.718394
2006 31.65 0.716607
2007 31.775 0.716551
2008 31.825 0.705189
2009 31.875 0.681427
2010 31.9 0.678233
2011 31.9 0.661002
2012 31.825 0.674525
2013 31.95 0.694253
2014 3.05 1.48279
2015 3.05 1.48279
2016 3.05 1.48279
