0 240 0
1 213.5 0.978618
2 190.625 1.31933
3 172.1 1.3382
4 156.325 1.32306
5 141.4 1.25156
6 129.85 1.12919
7 118.525 1.25268
8 107.55 1.31946
9 99.575 1.27796
10 92.85 1.22294
11 86.3 1.20852
12 80.825 1.09479
13 75.625 1.1098
14 71.2 1.09615
15 66.675 1.02556
16 62.05 1.00061
17 58.5 0.879977
18 55.8 0.957561
19 53.175 0.917695
20 51.05 0.921224
21 48.725 0.970057
22 46.425 0.963359
23 44.05 0.892239
24 41.75 0.856162
25 40.425 0.871844
26 38.575 0.824223
27 37.1 0.77691
28 36.125 0.790316
29 34.6 0.790813
30 33.2 0.8024
31 32.05 0.784424
32 31 0.762082
33 29.6 0.812404
34 28.65 0.776704
35 27.775 0.786495
36 26.85 0.798677
37 26.15 0.793039
38 25.4 0.807656
39 24.425 0.822666
40 23.825 0.821886
41 23.4 0.818692
42 22.625 0.793958
43 22.3 0.788702
44 21.6 0.774431
45 21.025 0.770853
46 20.675 0.775744
47 20.025 0.770021
48 19.375 0.752506
49 18.725 0.749348
50 18.5 0.734672
51 18.05 0.718751
52 17.525 0.724115
53 17.225 0.71476
54 16.875 0.723407
55 16.375 0.695855
56 15.95 0.673633
57 15.55 0.620122
58 15.275 0.624282
59 15 0.60553
60 14.725 0.613928
61 14.3 0.6245
62 14 0.613941
63 13.725 0.617052
64 13.475 0.624282
65 13.225 0.600734
66 12.975 0.608158
67 12.75 0.599947
68 12.525 0.588335
69 12.3 0.577572
70 12.175 0.582752
71 12.025 0.557567
72 11.875 0.557222
73 11.725 0.55237
74 11.475 0.52622
75 11.375 0.524634
76 11.3 0.516646
77 11.25 0.517328
78 11.025 0.52561
79 10.85 0.5058
80 10.775 0.500625
81 10.6 0.48278
82 10.425 0.482897
83 10.3 0.491205
84 10.175 0.489489
85 9.975 0.482365
86 9.95 0.48165
87 9.75 0.490617
88 9.7 0.500256
89 9.55 0.507571
90 9.425 0.507492
91 9.325 0.508123
92 9.125 0.51787
93 8.975 0.526828
94 8.85 0.531748
95 8.7 0.532531
96 8.625 0.536713
97 8.6 0.540418
98 8.4 0.53923
99 8.325 0.532757
100 8.125 0.533719
101 8.075 0.525488
102 7.875 0.527679
103 7.775 0.494181
104 7.725 0.499984
105 7.6 0.514906
106 7.55 0.515093
107 7.4 0.516149
108 7.4 0.516149
109 7.35 0.515839
110 7.2 0.507887
111 7.05 0.485627
112 7 0.488325
113 6.925 0.488834
114 6.9 0.489374
115 6.9 0.489374
116 6.9 0.489374
117 6.825 0.485544
118 6.75 0.495816
119 6.625 0.502159
120 6.475 0.503816
121 6.475 0.503816
122 6.475 0.503816
123 6.375 0.483957
124 6.35 0.485098
125 6.3 0.481983
126 6.25 0.487997
127 6.125 0.481966
128 6.025 0.488965
129 5.95 0.476297
130 5.825 0.481567
131 5.75 0.482714
132 5.65 0.475759
133 5.55 0.46952
134 5.525 0.470934
135 5.475 0.476348
136 5.425 0.459776
137 5.325 0.442005
138 5.2 0.426975
139 5.175 0.429501
140 5.15 0.430489
141 5.15 0.430489
142 5.15 0.430489
143 5.2 0.432939
144 5.15 0.439332
145 5.15 0.439332
146 5.075 0.440553
147 5 0.442893
148 4.975 0.439241
149 4.95 0.44137
150 4.85 0.433457
151 4.85 0.433457
152 4.725 0.448627
153 4.7 0.446065
154 4.625 0.446765
155 4.575 0.439824
156 4.575 0.439824
157 4.575 0.439824
158 4.475 0.425151
159 4.45 0.423584
160 4.425 0.428006
161 4.375 0.407757
162 4.325 0.405708
163 4.25 0.395082
164 4.2 0.389279
165 4.2 0.384308
166 4.175 0.380431
167 4.175 0.380431
168 4.15 0.379862
169 4.15 0.379862
170 4.05 0.377152
171 4.025 0.376365
172 4.025 0.376365
173 3.975 0.383117
174 3.95 0.38389
175 3.925 0.379587
176 3.85 0.379862
177 3.8 0.379271
178 3.725 0.373802
179 3.725 0.373802
180 3.725 0.373802
181 3.675 0.358751
182 3.65 0.360822
183 3.625 0.359286
184 3.6 0.359487
185 3.55 0.324136
186 3.55 0.324136
187 3.525 0.318223
188 3.525 0.318223
189 3.475 0.320231
190 3.475 0.320231
191 3.475 0.320231
192 3.45 0.322152
193 3.4 0.323839
194 3.4 0.323839
195 3.375 0.31963
196 3.375 0.31963
197 3.35 0.319354
198 3.275 0.320231
199 3.175 0.318022
200 3.15 0.315314
201 3.15 0.315314
202 3.1 0.317845
203 3.075 0.319028
204 3.05 0.301598
205 3.05 0.301598
206 3.025 0.300614
207 3 0.301705
208 2.95 0.297317
209 2.9 0.296993
210 2.9 0.296993
211 2.875 0.299973
212 2.875 0.299973
213 2.875 0.299973
214 2.875 0.299973
215 2.825 0.295017
216 2.775 0.261866
217 2.75 0.264938
218 2.725 0.267916
219 2.7 0.268424
220 2.7 0.268424
221 2.65 0.241656
222 2.525 0.23476
223 2.525 0.23476
224 2.525 0.23476
225 2.55 0.234657
226 2.55 0.234657
227 2.5 0.234794
228 2.5 0.234794
229 2.5 0.234794
230 2.475 0.23476
231 2.475 0.23476
232 2.475 0.23476
233 2.475 0.23476
234 2.45 0.237373
235 2.4 0.234247
236 2.4 0.234247
237 2.375 0.236664
238 2.325 0.243867
239 2.325 0.243867
240 2.325 0.243867
241 2.325 0.243867
242 2.3 0.240725
243 2.3 0.240725
244 2.3 0.240725
245 2.275 0.23476
246 2.275 0.23476
247 2.275 0.23476
248 2.275 0.23476
249 2.25 0.231356
250 2.25 0.231356
251 2.25 0.231356
252 2.25 0.231356
253 2.25 0.231356
254 2.225 0.219228
255 2.225 0.219228
256 2.225 0.219228
257 2.225 0.219228
258 2.2 0.224179
259 2.2 0.218386
260 2.15 0.222313
261 2.15 0.222313
262 2.15 0.222313
263 2.125 0.226986
264 2.125 0.224144
265 2.1 0.228709
266 2.125 0.224144
267 2.05 0.226314
268 2.05 0.226314
269 2.05 0.226314
270 2.025 0.222133
271 2 0.220721
272 2 0.220721
273 2 0.220721
274 2 0.220721
275 1.975 0.222133
276 1.975 0.222133
277 1.95 0.223463
278 1.9 0.223033
279 1.9 0.223033
280 1.875 0.224144
281 1.875 0.224144
282 1.875 0.224144
283 1.875 0.224144
284 1.875 0.224144
285 1.85 0.216469
286 1.85 0.216469
287 1.8 0.21543
288 1.8 0.21543
289 1.8 0.21543
290 1.725 0.208743
291 1.7 0.20318
292 1.7 0.20318
293 1.7 0.20318
294 1.7 0.20318
295 1.7 0.20318
296 1.675 0.206892
297 1.65 0.210463
298 1.625 0.2139
299 1.65 0.210463
300 1.65 0.210463
301 1.65 0.210463
302 1.65 0.210463
303 1.65 0.210463
304 1.65 0.210463
305 1.65 0.210463
306 1.65 0.210463
307 1.65 0.210463
308 1.65 0.210463
309 1.65 0.210463
310 1.625 0.210882
311 1.625 0.210882
312 1.625 0.210882
313 1.6 0.208167
314 1.6 0.208167
315 1.6 0.208167
316 1.6 0.208167
317 1.6 0.208167
318 1.65 0.204281
319 1.65 0.204281
320 1.65 0.204281
321 1.625 0.201556
322 1.625 0.201556
323 1.625 0.201556
324 1.625 0.201556
325 1.625 0.201556
326 1.625 0.201556
327 1.625 0.201556
328 1.625 0.201556
329 1.625 0.201556
330 1.625 0.201556
331 1.625 0.201556
332 1.6 0.201914
333 1.6 0.201914
334 1.6 0.201914
335 1.575 0.198996
336 1.575 0.198996
337 1.575 0.198996
338 1.575 0.198996
339 1.575 0.198996
340 1.55 0.199197
341 1.525 0.202508
342 1.5 0.199358
343 1.5 0.199358
344 1.5 0.199358
345 1.5 0.199358
346 1.475 0.192778
347 1.425 0.189085
348 1.425 0.189085
349 1.425 0.189085
350 1.425 0.189085
351 1.4 0.181871
352 1.375 0.181474
353 1.375 0.181474
354 1.35 0.184495
355 1.35 0.184495
356 1.35 0.184495
357 1.35 0.184495
358 1.325 0.187382
359 1.325 0.187382
360 1.325 0.187382
361 1.325 0.187382
362 1.325 0.187382
363 1.325 0.187382
364 1.325 0.187382
365 1.3 0.18674
366 1.3 0.18674
367 1.275 0.186009
368 1.275 0.186009
369 1.275 0.186009
370 1.275 0.186009
371 1.2 0.156893
372 1.2 0.156893
373 1.2 0.156893
374 1.2 0.156893
375 1.2 0.156893
376 1.275 0.186009
377 1.275 0.186009
378 1.275 0.186009
379 1.275 0.186009
380 1.275 0.186009
381 1.275 0.186009
382 1.275 0.186009
383 1.25 0.185189
384 1.25 0.185189
385 1.225 0.169794
386 1.225 0.169794
387 1.225 0.169794
388 1.225 0.169794
389 1.225 0.169794
390 1.2 0.164862
391 1.2 0.164862
392 1.175 0.167514
393 1.175 0.167514
394 1.175 0.167514
395 1.175 0.167514
396 1.175 0.167514
397 1.175 0.167514
398 1.175 0.167514
399 1.175 0.167514
400 1.175 0.167514
401 1.15 0.17003
402 1.15 0.17003
403 1.15 0.17003
404 1.15 0.17003
405 1.15 0.17003
406 1.15 0.17003
407 1.15 0.17003
408 1.15 0.17003
409 1.15 0.17003
410 1.1 0.17097
411 1.1 0.17097
412 1.1 0.17097
413 1.1 0.17097
414 1.075 0.173159
415 1.075 0.173159
416 1.075 0.173159
417 1.075 0.173159
418 1.075 0.173159
419 1.075 0.173159
420 1.075 0.173159
421 1.05 0.175229
422 1.05 0.175229
423 1.05 0.175229
424 1.025 0.169794
425 1.025 0.169794
426 1.025 0.169794
427 1.025 0.169794
428 1.025 0.169794
429 1.025 0.169794
430 1.025 0.169794
431 1.025 0.169794
432 1.025 0.169794
433 1.025 0.169794
434 1.025 0.169794
435 1.075 0.176822
436 1.075 0.176822
437 1.075 0.176822
438 1.1 0.174679
439 1.1 0.174679
440 1.1 0.174679
441 1.1 0.174679
442 1.1 0.174679
443 1.1 0.174679
444 1.1 0.174679
445 1.075 0.173159
446 1.025 0.173529
447 1.025 0.173529
448 1.025 0.173529
449 1.025 0.173529
450 1.025 0.173529
451 1.025 0.173529
452 1.025 0.173529
453 1 0.175412
454 0.975 0.173529
455 0.975 0.173529
456 0.975 0.173529
457 0.975 0.173529
458 0.95 0.175229
459 0.95 0.175229
460 0.95 0.175229
461 0.95 0.175229
462 0.95 0.175229
463 0.95 0.175229
464 0.95 0.175229
465 0.95 0.175229
466 0.95 0.175229
467 0.95 0.175229
468 0.95 0.175229
469 0.95 0.175229
470 0.95 0.175229
471 0.95 0.175229
472 0.95 0.175229
473 0.925 0.161672
474 0.925 0.161672
475 0.925 0.161672
476 0.9 0.15525
477 0.9 0.15525
478 0.875 0.156842
479 0.875 0.156842
480 0.875 0.156842
481 0.875 0.156842
482 0.875 0.156842
483 0.875 0.156842
484 0.875 0.156842
485 0.875 0.156842
486 0.875 0.156842
487 0.875 0.156842
488 0.875 0.156842
489 0.875 0.156842
490 0.875 0.156842
491 0.875 0.156842
492 0.875 0.156842
493 0.875 0.156842
494 0.875 0.156842
495 0.875 0.156842
496 0.875 0.156842
497 0.85 0.154214
498 0.85 0.154214
499 0.85 0.154214
500 0.825 0.151435
501 0.825 0.151435
502 0.875 0.156842
503 0.925 0.165589
504 0.95 0.171532
505 1.05 0.18588
506 1.075 0.18393
507 1.125 0.193442
508 1.175 0.198996
509 1.175 0.198996
510 1.175 0.195748
511 1.225 0.200919
512 1.25 0.198552
513 1.475 0.205649
514 1.5 0.205688
515 1.6 0.228709
516 1.675 0.23585
517 1.7 0.240725
518 1.725 0.237475
519 1.7 0.2326
520 1.725 0.245439
521 1.8 0.245994
522 1.825 0.247779
523 1.9 0.255202
524 1.95 0.24794
525 1.95 0.24794
526 2 0.258199
527 2.1 0.26263
528 2.1 0.26263
529 2.15 0.264454
530 2.2 0.258695
531 2.275 0.263087
532 2.35 0.257079
533 2.375 0.2599
534 2.425 0.255422
535 2.55 0.250512
536 2.625 0.252392
537 2.75 0.255077
538 2.825 0.262843
539 2.9 0.267467
540 2.95 0.281821
541 3.025 0.285297
542 3.125 0.282361
543 3.15 0.28091
544 3.225 0.285297
545 3.275 0.29086
546 3.275 0.284171
547 3.275 0.284171
548 3.3 0.277812
549 3.3 0.282389
550 3.325 0.278244
551 3.425 0.283945
552 3.45 0.292973
553 3.5 0.295262
554 3.525 0.293055
555 3.6 0.296993
556 3.825 0.292836
557 3.9 0.327774
558 4 0.332049
559 4.1 0.329724
560 4.2 0.334357
561 4.3 0.334357
562 4.425 0.339471
563 4.575 0.331832
564 4.55 0.333878
565 4.55 0.316126
566 4.575 0.309854
567 4.7 0.314602
568 4.85 0.327285
569 4.925 0.330864
570 5 0.324235
571 5.075 0.332796
572 5.075 0.319028
573 5.15 0.321355
574 5.125 0.320631
575 5.1 0.325813
576 5.075 0.317012
577 5.175 0.322028
578 5.25 0.337316
579 5.2 0.33817
580 5.325 0.326966
581 5.325 0.330864
582 5.325 0.336626
583 5.45 0.354368
584 5.5 0.363389
585 5.475 0.361598
586 5.425 0.39368
587 5.4 0.414172
588 5.475 0.43114
589 5.425 0.429501
590 5.4 0.420317
591 5.375 0.403013
592 5.525 0.398696
593 5.575 0.404918
594 5.6 0.40636
595 5.65 0.409111
596 5.725 0.405076
597 5.9 0.38862
598 6 0.38895
599 6 0.38564
600 6.05 0.395406
601 6.075 0.39123
602 6.1 0.385307
603 6.175 0.401739
604 6.3 0.399037
605 6.325 0.377895
606 6.375 0.376706
607 6.475 0.397085
608 6.55 0.392151
609 6.5 0.387298
610 6.425 0.380431
611 6.4 0.368295
612 6.375 0.357498
613 6.375 0.348417
614 6.3 0.34381
615 6.325 0.346017
616 6.425 0.35606
617 6.475 0.35624
618 6.475 0.354436
619 6.5 0.36162
620 6.575 0.364951
621 6.575 0.357856
622 6.575 0.350618
623 6.625 0.344717
624 6.675 0.342291
625 6.65 0.35
626 6.575 0.359643
627 6.35 0.364358
628 6.575 0.350618
629 6.55 0.341471
630 6.55 0.341471
631 6.525 0.345275
632 6.625 0.344717
633 6.7 0.336269
634 6.675 0.330864
635 6.65 0.35
636 6.55 0.347057
637 6.625 0.368099
638 6.625 0.359286
639 6.525 0.3508
640 6.525 0.354436
641 6.625 0.368099
642 6.725 0.368621
643 6.775 0.37122
644 6.925 0.371048
645 7.05 0.38389
646 7.05 0.387216
647 7.175 0.401739
648 7.425 0.421973
649 7.5 0.434122
650 7.475 0.44432
651 7.45 0.46952
652 7.6 0.493288
653 7.525 0.511393
654 7.625 0.507239
655 7.6 0.488063
656 7.675 0.488834
657 7.65 0.503259
658 7.625 0.490535
659 7.4 0.490682
660 7.375 0.49184
661 7.275 0.483029
662 7.225 0.500625
663 7.3 0.520355
664 7.25 0.502239
665 7.35 0.489047
666 7.425 0.484222
667 7.2 0.472582
668 7.25 0.477373
669 7.175 0.469434
670 7.1 0.455451
671 7.05 0.447142
672 7.1 0.438237
673 7.05 0.44282
674 7.1 0.455451
675 7.1 0.449786
676 7.175 0.423489
677 7.175 0.412757
678 7.175 0.41739
679 7.25 0.452557
680 7.225 0.452185
681 7.225 0.410577
682 7.25 0.385224
683 7.325 0.41198
684 7.325 0.410421
685 7.2 0.414791
686 7.25 0.409424
687 7.45 0.448573
688 7.525 0.447196
689 7.525 0.438511
690 7.525 0.414462
691 7.55 0.422068
692 7.525 0.422125
693 7.575 0.41739
694 7.5 0.409815
695 7.525 0.392212
696 7.625 0.391721
697 7.725 0.406655
698 7.825 0.415852
699 7.875 0.43292
700 8.075 0.419688
701 8.05 0.397024
702 7.975 0.404284
703 8.075 0.408856
704 8 0.408248
705 8.025 0.425904
706 8.125 0.435872
707 8.2 0.457417
708 8.225 0.472971
709 8.15 0.489047
710 8.15 0.486418
711 8.025 0.471614
712 8 0.452911
713 8 0.458537
714 8.05 0.459863
715 8.025 0.45782
716 8 0.458537
717 8.025 0.456418
718 8.025 0.460612
719 8.025 0.468888
720 7.975 0.478362
721 7.975 0.468888
722 7.9 0.478781
723 8.05 0.499936
724 8.15 0.500705
725 8.05 0.490878
726 7.925 0.494051
727 7.875 0.479299
728 7.875 0.473919
729 8 0.470951
730 7.85 0.483775
731 7.85 0.473056
732 7.875 0.47527
733 8 0.473665
734 7.975 0.474325
735 8.025 0.474325
736 7.95 0.464026
737 8.075 0.476886
738 8.125 0.484619
739 8.225 0.485016
740 8.325 0.490143
741 8.35 0.478446
742 8.5 0.485693
743 8.5 0.5
744 8.45 0.498652
745 8.575 0.497284
746 8.7 0.507887
747 8.7 0.522813
748 8.725 0.529861
749 8.775 0.531673
750 8.825 0.547591
751 8.875 0.519106
752 8.875 0.510389
753 9.075 0.509383
754 8.725 0.529861
755 8.725 0.527436
756 8.8 0.537325
757 8.775 0.538859
758 8.75 0.540358
759 8.8 0.540892
760 8.85 0.549534
761 8.825 0.551092
762 8.9 0.542785
763 8.95 0.548833
764 8.925 0.548176
765 8.9 0.540418
766 8.875 0.528893
767 8.825 0.529741
768 8.725 0.527436
769 8.675 0.520586
770 8.75 0.514844
771 8.5 0.493548
772 8.575 0.497284
773 8.4 0.488063
774 8.425 0.481567
775 8.4 0.47744
776 8.425 0.476213
777 8.5 0.485693
778 8.5 0.490944
779 8.55 0.493483
780 8.45 0.493483
781 8.375 0.497026
782 8.275 0.494829
783 8.3 0.510405
784 8.3 0.505356
785 8.3 0.524038
786 8.25 0.522261
787 8.225 0.495476
788 8.275 0.488309
789 8.225 0.482365
790 8.3 0.480651
791 8.3 0.480651
792 8.525 0.48962
793 8.475 0.485676
794 8.525 0.469571
795 8.55 0.477641
796 8.675 0.515637
797 8.625 0.514766
798 8.675 0.519353
799 8.65 0.515839
800 8.6 0.51241
801 8.575 0.51997
802 8.65 0.522015
803 8.675 0.514392
804 8.7 0.487274
805 8.675 0.463249
806 8.575 0.482897
807 8.5 0.470951
808 8.6 0.462435
809 8.55 0.464026
810 8.575 0.466695
811 8.575 0.470798
812 8.625 0.456699
813 8.675 0.460473
814 8.675 0.46463
815 8.8 0.485957
816 8.8 0.480651
817 8.675 0.470117
818 8.7 0.485957
819 8.8 0.479316
820 8.9 0.476095
821 9.05 0.477641
822 9.075 0.500497
823 9 0.488325
824 9.125 0.493792
825 9.15 0.498138
826 9.25 0.490617
827 9.2 0.497687
828 9.2 0.505356
829 9.275 0.479031
830 9.275 0.485676
831 9.2 0.475287
832 9.275 0.484355
833 9.3 0.457417
834 9.25 0.467878
835 9.25 0.462366
836 9.1 0.458258
837 9.175 0.476213
838 9.175 0.470798
839 9.225 0.467519
840 9.25 0.474679
841 9.225 0.468888
842 9.225 0.470253
843 9.2 0.484636
844 9.375 0.507239
845 9.4 0.47744
846 9.4 0.490682
847 9.4 0.462435
848 9.25 0.455381
849 9.3 0.450356
850 9.175 0.448484
851 9.175 0.466695
852 9.2 0.469861
853 9.075 0.47554
854 9.1 0.463819
855 9.175 0.455574
856 9.1 0.463819
857 8.95 0.465406
858 9 0.477708
859 9.1 0.507381
860 9.05 0.502494
861 9.05 0.490878
862 9.15 0.475759
863 9.175 0.474865
864 9.2 0.453194
865 9.1 0.446927
866 9.05 0.447142
867 9 0.447214
868 9 0.432642
869 9 0.431158
870 8.9 0.420317
871 8.925 0.422732
872 8.95 0.422068
873 9.175 0.425
874 9.175 0.420451
875 9.15 0.419936
876 9.1 0.407934
877 9.2 0.405412
878 9.15 0.409111
879 9.2 0.422447
880 9.15 0.419936
881 9.25 0.424793
882 9.275 0.43114
883 9.275 0.44432
884 9.35 0.431975
885 9.35 0.436404
886 9.375 0.446765
887 9.35 0.44513
888 9.175 0.41739
889 9.25 0.435228
890 9.225 0.437779
891 9.05 0.448573
892 8.975 0.430396
893 9.05 0.425094
894 9.075 0.434693
895 9.2 0.438821
896 9.075 0.419688
897 9.1 0.418789
898 9.05 0.411299
899 9.175 0.429501
900 9.2 0.419401
901 9.075 0.405708
902 9.05 0.40817
903 9 0.40032
904 8.975 0.389753
905 9.025 0.396277
906 9.025 0.393028
907 9 0.392232
908 8.925 0.408856
909 8.825 0.41739
910 8.775 0.418311
911 8.775 0.4011
912 8.725 0.397085
913 8.725 0.409796
914 8.75 0.424793
915 8.725 0.393843
916 8.725 0.397085
917 8.9 0.420317
918 8.9 0.417256
919 8.85 0.4012
920 8.95 0.411299
921 8.875 0.411669
922 8.8 0.416333
923 9.05 0.45284
924 9.05 0.455662
925 8.925 0.449198
926 8.875 0.443164
927 8.825 0.45838
928 8.95 0.485627
929 8.925 0.479566
930 8.875 0.479299
931 8.875 0.483295
932 8.9 0.480118
933 9 0.475017
934 8.975 0.471614
935 8.95 0.490878
936 9 0.498716
937 8.925 0.482232
938 8.95 0.511346
939 8.95 0.538219
940 8.95 0.55
941 8.95 0.548833
942 8.925 0.55051
943 8.95 0.552326
944 8.825 0.530949
945 8.9 0.521094
946 8.775 0.515761
947 8.8 0.519122
948 8.725 0.510138
949 8.725 0.510138
950 8.7 0.511659
951 8.725 0.511393
952 8.7 0.525259
953 8.775 0.513269
954 8.85 0.510844
955 8.775 0.523165
956 8.75 0.518566
957 8.725 0.529861
958 8.85 0.558788
959 8.85 0.549534
960 8.9 0.553312
961 9 0.541839
962 8.95 0.537026
963 8.75 0.540358
964 8.65 0.498138
965 8.575 0.477557
966 8.6 0.461047
967 8.7 0.458817
968 8.75 0.481384
969 8.65 0.464855
970 8.55 0.459863
971 8.475 0.437046
972 8.45 0.431084
973 8.425 0.444175
974 8.4 0.438237
975 8.425 0.418923
976 8.5 0.435596
977 8.55 0.439915
978 8.5 0.445778
979 8.475 0.451476
980 8.425 0.454165
981 8.6 0.449786
982 8.6 0.444049
983 8.55 0.44282
984 8.55 0.420546
985 8.525 0.425151
986 8.575 0.429501
987 8.55 0.429594
988 8.55 0.429594
989 8.55 0.432568
990 8.45 0.431084
991 8.525 0.414462
992 8.65 0.4275
993 8.725 0.438511
994 8.8 0.426975
995 8.775 0.431882
996 8.9 0.438237
997 8.8 0.428474
998 8.7 0.438821
999 8.65 0.450854
1000 8.6 0.44549
1001 8.625 0.429202
1002 8.75 0.452557
1003 8.775 0.4536
1004 8.775 0.452185
1005 8.825 0.452752
1006 8.575 0.451333
1007 8.55 0.455662
1008 8.4 0.456857
1009 8.375 0.456699
1010 8.375 0.456699
1011 8.35 0.462088
1012 8.275 0.447196
1013 8.225 0.443598
1014 8.15 0.44513
1015 8.15 0.44513
1016 8.075 0.436166
1017 8 0.435596
1018 7.95 0.431084
1019 7.85 0.404383
1020 7.675 0.408856
1021 7.675 0.408856
1022 7.575 0.40014
1023 7.525 0.398696
1024 7.375 0.380094
1025 7.25 0.381881
1026 7.175 0.37363
1027 7.15 0.369598
1028 7.075 0.362307
1029 7.025 0.37122
1030 6.925 0.377895
1031 6.875 0.380936
1032 6.825 0.377046
1033 6.8 0.372449
1034 6.8 0.372449
1035 6.775 0.378064
1036 6.775 0.378064
1037 6.75 0.378509
1038 6.7 0.377577
1039 6.6 0.38364
1040 6.6 0.38364
1041 6.6 0.38364
1042 6.525 0.383953
1043 6.525 0.383953
1044 6.475 0.38228
1045 6.475 0.38228
1046 6.4 0.370031
1047 6.3 0.382636
1048 6.225 0.378064
1049 6.175 0.364951
1050 6.075 0.351531
1051 6.025 0.346202
1052 6.025 0.346202
1053 5.975 0.349886
1054 5.925 0.349702
1055 5.925 0.349702
1056 5.9 0.343063
1057 5.9 0.343063
1058 5.85 0.333109
1059 5.85 0.333109
1060 5.85 0.333109
1061 5.85 0.333109
1062 5.8 0.34006
1063 5.8 0.34006
1064 5.775 0.334908
1065 5.725 0.326181
1066 5.725 0.326181
1067 5.725 0.326181
1068 5.725 0.326181
1069 5.725 0.326181
1070 5.675 0.321031
1071 5.525 0.316202
1072 5.425 0.286194
1073 5.425 0.286194
1074 5.375 0.283494
1075 5.35 0.285437
1076 5.35 0.285437
1077 5.3 0.286893
1078 5.3 0.286893
1079 5.275 0.288647
1080 5.275 0.288647
1081 5.275 0.288647
1082 5.225 0.280767
1083 5.2 0.275495
1084 5.175 0.270061
1085 5.15 0.266867
1086 5.15 0.266867
1087 5.125 0.263574
1088 5.125 0.263574
1089 5.075 0.256674
1090 5.075 0.256674
1091 5.025 0.251884
1092 5 0.25064
1093 5 0.25064
1094 4.95 0.240059
1095 4.8 0.238048
1096 4.8 0.238048
1097 4.775 0.233391
1098 4.725 0.229234
1099 4.675 0.22755
1100 4.625 0.225569
1101 4.6 0.225889
1102 4.55 0.234657
1103 4.525 0.23476
1104 4.525 0.23476
1105 4.525 0.23476
1106 4.525 0.23476
1107 4.5 0.237508
1108 4.5 0.237508
1109 4.5 0.237508
1110 4.475 0.240159
1111 4.45 0.234657
1112 4.425 0.231737
1113 4.425 0.231737
1114 4.4 0.225889
1115 4.375 0.228393
1116 4.35 0.228007
1117 4.35 0.228007
1118 4.3 0.240725
1119 4.3 0.240725
1120 4.275 0.248037
1121 4.25 0.247423
1122 4.25 0.247423
1123 4.25 0.247423
1124 4.2 0.243374
1125 4.2 0.243374
1126 4.175 0.247779
1127 4.225 0.256923
1128 4.225 0.256923
1129 4.225 0.256923
1130 4.225 0.256923
1131 4.15 0.252043
1132 4.175 0.247779
1133 4.175 0.247779
1134 4.175 0.247779
1135 4.175 0.247779
1136 4.15 0.244294
1137 4.125 0.240692
1138 4.1 0.244949
1139 4.075 0.246482
1140 4.05 0.24794
1141 4.05 0.24794
1142 4.05 0.24794
1143 4.05 0.24794
1144 4.075 0.241224
1145 4 0.245472
1146 3.95 0.240059
1147 3.925 0.241224
1148 3.925 0.241224
1149 3.9 0.236968
1150 3.9 0.236968
1151 3.9 0.236968
1152 3.9 0.236968
1153 3.875 0.238014
1154 3.8 0.240725
1155 3.8 0.240725
1156 3.775 0.24149
1157 3.775 0.24149
1158 3.75 0.244818
1159 3.75 0.244818
1160 3.725 0.248037
1161 3.675 0.241224
1162 3.7 0.2326
1163 3.7 0.2326
1164 3.7 0.2326
1165 3.6 0.217208
1166 3.575 0.217466
1167 3.575 0.217466
1168 3.575 0.217466
1169 3.575 0.217466
1170 3.5 0.220721
1171 3.475 0.214797
1172 3.45 0.214685
1173 3.4 0.223033
1174 3.35 0.230801
1175 3.35 0.230801
1176 3.35 0.230801
1177 3.35 0.230801
1178 3.325 0.224715
1179 3.3 0.227021
1180 3.3 0.227021
1181 3.225 0.227831
1182 3.225 0.227831
1183 3.2 0.227021
1184 3.175 0.223284
1185 3.175 0.223284
1186 3.175 0.223284
1187 3.175 0.223284
1188 3.15 0.228007
1189 3.125 0.229792
1190 3.075 0.224715
1191 3.05 0.223463
1192 3.05 0.223463
1193 3.05 0.223463
1194 3 0.234794
1195 2.975 0.230628
1196 2.975 0.230628
1197 2.975 0.230628
1198 2.975 0.230628
1199 2.975 0.230628
1200 2.975 0.230628
1201 2.95 0.23191
1202 2.95 0.23191
1203 2.95 0.23191
1204 2.925 0.23035
1205 2.925 0.23035
1206 2.925 0.23035
1207 2.9 0.225889
1208 2.9 0.225889
1209 2.9 0.225889
1210 2.9 0.225889
1211 2.9 0.225889
1212 2.9 0.225889
1213 2.9 0.225889
1214 2.9 0.225889
1215 2.9 0.225889
1216 2.9 0.225889
1217 2.9 0.225889
1218 2.9 0.225889
1219 2.9 0.225889
1220 2.9 0.225889
1221 2.875 0.215393
1222 2.875 0.215393
1223 2.875 0.215393
1224 2.875 0.215393
1225 2.875 0.215393
1226 2.875 0.215393
1227 2.875 0.215393
1228 2.875 0.215393
1229 2.875 0.215393
1230 2.875 0.215393
1231 2.875 0.215393
1232 2.875 0.215393
1233 2.875 0.215393
1234 2.875 0.215393
1235 2.875 0.215393
1236 2.8 0.21543
1237 2.8 0.21543
1238 2.8 0.21543
1239 2.8 0.21543
1240 2.8 0.21543
1241 2.8 0.21543
1242 2.8 0.21543
1243 2.8 0.21543
1244 2.8 0.21543
1245 2.8 0.21543
1246 2.8 0.21543
1247 2.8 0.21543
1248 2.8 0.21543
1249 2.8 0.21543
1250 2.8 0.21543
1251 2.8 0.21543
1252 2.775 0.2133
1253 2.775 0.2133
1254 2.775 0.2133
1255 2.775 0.2133
1256 2.775 0.2133
1257 2.775 0.2133
1258 2.775 0.2133
1259 2.775 0.2133
1260 2.775 0.2133
1261 2.775 0.2133
1262 2.725 0.211792
1263 2.725 0.211792
1264 2.7 0.212434
1265 2.7 0.212434
1266 2.675 0.212999
1267 2.675 0.212999
1268 2.675 0.212999
1269 2.675 0.212999
1270 2.675 0.212999
1271 2.675 0.212999
1272 2.625 0.20782
1273 2.625 0.20782
1274 2.625 0.20782
1275 2.625 0.20782
1276 2.625 0.20782
1277 2.625 0.20782
1278 2.625 0.20782
1279 2.625 0.20782
1280 2.625 0.20782
1281 2.625 0.20782
1282 2.625 0.20782
1283 2.575 0.192445
1284 2.575 0.192445
1285 2.575 0.192445
1286 2.575 0.192445
1287 2.575 0.192445
1288 2.575 0.192445
1289 2.575 0.192445
1290 2.575 0.192445
1291 2.55 0.192654
1292 2.55 0.192654
1293 2.55 0.192654
1294 2.55 0.192654
1295 2.55 0.192654
1296 2.55 0.192654
1297 2.55 0.192654
1298 2.55 0.192654
1299 2.55 0.192654
1300 2.45 0.199197
1301 2.45 0.199197
1302 2.425 0.198996
1303 2.425 0.198996
1304 2.425 0.198996
1305 2.425 0.198996
1306 2.4 0.201914
1307 2.4 0.201914
1308 2.4 0.201914
1309 2.4 0.201914
1310 2.4 0.201914
1311 2.35 0.204281
1312 2.35 0.204281
1313 2.35 0.204281
1314 2.35 0.204281
1315 2.325 0.203771
1316 2.325 0.203771
1317 2.325 0.203771
1318 2.325 0.203771
1319 2.275 0.199318
1320 2.275 0.199318
1321 2.275 0.199318
1322 2.275 0.199318
1323 2.275 0.199318
1324 2.275 0.199318
1325 2.275 0.199318
1326 2.275 0.199318
1327 2.275 0.199318
1328 2.275 0.199318
1329 2.275 0.199318
1330 2.25 0.198552
1331 2.25 0.198552
1332 2.225 0.200919
1333 2.225 0.200919
1334 2.225 0.200919
1335 2.225 0.200919
1336 2.225 0.200919
1337 2.225 0.200919
1338 2.2 0.206311
1339 2.2 0.206311
1340 2.2 0.206311
1341 2.2 0.206311
1342 2.2 0.206311
1343 2.2 0.206311
1344 2.175 0.208436
1345 2.175 0.217466
1346 2.125 0.212396
1347 2.125 0.212396
1348 2.125 0.212396
1349 2.125 0.212396
1350 2.1 0.214237
1351 2.05 0.208628
1352 2.05 0.208628
1353 2.05 0.208628
1354 2.05 0.208628
1355 2.025 0.210273
1356 2 0.21183
1357 1.975 0.2133
1358 1.975 0.2133
1359 1.975 0.2133
1360 1.95 0.211678
1361 1.95 0.211678
1362 1.95 0.211678
1363 1.95 0.211678
1364 1.95 0.211678
1365 2 0.217798
1366 2 0.217798
1367 2 0.217798
1368 2 0.217798
1369 2 0.217798
1370 2 0.217798
1371 2 0.217798
1372 2 0.217798
1373 2 0.217798
1374 2 0.217798
1375 2 0.217798
1376 2 0.217798
1377 2 0.217798
1378 2 0.217798
1379 2 0.217798
1380 2 0.217798
1381 2 0.217798
1382 1.925 0.206892
1383 1.925 0.206892
1384 1.95 0.205532
1385 1.95 0.205532
1386 1.95 0.205532
1387 1.95 0.205532
1388 1.95 0.205532
1389 1.95 0.205532
1390 1.95 0.205532
1391 1.95 0.205532
1392 1.95 0.205532
1393 1.95 0.205532
1394 1.95 0.205532
1395 1.95 0.205532
1396 1.95 0.205532
1397 1.95 0.205532
1398 1.95 0.205532
1399 1.95 0.205532
1400 1.95 0.205532
1401 1.95 0.205532
1402 1.95 0.205532
1403 1.95 0.205532
1404 1.95 0.205532
1405 1.95 0.205532
1406 1.95 0.205532
1407 1.95 0.205532
1408 1.95 0.205532
1409 1.95 0.205532
1410 1.95 0.205532
1411 1.925 0.206892
1412 1.925 0.206892
1413 1.925 0.206892
1414 1.925 0.206892
1415 1.925 0.206892
1416 1.925 0.206892
1417 1.925 0.206892
1418 1.925 0.206892
1419 1.925 0.206892
1420 1.925 0.206892
1421 1.925 0.206892
1422 1.925 0.206892
1423 1.925 0.206892
1424 1.925 0.206892
1425 1.925 0.206892
1426 1.925 0.206892
1427 1.875 0.206272
1428 1.875 0.206272
1429 1.875 0.206272
1430 1.875 0.206272
1431 1.875 0.206272
1432 1.85 0.204281
1433 1.9 0.205064
1434 1.9 0.205064
1435 1.875 0.20314
1436 1.875 0.20314
1437 1.875 0.20314
1438 1.875 0.20314
1439 1.875 0.20314
1440 1.85 0.204281
1441 1.85 0.204281
1442 1.85 0.204281
1443 1.85 0.204281
1444 1.85 0.204281
1445 1.85 0.204281
1446 1.85 0.204281
1447 1.85 0.204281
1448 1.85 0.204281
1449 1.85 0.204281
1450 1.85 0.204281
1451 1.85 0.204281
1452 1.85 0.204281
1453 1.8 0.183275
1454 1.8 0.183275
1455 1.8 0.183275
1456 1.8 0.183275
1457 1.8 0.183275
1458 1.8 0.183275
1459 1.75 0.181694
1460 1.75 0.181694
1461 1.75 0.181694
1462 1.75 0.181694
1463 1.75 0.181694
1464 1.75 0.181694
1465 1.75 0.181694
1466 1.75 0.181694
1467 1.75 0.181694
1468 1.75 0.181694
1469 1.75 0.181694
1470 1.75 0.181694
1471 1.75 0.181694
1472 1.75 0.181694
1473 1.75 0.181694
1474 1.75 0.181694
1475 1.75 0.181694
1476 1.75 0.181694
1477 1.675 0.173159
1478 1.675 0.173159
1479 1.65 0.17741
1480 1.65 0.17741
1481 1.625 0.170548
1482 1.625 0.170548
1483 1.625 0.170548
1484 1.625 0.170548
1485 1.625 0.170548
1486 1.625 0.170548
1487 1.625 0.170548
1488 1.625 0.170548
1489 1.625 0.170548
1490 1.625 0.170548
1491 1.625 0.170548
1492 1.625 0.170548
1493 1.625 0.170548
1494 1.625 0.170548
1495 1.625 0.170548
1496 1.625 0.170548
1497 1.625 0.170548
1498 1.625 0.170548
1499 1.625 0.170548
1500 1.625 0.170548
1501 1.625 0.170548
1502 1.625 0.170548
1503 1.625 0.170548
1504 1.625 0.170548
1505 1.625 0.170548
1506 1.625 0.170548
1507 1.625 0.170548
1508 1.625 0.170548
1509 1.625 0.170548
1510 1.625 0.170548
1511 1.625 0.170548
1512 1.625 0.170548
1513 1.675 0.173159
1514 1.7 0.179743
1515 1.7 0.179743
1516 1.7 0.179743
1517 1.675 0.173159
1518 1.675 0.176822
1519 1.675 0.176822
1520 1.725 0.171672
1521 1.725 0.171672
1522 1.7 0.164862
1523 1.725 0.164034
1524 1.85 0.184495
1525 1.85 0.180987
1526 1.85 0.180987
1527 1.85 0.180987
1528 1.9 0.195461
1529 1.85 0.19464
1530 1.875 0.221265
1531 1.9 0.217208
1532 1.9 0.217208
1533 1.9 0.217208
1534 1.9 0.217208
1535 1.95 0.214685
1536 2.05 0.223463
1537 2.125 0.224144
1538 2.125 0.224144
1539 2.175 0.231737
1540 2.275 0.237475
1541 2.275 0.232013
1542 2.325 0.241224
1543 2.325 0.241224
1544 2.35 0.238988
1545 2.375 0.244654
1546 2.425 0.234487
1547 2.425 0.234487
1548 2.45 0.242714
1549 2.575 0.250352
1550 2.65 0.259561
1551 2.725 0.265512
1552 2.75 0.264938
1553 2.75 0.264938
1554 2.85 0.266867
1555 2.9 0.276887
1556 2.925 0.275931
1557 2.9 0.269853
1558 2.9 0.269853
1559 2.925 0.273598
1560 2.975 0.271481
1561 3 0.272688
1562 3.05 0.272571
1563 3.175 0.288425
1564 3.2 0.282389
1565 3.225 0.280767
1566 3.25 0.279078
1567 3.3 0.28011
1568 3.325 0.259159
1569 3.4 0.272218
1570 3.475 0.281906
1571 3.55 0.295153
1572 3.55 0.295153
1573 3.55 0.295153
1574 3.5 0.293083
1575 3.525 0.293055
1576 3.5 0.295262
1577 3.475 0.286418
1578 3.425 0.281679
1579 3.45 0.290777
1580 3.45 0.279537
1581 3.5 0.299572
1582 3.55 0.299465
1583 3.575 0.297182
1584 3.575 0.297182
1585 3.575 0.297182
1586 3.575 0.295017
1587 3.6 0.305505
1588 3.625 0.303162
1589 3.675 0.304638
1590 3.675 0.304638
1591 3.7 0.306343
1592 3.725 0.314169
1593 3.725 0.314169
1594 3.775 0.319229
1595 3.725 0.322227
1596 3.7 0.32463
1597 3.85 0.351827
1598 3.85 0.351827
1599 3.9 0.355903
1600 4.05 0.370291
1601 4.025 0.37122
1602 4.05 0.366812
1603 4 0.348991
1604 4.05 0.345205
1605 4.15 0.351827
1606 4.15 0.35
1607 4.2 0.345669
1608 4.225 0.321231
1609 4.2 0.322649
1610 4.275 0.335864
1611 4.3 0.328556
1612 4.375 0.333373
1613 4.325 0.334717
1614 4.35 0.329238
1615 4.425 0.341354
1616 4.45 0.347057
1617 4.475 0.343413
1618 4.6 0.343063
1619 4.725 0.372083
1620 4.725 0.366878
1621 4.725 0.358035
1622 4.65 0.342596
1623 4.7 0.34194
1624 4.725 0.341542
1625 4.675 0.340414
1626 4.6 0.339305
1627 4.65 0.353644
1628 4.675 0.353349
1629 4.75 0.34297
1630 4.8 0.34194
1631 4.9 0.348624
1632 5 0.348991
1633 5.025 0.351713
1634 5.15 0.364358
1635 5.125 0.361953
1636 4.9 0.348624
1637 4.975 0.346202
1638 4.95 0.341471
1639 5.075 0.330864
1640 5.075 0.328921
1641 5.125 0.365477
1642 5.05 0.318148
1643 5.125 0.320631
1644 5.15 0.309155
1645 5.225 0.317214
1646 5.275 0.32421
1647 5.15 0.311222
1648 5.3 0.318651
1649 5.25 0.303294
1650 5.275 0.301678
1651 5.275 0.310061
1652 5.3 0.312558
1653 5.35 0.321355
1654 5.5 0.335888
1655 5.525 0.337767
1656 5.5 0.341565
1657 5.4 0.317845
1658 5.35 0.32532
1659 5.425 0.335673
1660 5.4 0.344927
1661 5.5 0.34715
1662 5.525 0.347126
1663 5.5 0.34715
1664 5.45 0.348899
1665 5.475 0.354436
1666 5.6 0.341189
1667 5.525 0.343413
1668 5.525 0.343413
1669 5.55 0.341471
1670 5.55 0.359754
1671 5.525 0.366878
1672 5.5 0.365148
1673 5.475 0.35624
1674 5.525 0.359821
1675 5.55 0.348899
1676 5.45 0.350732
1677 5.475 0.359821
1678 5.525 0.359821
1679 5.525 0.372083
1680 5.575 0.39368
1681 5.55 0.393782
1682 5.5 0.382301
1683 5.575 0.39368
1684 5.675 0.39773
1685 5.725 0.409796
1686 5.675 0.41508
1687 5.725 0.416006
1688 5.925 0.421212
1689 5.975 0.431882
1690 6 0.432642
1691 6.025 0.425904
1692 6.25 0.432272
1693 6.2 0.426975
1694 6.225 0.44504
1695 6.3 0.481983
1696 6.3 0.487274
1697 6.25 0.485363
1698 6.2 0.483311
1699 6.275 0.518859
1700 6.3 0.516646
1701 6.325 0.50686
1702 6.375 0.504705
1703 6.425 0.506227
1704 6.575 0.508754
1705 6.65 0.509588
1706 6.675 0.51064
1707 6.525 0.496123
1708 6.6 0.51366
1709 6.575 0.516258
1710 6.625 0.51725
1711 6.525 0.522552
1712 6.475 0.502542
1713 6.45 0.505039
1714 6.525 0.508879
1715 6.725 0.522552
1716 6.725 0.522552
1717 6.725 0.535876
1718 6.725 0.54064
1719 6.725 0.545362
1720 6.675 0.544656
1721 6.675 0.539928
1722 6.775 0.532877
1723 6.8 0.546785
1724 6.825 0.546419
1725 6.75 0.533193
1726 6.8 0.528908
1727 6.75 0.531989
1728 6.675 0.499214
1729 6.8 0.491205
1730 6.825 0.497284
1731 6.8 0.487274
1732 6.875 0.480635
1733 6.9 0.47744
1734 6.85 0.471699
1735 6.775 0.471614
1736 6.775 0.471614
1737 6.725 0.4817
1738 6.75 0.489309
1739 6.8 0.480651
1740 6.85 0.466231
1741 6.875 0.465733
1742 6.875 0.465733
1743 6.85 0.464855
1744 6.75 0.470611
1745 6.8 0.480651
1746 6.875 0.493792
1747 7 0.498716
1748 7.025 0.498057
1749 7.075 0.492752
1750 7.05 0.496074
1751 7.15 0.487734
1752 7.15 0.470338
1753 7.125 0.467107
1754 7.1 0.499744
1755 7.2 0.500256
1756 7.2 0.493808
1757 7.25 0.487997
1758 7.3 0.495104
1759 7.275 0.488309
1760 7.375 0.528286
1761 7.375 0.535517
1762 7.275 0.535876
1763 7.4 0.541603
1764 7.4 0.53205
1765 7.375 0.524634
1766 7.3 0.515404
1767 7.325 0.518117
1768 7.35 0.520786
1769 7.45 0.513847
1770 7.525 0.523778
1771 7.55 0.523732
1772 7.475 0.518859
1773 7.45 0.522506
1774 7.575 0.506227
1775 7.55 0.521278
1776 7.55 0.518813
1777 7.525 0.521324
1778 7.475 0.52622
1779 7.525 0.520093
1780 7.45 0.523732
1781 7.475 0.52622
1782 7.425 0.526098
1783 7.4 0.529635
1784 7.575 0.535757
1785 7.525 0.503816
1786 7.6 0.497171
1787 7.6 0.486747
1788 7.575 0.485544
1789 7.55 0.478981
1790 7.575 0.46532
1791 7.625 0.469161
1792 7.675 0.482232
1793 7.625 0.473242
1794 7.725 0.472293
1795 7.75 0.473327
1796 7.7 0.483311
1797 7.8 0.488588
1798 7.75 0.48404
1799 7.75 0.487997
1800 7.75 0.506053
1801 7.75 0.48404
1802 7.725 0.45852
1803 7.65 0.457908
1804 7.725 0.45712
1805 7.65 0.430489
1806 7.625 0.432179
1807 7.65 0.434933
1808 7.65 0.466231
1809 7.6 0.493288
1810 7.6 0.489374
1811 7.65 0.487734
1812 7.625 0.490535
1813 7.675 0.479566
1814 7.7 0.487274
1815 7.75 0.485363
1816 7.7 0.468495
1817 7.575 0.468067
1818 7.7 0.469861
1819 7.675 0.468751
1820 7.625 0.456699
1821 7.7 0.468495
1822 7.7 0.462989
1823 7.75 0.477373
1824 7.75 0.460977
1825 7.9 0.469315
1826 7.875 0.468477
1827 7.925 0.460473
1828 7.925 0.440553
1829 7.875 0.443164
1830 7.925 0.449198
1831 8.025 0.45782
1832 8.05 0.46952
1833 8.05 0.457067
1834 8.1 0.469315
1835 8.025 0.485016
1836 8.075 0.50686
1837 8.125 0.50152
1838 8.1 0.508643
1839 8.125 0.476617
1840 8.1 0.469315
1841 8.225 0.498057
1842 8.25 0.494521
1843 8.2 0.501536
1844 8.175 0.507492
1845 8.025 0.504451
1846 7.875 0.50534
1847 7.825 0.476213
1848 7.85 0.487734
1849 7.8 0.475287
1850 7.825 0.469434
1851 7.825 0.469434
1852 7.975 0.478362
1853 8.025 0.472971
1854 8.05 0.458467
1855 8.1 0.466575
1856 8.125 0.48594
1857 8.05 0.476297
1858 7.95 0.473598
1859 7.925 0.472836
1860 7.875 0.491188
1861 7.875 0.488571
1862 7.875 0.483295
1863 7.875 0.480635
1864 7.875 0.491188
1865 7.9 0.49588
1866 8 0.498716
1867 8 0.502558
1868 7.95 0.496074
1869 7.975 0.494181
1870 7.975 0.494181
1871 8.025 0.488965
1872 8 0.502558
1873 8 0.498716
1874 7.975 0.499343
1875 7.925 0.503052
1876 7.95 0.498652
1877 7.95 0.508832
1878 7.825 0.494699
1879 7.775 0.485016
1880 7.775 0.483692
1881 7.75 0.489309
1882 7.7 0.475287
1883 7.7 0.477977
1884 7.75 0.486682
1885 7.675 0.47554
1886 7.725 0.475
1887 7.875 0.473919
1888 7.65 0.466231
1889 7.6 0.466575
1890 7.65 0.456506
1891 7.75 0.470611
1892 7.725 0.476348
1893 7.6 0.478781
1894 7.55 0.472242
1895 7.5 0.47231
1896 7.4 0.48278
1897 7.375 0.486599
1898 7.375 0.486599
1899 7.375 0.482631
1900 7.45 0.499936
1901 7.475 0.501264
1902 7.4 0.511158
1903 7.325 0.509383
1904 7.2 0.460212
1905 7.4 0.433826
1906 7.35 0.433457
1907 7.35 0.419936
1908 7.325 0.433216
1909 7.325 0.446335
1910 7.375 0.451049
1911 7.35 0.442241
1912 7.45 0.454253
1913 7.5 0.445778
1914 7.525 0.44576
1915 7.5 0.457137
1916 7.4 0.448359
1917 7.575 0.451333
1918 7.65 0.466231
1919 7.7 0.461603
1920 7.7 0.464372
1921 7.65 0.459305
1922 7.65 0.455099
1923 7.55 0.422068
1924 7.425 0.406498
1925 7.425 0.403331
1926 7.5 0.412932
1927 7.5 0.42517
1928 7.675 0.443453
1929 7.6 0.44549
1930 7.525 0.435577
1931 7.5 0.441443
1932 7.6 0.448359
1933 7.7 0.44028
1934 7.725 0.435577
1935 7.725 0.42965
1936 7.775 0.437779
1937 7.825 0.433955
1938 7.825 0.447052
1939 7.825 0.454165
1940 7.875 0.450338
1941 7.825 0.4369
1942 7.85 0.434933
1943 7.925 0.430247
1944 7.95 0.439915
1945 8 0.441443
1946 8 0.434122
1947 7.975 0.431882
1948 7.975 0.439241
1949 7.975 0.439241
1950 7.925 0.425753
1951 7.9 0.412621
1952 7.8 0.422447
1953 7.8 0.41787
1954 7.85 0.409111
1955 7.85 0.42146
1956 7.85 0.4275
1957 7.85 0.431975
1958 7.8 0.431455
1959 7.825 0.432476
1960 7.775 0.440698
1961 7.8 0.438821
1962 7.725 0.43997
1963 7.725 0.43997
1964 7.775 0.4536
1965 7.925 0.452043
1966 7.925 0.45487
1967 7.775 0.4797
1968 7.85 0.490356
1969 7.85 0.499423
1970 7.825 0.468067
1971 7.875 0.480635
1972 7.875 0.48594
1973 7.825 0.495994
1974 7.775 0.494181
1975 7.75 0.476028
1976 7.8 0.492508
1977 7.85 0.495557
1978 7.825 0.489489
1979 7.95 0.49478
1980 7.975 0.500625
1981 7.95 0.490878
1982 7.95 0.490878
1983 7.95 0.498652
1984 8.075 0.491449
1985 8.125 0.479299
1986 8.075 0.47419
1987 8.15 0.457908
1988 8.125 0.464354
1989 8.025 0.449341
1990 8.125 0.440261
1991 8.15 0.440789
1992 8 0.447214
1993 7.975 0.443598
1994 8.05 0.451422
1995 7.95 0.454253
1996 8.075 0.456277
1997 8.125 0.458799
1998 8.125 0.454588
1999 8.1 0.454042
2000 8.1 0.454042
2001 8.175 0.46532
2002 8.2 0.467124
2003 8.125 0.469844
2004 8.175 0.472157
2005 8.175 0.472157
2006 8.15 0.479784
2007 8.05 0.454253
2008 8 0.465475
2009 8.05 0.472242
2010 7.95 0.477641
2011 7.95 0.465406
2012 7.95 0.462643
2013 8.025 0.464768
2014 0.75 0.375107
2015 0.75 0.375107
2016 0.75 0.375107
